0:(6.123233995736766e-17,0.0,1.0),(90,0)
1:(6.123233995736766e-17,0.0,-1.0),(-90,0)
2:(0.8660254037844387,0.0,0.49999999999999994),(30,0)
3:(0.7006292692220368,0.5090369604551273,-0.49999999999999994),(-30,36)
4:(0.2676165673298175,0.823639103546332,0.49999999999999994),(30,72)
5:(-0.26761656732981737,0.8236391035463321,-0.49999999999999994),(-30,108)
6:(-0.7006292692220367,0.5090369604551274,0.49999999999999994),(30,144)
7:(-0.8660254037844387,1.0605752387249069e-16,-0.49999999999999994),(-30,180)
8:(-0.7006292692220367,-0.5090369604551274,0.49999999999999994),(30,-144)
9:(-0.26761656732981737,-0.8236391035463321,-0.49999999999999994),(-30,-108)
10:(0.2676165673298175,-0.823639103546332,0.49999999999999994),(30,-72)
11:(0.7006292692220368,-0.5090369604551273,-0.49999999999999994),(-30,-36)
12:(0.5000000000000001,0.0,0.8660254037844386),(59.99999999999999,0.0)
13:(0.6585239626624041,-0.47844566458485094,0.580892362352411),(35.51333115710481,-36.0)
14:(0.9510565162951536,-0.30901699437494745,0.0),(0.0,-18.0)
15:(0.9510565162951536,0.30901699437494745,0.0),(0.0,18.0)
16:(0.8139803826632649,0.0,-0.5808923623524112),(-35.513331157104815,0.0)
17:(0.40450849718747384,0.2938926261462366,-0.8660254037844387),(-60.00000000000001,36.0)
18:(0.15450849718747378,0.4755282581475768,0.8660254037844387),(60.00000000000001,72.0)
19:(0.6585239626624041,0.47844566458485094,0.580892362352411),(35.51333115710481,36.0)
20:(0.5877852522924731,0.8090169943749475,0.0),(0.0,54.0)
21:(6.739742077840185e-17,1.0,0.0),(0.0,90.0)
22:(0.2515337713307717,0.7741413470683208,-0.580892362352411),(-35.51333115710481,72.0)
23:(-0.15450849718747364,0.4755282581475769,-0.8660254037844387),(-60.00000000000001,108.0)
24:(-0.4045084971874736,0.2938926261462367,0.8660254037844387),(60.00000000000001,144.0)
25:(-0.2515337713307716,0.7741413470683208,0.580892362352411),(35.51333115710481,108.0)
26:(-0.587785252292473,0.8090169943749476,0.0),(0.0,126.0)
27:(-0.9510565162951535,0.30901699437494756,0.0),(0.0,162.0)
28:(-0.658523962662404,0.47844566458485105,-0.580892362352411),(-35.51333115710481,144.0)
29:(-0.5,6.123233995736766e-17,-0.8660254037844387),(-60.00000000000001,180.0)
30:(-0.4045084971874736,-0.2938926261462367,0.8660254037844387),(60.00000000000001,-144.0)
31:(-0.8139803826632648,0.0,0.5808923623524112),(35.513331157104815,180.0)
32:(-0.9510565162951535,-0.30901699437494745,0.0),(0.0,-162.0)
33:(-0.587785252292473,-0.8090169943749476,0.0),(0.0,-126.0)
34:(-0.6585239626624041,-0.478445664584851,-0.5808923623524112),(-35.513331157104815,-144.0)
35:(-0.15450849718747364,-0.4755282581475769,-0.8660254037844387),(-60.00000000000001,-108.0)
36:(0.15450849718747378,-0.4755282581475768,0.8660254037844387),(60.00000000000001,-72.0)
37:(-0.2515337713307716,-0.7741413470683208,0.580892362352411),(35.51333115710481,-108.0)
38:(6.739742077840185e-17,-1.0,0.0),(0.0,-90.0)
39:(0.5877852522924731,-0.8090169943749475,0.0),(0.0,-54.0)
40:(0.2515337713307717,-0.7741413470683208,-0.580892362352411),(-35.51333115710481,-72.0)
41:(0.40450849718747384,-0.2938926261462366,-0.8660254037844387),(-60.00000000000001,-36.0)
42:(0.7071067811865476,0.0,0.7071067811865475),(44.99999999999999,0.0)
43:(0.7902838430775466,-0.2480128796308745,0.5603044341318255),(34.07685400527046,-17.423296727547772)
44:(0.9514589623324287,-0.16180722815083362,0.26180959477345755),(15.17746422754784,-9.651510370476105)
45:(0.8648543723986714,0.4283487488337725,-0.2618095947734576),(-15.177464227547844,26.348489629523897)
46:(0.7851313724552957,0.26387055364075523,-0.5603044341318256),(-34.07685400527047,18.576703272452228)
47:(0.5720614028176844,0.4156269377774535,-0.7071067811865475),(-44.99999999999999,36.00000000000001)
48:(0.21850801222441057,0.6724985119639574,0.7071067811865475),(44.99999999999999,72.0)
49:(0.4800854031889748,0.6749644040518687,0.5603044341318254),(34.076854005270455,54.57670327245223)
50:(0.44790480752758033,0.8548900628023693,0.2618095947734576),(15.177464227547844,62.3484896295239)
51:(-0.1401291700945664,0.9548924294249934,-0.2618095947734576),(-15.177464227547844,98.3484896295239)
52:(-0.008336872592837196,0.8282447933114858,-0.5603044341318254),(-34.076854005270455,90.57670327245222)
53:(-0.21850801222441046,0.6724985119639575,-0.7071067811865475),(-44.99999999999999,108.0)
54:(-0.5720614028176843,0.4156269377774536,0.7071067811865475),(44.99999999999999,144.0)
55:(-0.49357474640406285,0.6651638225312467,0.5603044341318254),(34.076854005270455,126.57670327245222)
56:(-0.6746385675559041,0.6901583436072303,0.2618095947734576),(15.177464227547844,134.3484896295239)
57:(-0.9514589623324287,0.16180722815083376,-0.2618095947734576),(-15.177464227547844,170.3484896295239)
58:(-0.7902838430775465,0.24801287963087465,-0.5603044341318255),(-34.07685400527046,162.57670327245222)
59:(-0.7071067811865476,8.659560562354932e-17,-0.7071067811865475),(-44.99999999999999,180.0)
60:(-0.5720614028176843,-0.4156269377774536,0.7071067811865475),(44.99999999999999,-144.0)
61:(-0.7851313724552955,-0.2638705536407553,0.5603044341318256),(34.07685400527047,-161.42329672754778)
62:(-0.8648543723986712,-0.42834874883377255,0.2618095947734576),(15.177464227547844,-153.6515103704761)
63:(-0.4479048075275802,-0.8548900628023696,-0.2618095947734576),(-15.177464227547844,-117.6515103704761)
64:(-0.4800854031889747,-0.6749644040518689,-0.5603044341318256),(-34.07685400527047,-125.42329672754776)
65:(-0.21850801222441046,-0.6724985119639575,-0.7071067811865475),(-44.99999999999999,-108.0)
66:(0.21850801222441057,-0.6724985119639574,0.7071067811865475),(44.99999999999999,-72.0)
67:(0.008336872592837311,-0.8282447933114858,0.5603044341318254),(34.076854005270455,-89.42329672754778)
68:(0.14012917009456652,-0.9548924294249934,0.2618095947734576),(15.177464227547844,-81.6515103704761)
69:(0.6746385675559042,-0.6901583436072302,-0.2618095947734576),(-15.177464227547844,-45.65151037047612)
70:(0.49357474640406296,-0.6651638225312466,-0.5603044341318254),(-34.076854005270455,-53.42329672754778)
71:(0.5720614028176844,-0.4156269377774535,-0.7071067811865475),(-44.99999999999999,-36.00000000000001)
72:(0.25881904510252085,0.0,0.9659258262890682),(74.99999999999999,0.0)
73:(0.34237401922214167,-0.24874928544901076,0.906037429662971),(64.96337184640184,-35.99999999999999)
74:(0.6051851092690829,-0.24992853072774704,0.7558351096947257),(49.09839340504711,-22.439580349862393)
75:(0.4247086412635035,-0.49833307836112056,0.7558351096947257),(49.09839340504711,-49.56041965013759)
76:(0.4800854031889748,-0.6749644040518687,0.5603044341318254),(34.076854005270455,-54.57670327245223)
77:(0.6616323012839332,-0.6834795664216794,0.30838025258073787),(17.961644074509802,-45.930514451646644)
78:(0.8544833205240652,-0.4180429101951234,0.3083802525807378),(17.961644074509802,-26.069485548353356)
79:(0.8090169943749475,-0.5877852522924731,0.0),(0.0,-36.0)
80:(0.8648543723986714,-0.4283487488337725,-0.2618095947734576),(-15.177464227547844,-26.348489629523897)
81:(0.9514589623324287,0.16180722815083362,0.26180959477345755),(15.17746422754784,9.651510370476105)
82:(1.0,0.0,0.0),(0.0,0.0)
83:(0.9370109851520243,0.164048875408133,-0.30838025258073787),(-17.961644074509802,9.930514451646642)
84:(0.9370109851520243,-0.164048875408133,-0.30838025258073787),(-17.961644074509802,-9.930514451646642)
85:(0.7851313724552957,-0.26387055364075523,-0.5603044341318256),(-34.07685400527047,-18.576703272452228)
86:(0.6365093426302434,-0.15352245339746712,-0.7558351096947257),(-49.09839340504711,-13.5604196501376)
87:(0.6365093426302434,0.15352245339746712,-0.7558351096947257),(-49.09839340504711,13.5604196501376)
88:(0.4231975614883867,0.0,-0.906037429662971),(-64.96337184640184,0.0)
89:(0.20938900595583537,0.15213001772368215,-0.9659258262890682),(-74.99999999999999,35.99999999999999)
90:(0.07997948340457497,0.24615153938604162,0.9659258262890682),(74.99999999999999,71.99999999999999)
91:(0.34237401922214167,0.24874928544901076,0.906037429662971),(64.96337184640184,35.99999999999999)
92:(0.4247086412635035,0.49833307836112056,0.7558351096947257),(49.09839340504711,49.56041965013759)
93:(0.6051851092690829,0.24992853072774704,0.7558351096947257),(49.09839340504711,22.439580349862393)
94:(0.7902838430775466,0.2480128796308745,0.5603044341318255),(34.07685400527046,17.423296727547772)
95:(0.8544833205240652,0.4180429101951234,0.3083802525807378),(17.961644074509802,26.069485548353356)
96:(0.6616323012839332,0.6834795664216794,0.30838025258073787),(17.961644074509802,45.930514451646644)
97:(0.8090169943749475,0.5877852522924731,0.0),(0.0,36.0)
98:(0.6746385675559042,0.6901583436072302,-0.2618095947734576),(-15.177464227547844,45.65151037047612)
99:(0.14012917009456652,0.9548924294249934,0.2618095947734576),(15.177464227547844,81.6515103704761)
100:(0.3090169943749475,0.9510565162951536,0.0),(0.0,72.0)
101:(0.1335325663801904,0.9418442936781856,-0.3083802525807378),(-17.961644074509802,81.93051445164664)
102:(0.44557207027578366,0.8404565128597626,-0.3083802525807378),(-17.961644074509802,62.06948554835336)
103:(0.49357474640406296,0.6651638225312466,-0.5603044341318254),(-34.076854005270455,53.42329672754778)
104:(0.3427007336524516,0.5579153108732844,-0.7558351096947257),(-49.09839340504711,58.4395803498624)
105:(0.050683674249891314,0.6527974051091908,-0.7558351096947256),(-49.0983934050471,85.5604196501376)
106:(0.13077523847794834,0.4024847985337491,-0.906037429662971),(-64.96337184640184,71.99999999999999)
107:(-0.07997948340457485,0.24615153938604165,-0.9659258262890682),(-74.99999999999999,108.0)
108:(-0.2093890059558352,0.15213001772368218,0.9659258262890682),(74.99999999999999,144.0)
109:(-0.13077523847794814,0.4024847985337491,0.906037429662971),(64.96337184640184,108.0)
110:(-0.3427007336524514,0.5579153108732845,0.7558351096947257),(49.09839340504711,121.56041965013759)
111:(-0.05068367424989119,0.6527974051091908,0.7558351096947257),(49.09839340504711,94.43958034986241)
112:(0.008336872592837311,0.8282447933114858,0.5603044341318254),(34.076854005270455,89.42329672754778)
113:(-0.1335325663801903,0.9418442936781857,0.3083802525807378),(17.961644074509802,98.06948554835336)
114:(-0.4455720702757836,0.8404565128597627,0.3083802525807378),(17.961644074509802,117.93051445164663)
115:(-0.30901699437494734,0.9510565162951536,0.0),(0.0,108.0)
116:(-0.4479048075275802,0.8548900628023696,-0.2618095947734576),(-15.177464227547844,117.6515103704761)
117:(-0.8648543723986712,0.4283487488337726,0.2618095947734576),(15.177464227547844,153.6515103704761)
118:(-0.8090169943749473,0.5877852522924732,0.0),(0.0,144.0)
119:(-0.8544833205240652,0.41804291019512363,-0.3083802525807379),(-17.961644074509806,153.93051445164664)
120:(-0.6616323012839331,0.6834795664216795,-0.3083802525807378),(-17.961644074509802,134.06948554835336)
121:(-0.4800854031889747,0.6749644040518689,-0.5603044341318254),(-34.076854005270455,125.42329672754776)
122:(-0.4247086412635033,0.4983330783611207,-0.7558351096947257),(-49.09839340504711,130.43958034986238)
123:(-0.6051851092690826,0.24992853072774712,-0.7558351096947257),(-49.09839340504711,157.5604196501376)
124:(-0.34237401922214145,0.2487492854490108,-0.906037429662971),(-64.96337184640184,144.0)
125:(-0.2588190451025207,3.1696191514317643e-17,-0.9659258262890682),(-74.99999999999999,180.0)
126:(-0.2093890059558352,-0.15213001772368218,0.9659258262890682),(74.99999999999999,-144.0)
127:(-0.42319756148838655,0.0,0.9060374296629711),(64.96337184640184,180.0)
128:(-0.6365093426302432,-0.15352245339746715,0.7558351096947258),(49.09839340504712,-166.4395803498624)
129:(-0.6365093426302432,0.15352245339746715,0.7558351096947258),(49.09839340504712,166.4395803498624)
130:(-0.7851313724552955,0.2638705536407553,0.5603044341318256),(34.07685400527047,161.42329672754778)
131:(-0.9370109851520244,0.16404887540813312,0.308380252580738),(17.96164407450981,170.06948554835336)
132:(-0.9370109851520244,-0.16404887540813307,0.308380252580738),(17.96164407450981,-170.06948554835336)
133:(-1.0,5.836787854364518e-17,0.0),(0.0,180.0)
134:(-0.9514589623324287,-0.1618072281508336,-0.2618095947734576),(-15.177464227547844,-170.3484896295239)
135:(-0.6746385675559041,-0.6901583436072303,0.2618095947734576),(15.177464227547844,-134.3484896295239)
136:(-0.8090169943749473,-0.5877852522924731,0.0),(0.0,-144.0)
137:(-0.6616323012839331,-0.6834795664216795,-0.30838025258073787),(-17.961644074509802,-134.06948554835336)
138:(-0.8544833205240651,-0.4180429101951234,-0.30838025258073787),(-17.961644074509802,-153.93051445164664)
139:(-0.7902838430775465,-0.24801287963087446,-0.5603044341318256),(-34.07685400527047,-162.57670327245222)
140:(-0.6051851092690826,-0.24992853072774698,-0.7558351096947257),(-49.09839340504711,-157.56041965013762)
141:(-0.42470864126350333,-0.49833307836112056,-0.7558351096947257),(-49.09839340504711,-130.4395803498624)
142:(-0.34237401922214145,-0.24874928544901073,-0.906037429662971),(-64.96337184640184,-144.0)
143:(-0.07997948340457485,-0.24615153938604165,-0.9659258262890682),(-74.99999999999999,-108.0)
144:(0.07997948340457497,-0.24615153938604162,0.9659258262890682),(74.99999999999999,-71.99999999999999)
145:(-0.13077523847794814,-0.4024847985337491,0.906037429662971),(64.96337184640184,-108.0)
146:(-0.05068367424989119,-0.6527974051091908,0.7558351096947257),(49.09839340504711,-94.43958034986241)
147:(-0.3427007336524514,-0.5579153108732845,0.7558351096947257),(49.09839340504711,-121.56041965013759)
148:(-0.49357474640406285,-0.6651638225312467,0.5603044341318254),(34.076854005270455,-126.57670327245222)
149:(-0.4455720702757836,-0.8404565128597627,0.3083802525807378),(17.961644074509802,-117.93051445164663)
150:(-0.1335325663801903,-0.9418442936781857,0.3083802525807378),(17.961644074509802,-98.06948554835336)
151:(-0.30901699437494734,-0.9510565162951536,0.0),(0.0,-108.0)
152:(-0.1401291700945664,-0.9548924294249934,-0.2618095947734576),(-15.177464227547844,-98.3484896295239)
153:(0.44790480752758033,-0.8548900628023693,0.2618095947734576),(15.177464227547844,-62.3484896295239)
154:(0.3090169943749475,-0.9510565162951536,0.0),(0.0,-72.0)
155:(0.44557207027578366,-0.8404565128597626,-0.3083802525807378),(-17.961644074509802,-62.06948554835336)
156:(0.1335325663801904,-0.9418442936781856,-0.3083802525807378),(-17.961644074509802,-81.93051445164664)
157:(-0.008336872592837196,-0.8282447933114858,-0.5603044341318254),(-34.076854005270455,-90.57670327245222)
158:(0.050683674249891314,-0.6527974051091908,-0.7558351096947256),(-49.0983934050471,-85.5604196501376)
159:(0.3427007336524516,-0.5579153108732844,-0.7558351096947257),(-49.09839340504711,-58.4395803498624)
160:(0.13077523847794834,-0.4024847985337491,-0.906037429662971),(-64.96337184640184,-71.99999999999999)
161:(0.20938900595583537,-0.15213001772368215,-0.9659258262890682),(-74.99999999999999,-35.99999999999999)
162:(0.7933533402912352,0.0,0.6087614290087205),(37.49999999999999,0.0)
163:(0.8355914545348875,-0.12512001803212586,0.5349129856302908),(32.338010506047084,-8.516098955198126)
164:(0.9191666395181632,-0.08183168390433739,0.3852742715342767),(22.660768427989805,-5.087522953371315)
165:(0.791720889001934,0.4740693721510805,-0.3852742715342767),(-22.660768427989805,30.912477046628688)
166:(0.7495513884390571,0.3899241129927338,-0.5349129856302908),(-32.338010506047084,27.48390104480188)
167:(0.6418363348397399,0.46632139328016,-0.6087614290087205),(-37.49999999999999,36.00000000000001)
168:(0.24515966469412237,0.7545238640085057,0.6087614290087205),(37.49999999999999,72.0)
169:(0.3772081682741819,0.7560304858875235,0.5349129856302907),(32.33801050604708,63.483901044801875)
170:(0.3618646684902489,0.8488920410701084,0.3852742715342767),(22.660768427989805,66.9124770466287)
171:(-0.2062115560569982,0.8994668030796267,-0.3852742715342767),(-22.660768427989805,102.9124770466287)
172:(-0.13921575133734093,0.8333589097043771,-0.5349129856302905),(-32.33801050604707,99.48390104480187)
173:(-0.24515966469412226,0.7545238640085057,-0.6087614290087205),(-37.49999999999999,108.0)
174:(-0.6418363348397399,0.4663213932801601,0.6087614290087205),(37.49999999999999,144.0)
175:(-0.6024639857073533,0.5923725548417133,0.5349129856302907),(32.33801050604708,135.48390104480188)
176:(-0.6955219750634761,0.6064758180649362,0.3852742715342767),(22.660768427989805,138.91247704662868)
177:(-0.9191666395181632,0.08183168390433751,-0.3852742715342767),(-22.660768427989805,174.91247704662868)
178:(-0.8355914545348875,0.12512001803212597,-0.5349129856302908),(-32.338010506047084,171.48390104480188)
179:(-0.7933533402912352,9.715776287805219e-17,-0.6087614290087205),(-37.49999999999999,180.0)
180:(-0.6418363348397399,-0.4663213932801601,0.6087614290087205),(37.49999999999999,-144.0)
181:(-0.749551388439057,-0.3899241129927339,0.5349129856302908),(32.338010506047084,-152.51609895519812)
182:(-0.7917208890019339,-0.4740693721510806,0.3852742715342766),(22.660768427989805,-149.0875229533713)
183:(-0.36186466849024873,-0.8488920410701085,-0.3852742715342766),(-22.660768427989805,-113.0875229533713)
184:(-0.37720816827418174,-0.7560304858875235,-0.5349129856302908),(-32.338010506047084,-116.51609895519813)
185:(-0.24515966469412226,-0.7545238640085057,-0.6087614290087205),(-37.49999999999999,-108.0)
186:(0.24515966469412237,-0.7545238640085057,0.6087614290087205),(37.49999999999999,-72.0)
187:(0.13921575133734107,-0.8333589097043771,0.5349129856302907),(32.33801050604708,-80.51609895519813)
188:(0.2062115560569983,-0.8994668030796267,0.3852742715342767),(22.660768427989805,-77.0875229533713)
189:(0.6955219750634763,-0.6064758180649361,-0.3852742715342766),(-22.660768427989805,-41.08752295337132)
190:(0.6024639857073534,-0.5923725548417131,-0.5349129856302907),(-32.33801050604708,-44.516098955198125)
191:(0.6418363348397399,-0.46632139328016,-0.6087614290087205),(-37.49999999999999,-36.00000000000001)
192:(0.3826834323650899,0.0,0.9238795325112867),(67.5,0.0)
193:(0.4259155311957076,-0.12577095402871052,0.8959785864678833),(63.63440409215178,-16.451635192395674)
194:(0.5586069194653033,-0.1263243645479885,0.8197563445604011),(55.060410342813626,-12.742635300564196)
195:(0.5475112023031287,-0.49370495496188677,0.6756381433864312),(42.50372532700749,-42.04179479065334)
196:(0.5744170407557216,-0.5818838473270019,0.5757223736397309),(35.150236171596134,-45.36998203581146)
197:(0.6698894547825581,-0.5895979746899886,0.45124532863243066),(26.823611052904546,-41.3523683831246)
198:(0.9161885830541199,-0.3689334182385105,0.15648198998010077),(9.002756931251826,-21.93379993036729)
199:(0.8910065241883679,-0.4539904997395468,0.0),(0.0,-27.0)
200:(0.9183708758889081,-0.3729121443443496,-0.13240644591385559),(-7.608673837666924,-22.100021530229142)
201:(0.9621699045795029,0.2381125947990391,0.13240644591385556),(7.608673837666923,13.899978469770865)
202:(0.9876883405951378,0.15643446504023087,0.0),(0.0,9.0)
203:(0.9580657560615333,0.24004873229015414,-0.1564819899801008),(-9.002756931251827,14.066200069632712)
204:(0.8885089475759437,-0.0832436391858177,-0.4512453286324307),(-26.82361105290455,-5.352368383124588)
205:(0.8067358918359623,-0.13312005601812427,-0.5757223736397309),(-35.150236171596134,-9.36998203581146)
206:(0.7331383587842076,-0.07759668859258467,-0.6756381433864312),(-42.50372532700749,-6.0417947906533405)
207:(0.5261740895093937,0.2261423513672956,-0.8197563445604011),(-55.060410342813626,23.2573646994358)
208:(0.4184992148503911,0.14859602875117456,-0.8959785864678833),(-63.63440409215178,19.548364807604322)
209:(0.30959740024909344,0.22493567784086388,-0.9238795325112867),(-67.5,36.0)
210:(0.11825568406654857,0.3639535720290143,0.9238795325112867),(67.5,72.0)
211:(0.25123042269737006,0.3662043791413675,0.8959785864678833),(63.63440409215178,55.54836480760432)
212:(0.2927606413604253,0.4922303753560941,0.8197563445604011),(55.060410342813626,59.257364699435804)
213:(0.6387315806660344,0.36815087540464353,0.6756381433864312),(42.50372532700749,29.95820520934666)
214:(0.7309090521793242,0.36649107210538684,0.5757223736397309),(35.150236171596134,26.630017964188536)
215:(0.7677482217037171,0.45490693714010294,0.45124532863243066),(26.823611052904546,30.64763161687541)
216:(0.6339943737108066,0.7573404260403043,0.1564819899801008),(9.002756931251827,50.066200069632714)
217:(0.7071067811865475,0.7071067811865475,0.0),(0.0,45.0)
218:(0.6384527326729708,0.7581864158786263,-0.13240644591385559),(-7.608673837666924,49.899978469770865)
219:(0.07086831709561438,0.9886587959010411,0.13240644591385559),(7.608673837666924,85.89997846977086)
220:(0.15643446504023092,0.9876883405951378,0.0),(0.0,81.0)
221:(0.0677586892787547,0.9853538180973841,-0.1564819899801008),(-9.002756931251827,86.06620006963271)
222:(0.35373376994296035,0.8192985251966163,-0.45124532863243066),(-26.823611052904546,66.64763161687542)
223:(0.37589979727515477,0.7261150672580288,-0.5757223736397309),(-35.150236171596134,62.63001796418853)
224:(0.3003510484213811,0.6732773179853256,-0.6756381433864311),(-42.50372532700749,65.95820520934666)
225:(-0.05247742122000726,0.5703031262539833,-0.8197563445604011),(-55.060410342813626,95.2573646994358)
226:(-0.011999851918043255,0.4439351035286112,-0.8959785864678833),(-63.63440409215178,91.54836480760433)
227:(-0.11825568406654845,0.36395357202901435,-0.9238795325112867),(-67.5,108.0)
228:(-0.3095974002490933,0.22493567784086393,0.9238795325112868),(67.50000000000001,144.0)
229:(-0.2706465909607296,0.35209770716712874,0.8959785864678833),(63.63440409215178,127.54836480760432)
230:(-0.37767089253634195,0.43053946681317345,0.8197563445604011),(55.060410342813626,131.25736469943578)
231:(-0.15275337576357415,0.7212347089499843,0.6756381433864312),(42.50372532700749,101.95820520934666)
232:(-0.12269040382392873,0.8083877864615195,0.5757223736397308),(35.15023617159612,98.63001796418854)
233:(-0.19539495896737122,0.8707459235606841,0.45124532863243066),(26.823611052904546,102.64763161687542)
234:(-0.5243585114246384,0.8369955425857445,0.15648198998010077),(9.002756931251826,122.0662000696327)
235:(-0.4539904997395467,0.8910065241883679,0.0),(0.0,117.0)
236:(-0.5237853868867614,0.8414971191658037,-0.13240644591385559),(-7.608673837666924,121.89997846977084)
237:(-0.918370875888908,0.3729121443443497,0.13240644591385559),(7.608673837666924,157.89997846977087)
238:(-0.8910065241883678,0.4539904997395469,0.0),(0.0,153.0)
239:(-0.9161885830541199,0.36893341823851067,-0.15648198998010082),(-9.00275693125183,158.0662000696327)
240:(-0.6698894547825581,0.5895979746899888,-0.4512453286324307),(-26.82361105290455,138.6476316168754)
241:(-0.5744170407557215,0.581883847327002,-0.5757223736397309),(-35.150236171596134,134.63001796418854)
242:(-0.5475112023031284,0.4937049549618869,-0.6756381433864312),(-42.50372532700749,137.95820520934666)
243:(-0.5586069194653032,0.1263243645479886,-0.8197563445604011),(-55.060410342813626,167.25736469943578)
244:(-0.42591553119570735,0.12577095402871058,-0.8959785864678834),(-63.6344040921518,163.5483648076043)
245:(-0.3826834323650897,4.6865204053262974e-17,-0.9238795325112867),(-67.5,180.0)
246:(-0.3095974002490933,-0.22493567784086393,0.9238795325112868),(67.50000000000001,-144.0)
247:(-0.418499214850391,-0.1485960287511746,0.8959785864678834),(63.6344040921518,-160.45163519239566)
248:(-0.5261740895093935,-0.22614235136729569,0.8197563445604011),(55.060410342813626,-156.7426353005642)
249:(-0.7331383587842075,0.07759668859258469,0.6756381433864314),(42.5037253270075,173.9582052093467)
250:(-0.8067358918359623,0.13312005601812432,0.575722373639731),(35.15023617159614,170.63001796418854)
251:(-0.8885089475759436,0.08324363918581776,0.4512453286324307),(26.82361105290455,174.6476316168754)
252:(-0.9580657560615333,-0.24004873229015417,0.15648198998010085),(9.00275693125183,-165.93379993036731)
253:(-0.9876883405951378,-0.15643446504023084,0.0),(0.0,-171.0)
254:(-0.9621699045795029,-0.2381125947990391,-0.13240644591385559),(-7.608673837666924,-166.10002153022913)
255:(-0.6384527326729706,-0.7581864158786265,0.13240644591385559),(7.608673837666924,-130.10002153022913)
256:(-0.7071067811865474,-0.7071067811865476,0.0),(0.0,-135.0)
257:(-0.6339943737108066,-0.7573404260403043,-0.1564819899801008),(-9.002756931251827,-129.9337999303673)
258:(-0.7677482217037171,-0.45490693714010305,-0.4512453286324308),(-26.823611052904553,-149.3523683831246)
259:(-0.7309090521793242,-0.36649107210538684,-0.5757223736397309),(-35.150236171596134,-153.36998203581146)
260:(-0.6387315806660343,-0.36815087540464353,-0.6756381433864312),(-42.50372532700749,-150.04179479065334)
261:(-0.2927606413604252,-0.4922303753560941,-0.8197563445604011),(-55.060410342813626,-120.7426353005642)
262:(-0.25123042269736995,-0.36620437914136755,-0.8959785864678834),(-63.6344040921518,-124.45163519239567)
263:(-0.11825568406654845,-0.36395357202901435,-0.9238795325112867),(-67.5,-108.0)
264:(0.11825568406654857,-0.3639535720290143,0.9238795325112867),(67.5,-72.0)
265:(0.011999851918043423,-0.44393510352861115,0.8959785864678833),(63.63440409215178,-88.45163519239566)
266:(0.052477421220007404,-0.5703031262539832,0.8197563445604011),(55.060410342813626,-84.7426353005642)
267:(-0.30035104842138094,-0.6732773179853256,0.6756381433864311),(42.50372532700749,-114.04179479065331)
268:(-0.3758997972751546,-0.7261150672580288,0.5757223736397308),(35.15023617159612,-117.36998203581145)
269:(-0.3537337699429602,-0.8192985251966163,0.4512453286324306),(26.823611052904546,-113.35236838312457)
270:(-0.06775868927875457,-0.9853538180973841,0.15648198998010077),(9.002756931251826,-93.93379993036729)
271:(-0.15643446504023079,-0.9876883405951378,0.0),(0.0,-99.00000000000001)
272:(-0.07086831709561427,-0.9886587959010412,-0.13240644591385559),(-7.608673837666924,-94.10002153022913)
273:(0.5237853868867617,-0.8414971191658036,0.13240644591385559),(7.608673837666924,-58.10002153022913)
274:(0.4539904997395468,-0.8910065241883679,0.0),(0.0,-63.0)
275:(0.5243585114246385,-0.8369955425857445,-0.15648198998010077),(-9.002756931251826,-57.933799930367286)
276:(0.19539495896737133,-0.8707459235606841,-0.45124532863243066),(-26.823611052904546,-77.35236838312458)
277:(0.12269040382392885,-0.8083877864615195,-0.5757223736397308),(-35.15023617159612,-81.36998203581146)
278:(0.15275337576357423,-0.7212347089499842,-0.6756381433864311),(-42.50372532700749,-78.04179479065334)
279:(0.3776708925363421,-0.43053946681317334,-0.8197563445604011),(-55.060410342813626,-48.74263530056421)
280:(0.27064659096072985,-0.3520977071671287,-0.8959785864678833),(-63.63440409215178,-52.45163519239566)
281:(0.30959740024909344,-0.22493567784086388,-0.9238795325112867),(-67.5,-36.0)
282:(0.6087614290087208,0.0,0.7933533402912352),(52.5,0.0)
283:(0.662404325116237,-0.1261561859279077,0.7384477820532915),(47.599357748602856,-10.782956819305586)
284:(0.7572610263166824,-0.12542517945932308,0.6409557413577021),(39.863123697104456,-9.404523827066475)
285:(0.7041447423012335,-0.2512580630966205,0.6641156281992348),(41.61451452239442,-19.637787325969995)
286:(0.7309090521793242,-0.36649107210538684,0.5757223736397309),(35.150236171596134,-26.630017964188536)
287:(0.8324865018289507,-0.3371191173837588,0.43967820615421915),(26.08335122976884,-22.04570559120195)
288:(0.8845218593793696,-0.20812191250062623,0.4175001195414733),(24.67685989094262,-13.24046602895987)
289:(0.9118164731895747,-0.2927651194305146,0.2878876587576515),(16.731535415159687,-17.800733531707614)
290:(0.9621699045795029,-0.2381125947990391,0.13240644591385556),(7.608673837666923,-13.899978469770865)
291:(0.9183708758889081,0.3729121443443496,-0.13240644591385559),(-7.608673837666924,22.100021530229142)
292:(0.9097580421482956,0.2991003187586699,-0.2878876587576516),(-16.731535415159694,18.199266468292393)
293:(0.8379242069808099,0.35153474015868774,-0.41750011954147337),(-24.676859890942623,22.75953397104013)
294:(0.8716493730314003,0.21658819341546448,-0.4396782061542192),(-26.083351229768844,13.95429440879805)
295:(0.8067358918359623,0.13312005601812427,-0.5757223736397309),(-35.150236171596134,9.36998203581146)
296:(0.717350847029231,0.21061385198505012,-0.6641156281992348),(-41.61451452239442,16.36221267403)
297:(0.6863601102203373,0.3436357616996884,-0.6409557413577021),(-39.863123697104456,26.59547617293353)
298:(0.610049101740395,0.2872889949968699,-0.7384477820532916),(-47.599357748602856,25.217043180694418)
299:(0.4924983415880331,0.35782099013581736,-0.793353340291235),(-52.49999999999999,36.00000000000001)
300:(0.18811762708367283,0.5789665239278934,0.7933533402912352),(52.5,72.0)
301:(0.32467585630606466,0.5909995444266416,0.7384477820532916),(47.599357748602856,61.21704318069442)
302:(0.3532929605419474,0.681439521639378,0.6409557413577021),(39.863123697104456,62.59547617293352)
303:(0.45655331005058886,0.5920384341099711,0.6641156281992349),(41.61451452239444,52.362212674030005)
304:(0.5744170407557216,0.5818838473270019,0.5757223736397309),(35.150236171596134,45.36998203581146)
305:(0.5778718100083912,0.6875661758919165,0.43967820615421915),(26.08335122976884,49.95429440879804)
306:(0.47126798751188304,0.7769170703037456,0.4175001195414733),(24.67685989094262,58.759533971040135)
307:(0.560202960544927,0.7767196012279701,0.2878876587576516),(16.731535415159694,54.199266468292386)
308:(0.5237853868867617,0.8414971191658036,0.13240644591385559),(7.608673837666924,58.10002153022913)
309:(-0.07086831709561427,0.9886587959010412,-0.13240644591385559),(-7.608673837666924,94.10002153022913)
310:(-0.003330611388287399,0.9576583957564504,-0.28788765875765154),(-16.731535415159694,90.19926646829238)
311:(-0.07539658537682223,0.9055434860327642,-0.41750011954147326),(-24.676859890942616,94.75953397104014)
312:(0.06336685670259815,0.8959172486924449,-0.43967820615421904),(-26.083351229768834,85.95429440879803)
313:(0.12269040382392885,0.8083877864615195,-0.5757223736397308),(-35.15023617159612,81.36998203581146)
314:(0.021367926308890794,0.7473244570511484,-0.6641156281992348),(-41.61451452239442,88.36221267403)
315:(-0.11472009207739078,0.758956545590295,-0.6409557413577021),(-39.863123697104456,98.59547617293353)
316:(-0.08471253091070542,0.6689683552211398,-0.7384477820532916),(-47.599357748602856,97.21704318069442)
317:(-0.18811762708367272,0.5789665239278934,-0.7933533402912352),(-52.5,108.0)
318:(-0.49249834158803296,0.3578209901358174,0.7933533402912352),(52.5,144.0)
319:(-0.4617436105926121,0.49141399171927586,0.7384477820532915),(47.599357748602856,133.2170431806944)
320:(-0.5389139687156832,0.5465779651099284,0.6409557413577021),(39.863123697104456,134.5954761729335)
321:(-0.42197927901370036,0.6171579380228479,0.6641156281992348),(41.61451452239442,124.36221267402999)
322:(-0.3758997972751546,0.7261150672580288,0.5757223736397308),(35.15023617159612,117.36998203581145)
323:(-0.4753420821033431,0.7620583835997519,0.4396782061542191),(26.083351229768834,121.95429440879805)
324:(-0.5932622252872648,0.6882830683883326,0.4175001195414733),(24.67685989094262,130.75953397104013)
325:(-0.5655920029744934,0.7728042327176649,0.28788765875765154),(16.731535415159694,126.1992664682924)
326:(-0.6384527326729706,0.7581864158786265,0.13240644591385559),(7.608673837666924,130.10002153022913)
327:(-0.9621699045795029,0.23811259479903923,-0.13240644591385559),(-7.608673837666924,166.10002153022913)
328:(-0.9118164731895747,0.29276511943051475,-0.2878876587576516),(-16.731535415159694,162.1992664682924)
329:(-0.8845218593793694,0.20812191250062637,-0.4175001195414733),(-24.67685989094262,166.75953397104016)
330:(-0.8324865018289506,0.33711911738375894,-0.4396782061542192),(-26.083351229768844,157.95429440879803)
331:(-0.7309090521793241,0.36649107210538695,-0.5757223736397309),(-35.150236171596134,153.36998203581146)
332:(-0.7041447423012334,0.25125806309662063,-0.6641156281992348),(-41.61451452239442,160.36221267403002)
333:(-0.7572610263166822,0.1254251794593232,-0.6409557413577021),(-39.863123697104456,170.59547617293353)
334:(-0.662404325116237,0.12615618592790778,-0.7384477820532916),(-47.599357748602856,169.21704318069442)
335:(-0.6087614290087205,7.455177354798983e-17,-0.7933533402912352),(-52.5,180.0)
336:(-0.49249834158803296,-0.3578209901358174,0.7933533402912352),(52.5,-144.0)
337:(-0.6100491017403947,-0.28728899499686994,0.7384477820532918),(47.59935774860288,-154.78295681930555)
338:(-0.6863601102203372,-0.3436357616996884,0.6409557413577021),(39.863123697104456,-153.40452382706647)
339:(-0.7173508470292308,-0.2106138519850502,0.664115628199235),(41.61451452239444,-163.63778732596998)
340:(-0.8067358918359623,-0.13312005601812432,0.575722373639731),(35.15023617159614,-170.63001796418854)
341:(-0.8716493730314002,-0.2165881934154645,0.4396782061542192),(26.083351229768844,-166.04570559120194)
342:(-0.8379242069808099,-0.3515347401586878,0.4175001195414734),(24.676859890942623,-157.24046602895987)
343:(-0.9097580421482956,-0.2991003187586699,0.2878876587576516),(16.731535415159694,-161.8007335317076)
344:(-0.9183708758889081,-0.3729121443443496,0.13240644591385559),(7.608673837666924,-157.89997846977087)
345:(-0.5237853868867614,-0.8414971191658037,-0.13240644591385559),(-7.608673837666924,-121.89997846977084)
346:(-0.5602029605449268,-0.7767196012279702,-0.28788765875765154),(-16.731535415159694,-125.8007335317076)
347:(-0.47126798751188287,-0.7769170703037457,-0.41750011954147337),(-24.676859890942623,-121.24046602895987)
348:(-0.5778718100083909,-0.6875661758919166,-0.43967820615421915),(-26.08335122976884,-130.04570559120197)
349:(-0.5744170407557215,-0.581883847327002,-0.5757223736397309),(-35.150236171596134,-134.63001796418854)
350:(-0.45655331005058875,-0.5920384341099711,-0.664115628199235),(-41.61451452239444,-127.63778732597)
351:(-0.35329296054194725,-0.6814395216393782,-0.6409557413577021),(-39.863123697104456,-117.40452382706647)
352:(-0.32467585630606455,-0.5909995444266417,-0.7384477820532916),(-47.599357748602856,-118.78295681930555)
353:(-0.18811762708367272,-0.5789665239278934,-0.7933533402912352),(-52.5,-108.0)
354:(0.18811762708367283,-0.5789665239278934,0.7933533402912352),(52.5,-72.0)
355:(0.08471253091070555,-0.6689683552211398,0.7384477820532916),(47.599357748602856,-82.78295681930557)
356:(0.11472009207739091,-0.7589565455902949,0.6409557413577021),(39.863123697104456,-81.40452382706648)
357:(-0.021367926308890676,-0.7473244570511484,0.6641156281992348),(41.61451452239442,-91.63778732596998)
358:(-0.12269040382392873,-0.8083877864615195,0.5757223736397308),(35.15023617159612,-98.63001796418854)
359:(-0.06336685670259805,-0.895917248692445,0.4396782061542191),(26.083351229768834,-94.04570559120195)
360:(0.07539658537682234,-0.9055434860327642,0.41750011954147326),(24.676859890942616,-85.24046602895986)
361:(0.003330611388287511,-0.9576583957564504,0.2878876587576515),(16.731535415159687,-89.8007335317076)
362:(0.07086831709561438,-0.9886587959010411,0.13240644591385559),(7.608673837666924,-85.89997846977086)
363:(0.6384527326729708,-0.7581864158786263,-0.13240644591385559),(-7.608673837666924,-49.899978469770865)
364:(0.5655920029744935,-0.7728042327176647,-0.28788765875765154),(-16.731535415159694,-53.80073353170762)
365:(0.5932622252872648,-0.6882830683883326,-0.4175001195414733),(-24.67685989094262,-49.24046602895988)
366:(0.4753420821033433,-0.7620583835997518,-0.43967820615421915),(-26.08335122976884,-58.04570559120195)
367:(0.37589979727515477,-0.7261150672580288,-0.5757223736397309),(-35.150236171596134,-62.63001796418853)
368:(0.4219792790137005,-0.6171579380228478,-0.6641156281992348),(-41.61451452239442,-55.637787325969995)
369:(0.5389139687156834,-0.5465779651099283,-0.6409557413577021),(-39.863123697104456,-45.404523827066484)
370:(0.4617436105926122,-0.49141399171927574,-0.7384477820532915),(-47.599357748602856,-46.78295681930559)
371:(0.4924983415880331,-0.35782099013581736,-0.793353340291235),(-52.49999999999999,-36.00000000000001)
372:(0.13052619222005166,0.0,0.9914448613738104),(82.49999999999999,0.0)
373:(0.17139420890413845,-0.12452518182269165,0.9773011328378526),(77.76892409236366,-35.99999999999999)
374:(0.3033561354657298,-0.12551645454932112,0.9445743351969003),(70.8345196991073,-22.47778593506162)
375:(0.2131154432082156,-0.24972211186336665,0.9445743351969003),(70.8345196991073,-49.52221406493837)
376:(0.25123042269737006,-0.3662043791413675,0.8959785864678833),(63.63440409215178,-55.54836480760432)
377:(0.3880113504474305,-0.37789465439605296,0.8406204982647336),(57.205700820375675,-44.24323575527593)
378:(0.4793012748351006,-0.2522448529476834,0.8406204982647335),(57.20570082037567,-27.756764244724064)
379:(0.5211247257550246,-0.37861927565615594,0.7649029116877241),(49.89835538275209,-36.0)
380:(0.6387315806660344,-0.36815087540464353,0.6756381433864312),(42.50372532700749,-29.95820520934666)
381:(0.2927606413604253,-0.4922303753560941,0.8197563445604011),(55.060410342813626,-59.257364699435804)
382:(0.32467585630606466,-0.5909995444266416,0.7384477820532916),(47.599357748602856,-61.21704318069442)
383:(0.45655331005058886,-0.5920384341099711,0.6641156281992349),(41.61451452239444,-52.362212674030005)
384:(0.3532929605419474,-0.681439521639378,0.6409557413577021),(39.863123697104456,-62.59547617293352)
385:(0.3772081682741819,-0.7560304858875235,0.5349129856302907),(32.33801050604708,-63.483901044801875)
386:(0.47126798751188304,-0.7769170703037456,0.4175001195414733),(24.67685989094262,-58.759533971040135)
387:(0.5778718100083912,-0.6875661758919165,0.43967820615421915),(26.08335122976884,-49.95429440879804)
388:(0.560202960544927,-0.7767196012279701,0.2878876587576516),(16.731535415159694,-54.199266468292386)
389:(0.6339943737108066,-0.7573404260403043,0.1564819899801008),(9.002756931251827,-50.066200069632714)
390:(0.7677482217037171,-0.45490693714010294,0.45124532863243066),(26.823611052904546,-30.64763161687541)
391:(0.7684688641927663,-0.5583253112840207,0.3126155011285931),(18.216923635361827,-36.0)
392:(0.8451656694521906,-0.5110257116809163,0.1566770984555283),(9.014075433205008,-31.159071528918094)
393:(0.7471848880115102,-0.6458846878095065,0.15667709845552832),(9.01407543320501,-40.8409284710819)
394:(0.7071067811865475,-0.7071067811865475,0.0),(0.0,-45.0)
395:(0.7509973071448637,-0.6468699500271419,-0.13252287505576604),(-7.615404044522815,-40.73989599689037)
396:(0.8472808118064187,-0.5143470749713758,-0.13252287505576607),(-7.615404044522816,-31.260104003109635)
397:(0.7800253430929882,-0.5667215846790286,-0.2653056908389956),(-15.38511778312205,-36.0)
398:(0.791720889001934,-0.4740693721510805,-0.3852742715342767),(-22.660768427989805,-30.912477046628688)
399:(0.9191666395181632,0.08183168390433739,0.3852742715342767),(22.660768427989805,5.087522953371315)
400:(0.9641643482355294,0.0,0.2653056908389955),(15.385117783122046,0.0)
401:(0.98779020098714,0.08190364107131905,0.13252287505576604),(7.615404044522815,4.739895996890365)
402:(0.98779020098714,-0.08190364107131905,0.13252287505576604),(7.615404044522815,-4.739895996890365)
403:(0.9876883405951378,-0.15643446504023087,0.0),(0.0,-9.0)
404:(0.9841267665174096,-0.08334743093547944,-0.15667709845552832),(-9.01407543320501,-4.840928471081905)
405:(0.9841267665174096,0.08334743093547944,-0.15667709845552832),(-9.01407543320501,4.840928471081905)
406:(0.9498797547343131,0.0,-0.3126155011285931),(-18.216923635361827,0.0)
407:(0.8885089475759437,0.0832436391858177,-0.4512453286324307),(-26.82361105290455,5.352368383124588)
408:(0.9580657560615333,-0.24004873229015414,-0.1564819899801008),(-9.002756931251827,-14.066200069632712)
409:(0.9097580421482956,-0.2991003187586699,-0.2878876587576516),(-16.731535415159694,-18.199266468292393)
410:(0.8716493730314003,-0.21658819341546448,-0.4396782061542192),(-26.083351229768844,-13.95429440879805)
411:(0.8379242069808099,-0.35153474015868774,-0.41750011954147337),(-24.676859890942623,-22.75953397104013)
412:(0.7495513884390571,-0.3899241129927338,-0.5349129856302908),(-32.338010506047084,-27.48390104480188)
413:(0.6863601102203373,-0.3436357616996884,-0.6409557413577021),(-39.863123697104456,-26.59547617293353)
414:(0.717350847029231,-0.21061385198505012,-0.6641156281992348),(-41.61451452239442,-16.36221267403)
415:(0.610049101740395,-0.2872889949968699,-0.7384477820532916),(-47.599357748602856,-25.217043180694418)
416:(0.5261740895093937,-0.2261423513672956,-0.8197563445604011),(-55.060410342813626,-23.2573646994358)
417:(0.7331383587842076,0.07759668859258467,-0.6756381433864312),(-42.50372532700749,6.0417947906533405)
418:(0.6441455857891458,0.0,-0.7649029116877241),(-49.89835538275209,0.0)
419:(0.5360286812965055,0.07765584797476813,-0.8406204982647336),(-57.205700820375675,8.243235755275935)
420:(0.5360286812965055,-0.07765584797476813,-0.8406204982647336),(-57.205700820375675,-8.243235755275935)
421:(0.4184992148503911,-0.14859602875117456,-0.8959785864678833),(-63.63440409215178,-19.548364807604322)
422:(0.31919698984381356,-0.07676331781510211,-0.9445743351969003),(-70.8345196991073,-13.522214064938373)
423:(0.31919698984381356,0.07676331781510211,-0.9445743351969003),(-70.8345196991073,13.522214064938373)
424:(0.2118548931553149,0.0,-0.9773011328378526),(-77.76892409236366,0.0)
425:(0.10559790771707285,0.07672137082483887,-0.9914448613738104),(-82.49999999999999,35.999999999999986)
426:(0.04033481160704704,0.12413778565807385,0.9914448613738104),(82.49999999999999,71.99999999999997)
427:(0.17139420890413845,0.12452518182269165,0.9773011328378526),(77.76892409236366,35.99999999999999)
428:(0.2131154432082156,0.24972211186336665,0.9445743351969003),(70.8345196991073,49.52221406493837)
429:(0.3033561354657298,0.12551645454932112,0.9445743351969003),(70.8345196991073,22.47778593506162)
430:(0.4259155311957076,0.12577095402871052,0.8959785864678833),(63.63440409215178,16.451635192395674)
431:(0.4793012748351006,0.2522448529476834,0.8406204982647335),(57.20570082037567,27.756764244724064)
432:(0.3880113504474305,0.37789465439605296,0.8406204982647336),(57.205700820375675,44.24323575527593)
433:(0.5211247257550246,0.37861927565615594,0.7649029116877241),(49.89835538275209,36.0)
434:(0.5475112023031287,0.49370495496188677,0.6756381433864312),(42.50372532700749,42.04179479065334)
435:(0.5586069194653033,0.1263243645479885,0.8197563445604011),(55.060410342813626,12.742635300564196)
436:(0.662404325116237,0.1261561859279077,0.7384477820532915),(47.599357748602856,10.782956819305586)
437:(0.7041447423012335,0.2512580630966205,0.6641156281992348),(41.61451452239442,19.637787325969995)
438:(0.7572610263166824,0.12542517945932308,0.6409557413577021),(39.863123697104456,9.404523827066475)
439:(0.8355914545348875,0.12512001803212586,0.5349129856302908),(32.338010506047084,8.516098955198126)
440:(0.8845218593793696,0.20812191250062623,0.4175001195414733),(24.67685989094262,13.24046602895987)
441:(0.8324865018289507,0.3371191173837588,0.43967820615421915),(26.08335122976884,22.04570559120195)
442:(0.9118164731895747,0.2927651194305146,0.2878876587576515),(16.731535415159687,17.800733531707614)
443:(0.9161885830541199,0.3689334182385105,0.15648198998010077),(9.002756931251826,21.93379993036729)
444:(0.6698894547825581,0.5895979746899886,0.45124532863243066),(26.823611052904546,41.3523683831246)
445:(0.7684688641927663,0.5583253112840207,0.3126155011285931),(18.216923635361827,36.0)
446:(0.7471848880115102,0.6458846878095065,0.15667709845552832),(9.01407543320501,40.8409284710819)
447:(0.8451656694521906,0.5110257116809163,0.1566770984555283),(9.014075433205008,31.159071528918094)
448:(0.8910065241883679,0.4539904997395468,0.0),(0.0,27.0)
449:(0.8472808118064187,0.5143470749713758,-0.13252287505576607),(-7.615404044522816,31.260104003109635)
450:(0.7509973071448637,0.6468699500271419,-0.13252287505576604),(-7.615404044522815,40.73989599689037)
451:(0.7800253430929882,0.5667215846790286,-0.2653056908389956),(-15.38511778312205,36.0)
452:(0.6955219750634763,0.6064758180649361,-0.3852742715342766),(-22.660768427989805,41.08752295337132)
453:(0.2062115560569983,0.8994668030796267,0.3852742715342767),(22.660768427989805,77.0875229533713)
454:(0.29794316897522344,0.91697478616887,0.2653056908389956),(15.38511778312205,72.0)
455:(0.22734896743289393,0.9647539243735425,0.13252287505576607),(7.615404044522816,76.73989599689037)
456:(0.38313895053124863,0.9141346903890955,0.13252287505576607),(7.615404044522816,67.26010400310963)
457:(0.4539904997395468,0.8910065241883679,0.0),(0.0,63.0)
458:(0.3833800127807936,0.9102044015603064,-0.1566770984555283),(-9.014075433205008,67.1590715289181)
459:(0.22484377816549767,0.961715946753417,-0.15667709845552832),(-9.01407543320501,76.8409284710819)
460:(0.29352898682560963,0.9033893304369106,-0.31261550112859304),(-18.216923635361823,72.0)
461:(0.19539495896737133,0.8707459235606841,-0.45124532863243066),(-26.823611052904546,77.35236838312458)
462:(0.5243585114246385,0.8369955425857445,-0.15648198998010077),(-9.002756931251826,57.933799930367286)
463:(0.5655920029744935,0.7728042327176647,-0.28788765875765154),(-16.731535415159694,53.80073353170762)
464:(0.4753420821033433,0.7620583835997518,-0.43967820615421915),(-26.08335122976884,58.04570559120195)
465:(0.5932622252872648,0.6882830683883326,-0.4175001195414733),(-24.67685989094262,49.24046602895988)
466:(0.6024639857073534,0.5923725548417131,-0.5349129856302907),(-32.33801050604708,44.516098955198125)
467:(0.5389139687156834,0.5465779651099283,-0.6409557413577021),(-39.863123697104456,45.404523827066484)
468:(0.4219792790137005,0.6171579380228478,-0.6641156281992348),(-41.61451452239442,55.637787325969995)
469:(0.4617436105926122,0.49141399171927574,-0.7384477820532915),(-47.599357748602856,46.78295681930559)
470:(0.3776708925363421,0.43053946681317334,-0.8197563445604011),(-55.060410342813626,48.74263530056421)
471:(0.15275337576357423,0.7212347089499842,-0.6756381433864311),(-42.50372532700749,78.04179479065334)
472:(0.19905193286045172,0.612618856807526,-0.764902911687724),(-49.89835538275208,72.0)
473:(0.09178687174818377,0.5337905470049404,-0.8406204982647336),(-57.205700820375675,80.24323575527593)
474:(0.23949707223784186,0.485796593531339,-0.8406204982647336),(-57.205700820375675,63.75676424472406)
475:(0.27064659096072985,0.3520977071671287,-0.8959785864678833),(-63.63440409215178,52.45163519239566)
476:(0.17164354803555462,0.27985320742328507,-0.9445743351969003),(-70.8345196991073,58.477785935061625)
477:(0.02563104079457723,0.32729554692222845,-0.9445743351969003),(-70.8345196991073,85.52221406493837)
478:(0.06546676232648108,0.20148597664437568,-0.9773011328378526),(-77.76892409236366,71.99999999999999)
479:(-0.040334811607046925,0.12413778565807386,-0.9914448613738104),(-82.49999999999999,107.99999999999997)
480:(-0.10559790771707271,0.07672137082483889,0.9914448613738104),(82.49999999999999,143.99999999999997)
481:(-0.06546676232648092,0.20148597664437568,0.9773011328378526),(77.76892409236366,108.0)
482:(-0.17164354803555446,0.27985320742328507,0.9445743351969003),(70.8345196991073,121.52221406493835)
483:(-0.025631040794577068,0.32729554692222845,0.9445743351969003),(70.8345196991073,94.47778593506162)
484:(0.011999851918043423,0.44393510352861115,0.8959785864678833),(63.63440409215178,88.45163519239566)
485:(-0.0917868717481836,0.5337905470049404,0.8406204982647336),(57.205700820375675,99.75676424472407)
486:(-0.23949707223784164,0.4857965935313391,0.8406204982647336),(57.205700820375675,116.24323575527592)
487:(-0.19905193286045156,0.612618856807526,0.7649029116877241),(49.89835538275209,108.0)
488:(-0.30035104842138094,0.6732773179853256,0.6756381433864311),(42.50372532700749,114.04179479065331)
489:(0.052477421220007404,0.5703031262539832,0.8197563445604011),(55.060410342813626,84.7426353005642)
490:(0.08471253091070555,0.6689683552211398,0.7384477820532916),(47.599357748602856,82.78295681930557)
491:(-0.021367926308890676,0.7473244570511484,0.6641156281992348),(41.61451452239442,91.63778732596998)
492:(0.11472009207739091,0.7589565455902949,0.6409557413577021),(39.863123697104456,81.40452382706648)
493:(0.13921575133734107,0.8333589097043771,0.5349129856302907),(32.33801050604708,80.51609895519813)
494:(0.07539658537682234,0.9055434860327642,0.41750011954147326),(24.676859890942616,85.24046602895986)
495:(-0.06336685670259805,0.895917248692445,0.4396782061542191),(26.083351229768834,94.04570559120195)
496:(0.003330611388287511,0.9576583957564504,0.2878876587576515),(16.731535415159687,89.8007335317076)
497:(-0.06775868927875457,0.9853538180973841,0.15648198998010077),(9.002756931251826,93.93379993036729)
498:(-0.3537337699429602,0.8192985251966163,0.4512453286324306),(26.823611052904546,113.35236838312457)
499:(-0.2935289868256095,0.9033893304369107,0.312615501128593),(18.216923635361823,108.0)
500:(-0.3833800127807935,0.9102044015603064,0.1566770984555283),(9.014075433205008,112.8409284710819)
501:(-0.2248437781654975,0.961715946753417,0.1566770984555283),(9.014075433205008,103.1590715289181)
502:(-0.15643446504023079,0.9876883405951378,0.0),(0.0,99.00000000000001)
503:(-0.22734896743289376,0.9647539243735425,-0.13252287505576607),(-7.615404044522816,103.26010400310963)
504:(-0.3831389505312484,0.9141346903890955,-0.13252287505576604),(-7.615404044522815,112.73989599689037)
505:(-0.29794316897522327,0.91697478616887,-0.2653056908389955),(-15.385117783122046,108.0)
506:(-0.36186466849024873,0.8488920410701085,-0.3852742715342766),(-22.660768427989805,113.0875229533713)
507:(-0.7917208890019339,0.4740693721510806,0.3852742715342766),(22.660768427989805,149.0875229533713)
508:(-0.780025343092988,0.5667215846790288,0.2653056908389955),(15.385117783122046,144.0)
509:(-0.8472808118064186,0.5143470749713759,0.13252287505576607),(7.615404044522816,148.73989599689037)
510:(-0.7509973071448637,0.646869950027142,0.13252287505576607),(7.615404044522816,139.26010400310963)
511:(-0.7071067811865474,0.7071067811865476,0.0),(0.0,135.0)
512:(-0.74718488801151,0.6458846878095067,-0.1566770984555283),(-9.014075433205008,139.15907152891808)
513:(-0.8451656694521905,0.5110257116809165,-0.15667709845552832),(-9.01407543320501,148.84092847108187)
514:(-0.7684688641927662,0.5583253112840209,-0.3126155011285931),(-18.216923635361827,144.0)
515:(-0.767748221703717,0.4549069371401031,-0.45124532863243066),(-26.823611052904546,149.35236838312457)
516:(-0.6339943737108066,0.7573404260403043,-0.15648198998010077),(-9.002756931251826,129.9337999303673)
517:(-0.5602029605449268,0.7767196012279702,-0.2878876587576515),(-16.731535415159687,125.8007335317076)
518:(-0.5778718100083909,0.6875661758919166,-0.4396782061542191),(-26.083351229768834,130.04570559120197)
519:(-0.47126798751188287,0.7769170703037457,-0.41750011954147326),(-24.676859890942616,121.24046602895987)
520:(-0.37720816827418174,0.7560304858875235,-0.5349129856302907),(-32.33801050604708,116.51609895519813)
521:(-0.35329296054194725,0.6814395216393782,-0.6409557413577021),(-39.863123697104456,117.40452382706647)
522:(-0.45655331005058875,0.5920384341099713,-0.6641156281992348),(-41.61451452239442,127.63778732597)
523:(-0.32467585630606455,0.5909995444266417,-0.7384477820532916),(-47.599357748602856,118.78295681930555)
524:(-0.2927606413604251,0.49223037535609415,-0.8197563445604011),(-55.060410342813626,120.74263530056419)
525:(-0.6387315806660342,0.3681508754046437,-0.6756381433864314),(-42.5037253270075,150.0417947906533)
526:(-0.5211247257550244,0.3786192756561561,-0.7649029116877241),(-49.89835538275209,144.0)
527:(-0.47930127483510043,0.25224485294768345,-0.8406204982647336),(-57.205700820375675,152.24323575527592)
528:(-0.3880113504474303,0.377894654396053,-0.8406204982647336),(-57.205700820375675,135.75676424472405)
529:(-0.2512304226973699,0.36620437914136755,-0.8959785864678833),(-63.63440409215178,124.45163519239567)
530:(-0.2131154432082154,0.24972211186336668,-0.9445743351969003),(-70.8345196991073,130.4777859350616)
531:(-0.3033561354657296,0.12551645454932114,-0.9445743351969003),(-70.8345196991073,157.5222140649384)
532:(-0.1713942089041383,0.12452518182269168,-0.9773011328378526),(-77.76892409236366,143.99999999999997)
533:(-0.13052619222005152,1.598484835071783e-17,-0.9914448613738104),(-82.49999999999999,180.0)
534:(-0.10559790771707271,-0.07672137082483889,0.9914448613738104),(82.49999999999999,-143.99999999999997)
535:(-0.21185489315531472,0.0,0.9773011328378527),(77.76892409236369,180.0)
536:(-0.31919698984381334,-0.07676331781510212,0.9445743351969003),(70.8345196991073,-166.47778593506163)
537:(-0.31919698984381334,0.07676331781510212,0.9445743351969003),(70.8345196991073,166.47778593506163)
538:(-0.418499214850391,0.1485960287511746,0.8959785864678834),(63.6344040921518,160.45163519239566)
539:(-0.5360286812965054,0.07765584797476814,0.8406204982647337),(57.20570082037569,171.75676424472408)
540:(-0.5360286812965054,-0.07765584797476814,0.8406204982647337),(57.20570082037569,-171.75676424472408)
541:(-0.6441455857891456,0.0,0.7649029116877242),(49.8983553827521,180.0)
542:(-0.7331383587842075,-0.07759668859258469,0.6756381433864314),(42.5037253270075,-173.9582052093467)
543:(-0.5261740895093935,0.22614235136729569,0.8197563445604011),(55.060410342813626,156.7426353005642)
544:(-0.6100491017403947,0.28728899499686994,0.7384477820532918),(47.59935774860288,154.78295681930555)
545:(-0.7173508470292308,0.2106138519850502,0.664115628199235),(41.61451452239444,163.63778732596998)
546:(-0.6863601102203372,0.3436357616996884,0.6409557413577021),(39.863123697104456,153.40452382706647)
547:(-0.749551388439057,0.3899241129927339,0.5349129856302908),(32.338010506047084,152.51609895519812)
548:(-0.8379242069808099,0.35153474015868785,0.4175001195414734),(24.676859890942623,157.24046602895987)
549:(-0.8716493730314002,0.21658819341546454,0.4396782061542192),(26.083351229768844,166.04570559120194)
550:(-0.9097580421482956,0.29910031875867,0.2878876587576516),(16.731535415159694,161.8007335317076)
551:(-0.9580657560615333,0.24004873229015428,0.15648198998010085),(9.00275693125183,165.93379993036731)
552:(-0.8885089475759436,-0.08324363918581773,0.4512453286324307),(26.82361105290455,-174.6476316168754)
553:(-0.949879754734313,2.813676656523487e-17,0.31261550112859315),(18.21692363536183,180.0)
554:(-0.9841267665174096,-0.08334743093547944,0.15667709845552838),(9.014075433205013,-175.1590715289181)
555:(-0.9841267665174096,0.08334743093547953,0.15667709845552838),(9.014075433205013,175.15907152891808)
556:(-0.9876883405951378,0.15643446504023095,0.0),(0.0,171.0)
557:(-0.98779020098714,0.08190364107131914,-0.13252287505576607),(-7.615404044522816,175.26010400310963)
558:(-0.98779020098714,-0.081903641071319,-0.13252287505576607),(-7.615404044522816,-175.26010400310963)
559:(-0.9641643482355294,8.437863596683905e-17,-0.2653056908389956),(-15.38511778312205,180.0)
560:(-0.9191666395181632,-0.08183168390433732,-0.3852742715342767),(-22.660768427989805,-174.91247704662868)
561:(-0.6955219750634761,-0.6064758180649362,0.3852742715342767),(22.660768427989805,-138.91247704662868)
562:(-0.7800253430929881,-0.5667215846790287,0.2653056908389956),(15.38511778312205,-144.0)
563:(-0.7509973071448637,-0.646869950027142,0.13252287505576607),(7.615404044522816,-139.26010400310963)
564:(-0.8472808118064187,-0.5143470749713758,0.13252287505576607),(7.615404044522816,-148.73989599689037)
565:(-0.8910065241883679,-0.45399049973954686,0.0),(0.0,-153.0)
566:(-0.8451656694521906,-0.5110257116809164,-0.15667709845552835),(-9.014075433205011,-148.84092847108192)
567:(-0.7471848880115101,-0.6458846878095066,-0.15667709845552835),(-9.014075433205011,-139.15907152891808)
568:(-0.768468864192766,-0.5583253112840209,-0.31261550112859315),(-18.21692363536183,-144.0)
569:(-0.6698894547825581,-0.5895979746899888,-0.4512453286324308),(-26.823611052904553,-138.6476316168754)
570:(-0.9161885830541199,-0.3689334182385105,-0.15648198998010082),(-9.00275693125183,-158.0662000696327)
571:(-0.9118164731895747,-0.2927651194305146,-0.2878876587576516),(-16.731535415159694,-162.1992664682924)
572:(-0.8324865018289506,-0.33711911738375877,-0.4396782061542192),(-26.083351229768844,-157.95429440879803)
573:(-0.8845218593793694,-0.2081219125006262,-0.4175001195414734),(-24.676859890942623,-166.75953397104016)
574:(-0.8355914545348875,-0.12512001803212577,-0.5349129856302908),(-32.338010506047084,-171.48390104480188)
575:(-0.7572610263166822,-0.12542517945932302,-0.6409557413577021),(-39.863123697104456,-170.59547617293353)
576:(-0.7041447423012334,-0.25125806309662047,-0.6641156281992349),(-41.61451452239444,-160.36221267403002)
577:(-0.662404325116237,-0.12615618592790764,-0.7384477820532916),(-47.599357748602856,-169.21704318069442)
578:(-0.5586069194653032,-0.12632436454798848,-0.8197563445604011),(-55.060410342813626,-167.2573646994358)
579:(-0.5475112023031286,-0.49370495496188677,-0.6756381433864312),(-42.50372532700749,-137.95820520934666)
580:(-0.5211247257550246,-0.37861927565615594,-0.7649029116877241),(-49.89835538275209,-144.0)
581:(-0.3880113504474304,-0.3778946543960529,-0.8406204982647337),(-57.20570082037569,-135.75676424472408)
582:(-0.47930127483510043,-0.2522448529476834,-0.8406204982647336),(-57.205700820375675,-152.24323575527592)
583:(-0.42591553119570735,-0.1257709540287105,-0.8959785864678834),(-63.6344040921518,-163.54836480760434)
584:(-0.3033561354657296,-0.1255164545493211,-0.9445743351969003),(-70.8345196991073,-157.5222140649384)
585:(-0.2131154432082154,-0.24972211186336665,-0.9445743351969003),(-70.8345196991073,-130.4777859350616)
586:(-0.17139420890413834,-0.12452518182269166,-0.9773011328378527),(-77.76892409236369,-144.0)
587:(-0.040334811607046925,-0.12413778565807386,-0.9914448613738104),(-82.49999999999999,-107.99999999999997)
588:(0.04033481160704704,-0.12413778565807385,0.9914448613738104),(82.49999999999999,-71.99999999999997)
589:(-0.06546676232648092,-0.20148597664437568,0.9773011328378526),(77.76892409236366,-108.0)
590:(-0.025631040794577068,-0.32729554692222845,0.9445743351969003),(70.8345196991073,-94.47778593506162)
591:(-0.17164354803555446,-0.27985320742328507,0.9445743351969003),(70.8345196991073,-121.52221406493835)
592:(-0.2706465909607296,-0.35209770716712874,0.8959785864678833),(63.63440409215178,-127.54836480760432)
593:(-0.23949707223784164,-0.4857965935313391,0.8406204982647336),(57.205700820375675,-116.24323575527592)
594:(-0.0917868717481836,-0.5337905470049404,0.8406204982647336),(57.205700820375675,-99.75676424472407)
595:(-0.19905193286045156,-0.612618856807526,0.7649029116877241),(49.89835538275209,-108.0)
596:(-0.15275337576357415,-0.7212347089499843,0.6756381433864312),(42.50372532700749,-101.95820520934666)
597:(-0.37767089253634195,-0.43053946681317345,0.8197563445604011),(55.060410342813626,-131.25736469943578)
598:(-0.4617436105926121,-0.49141399171927586,0.7384477820532915),(47.599357748602856,-133.2170431806944)
599:(-0.42197927901370036,-0.6171579380228479,0.6641156281992348),(41.61451452239442,-124.36221267402999)
600:(-0.5389139687156832,-0.5465779651099284,0.6409557413577021),(39.863123697104456,-134.5954761729335)
601:(-0.6024639857073533,-0.5923725548417133,0.5349129856302907),(32.33801050604708,-135.48390104480188)
602:(-0.5932622252872648,-0.6882830683883326,0.4175001195414733),(24.67685989094262,-130.75953397104013)
603:(-0.4753420821033431,-0.7620583835997519,0.4396782061542191),(26.083351229768834,-121.95429440879805)
604:(-0.5655920029744934,-0.7728042327176649,0.28788765875765154),(16.731535415159694,-126.1992664682924)
605:(-0.5243585114246384,-0.8369955425857445,0.15648198998010077),(9.002756931251826,-122.0662000696327)
606:(-0.19539495896737122,-0.8707459235606841,0.45124532863243066),(26.823611052904546,-102.64763161687542)
607:(-0.2935289868256095,-0.9033893304369107,0.312615501128593),(18.216923635361823,-108.0)
608:(-0.2248437781654975,-0.961715946753417,0.1566770984555283),(9.014075433205008,-103.1590715289181)
609:(-0.3833800127807935,-0.9102044015603064,0.1566770984555283),(9.014075433205008,-112.8409284710819)
610:(-0.4539904997395467,-0.8910065241883679,0.0),(0.0,-117.0)
611:(-0.3831389505312484,-0.9141346903890955,-0.13252287505576604),(-7.615404044522815,-112.73989599689037)
612:(-0.22734896743289376,-0.9647539243735425,-0.13252287505576607),(-7.615404044522816,-103.26010400310963)
613:(-0.29794316897522327,-0.91697478616887,-0.2653056908389955),(-15.385117783122046,-108.0)
614:(-0.2062115560569982,-0.8994668030796267,-0.3852742715342767),(-22.660768427989805,-102.9124770466287)
615:(0.3618646684902489,-0.8488920410701084,0.3852742715342767),(22.660768427989805,-66.9124770466287)
616:(0.29794316897522344,-0.91697478616887,0.2653056908389956),(15.38511778312205,-72.0)
617:(0.38313895053124863,-0.9141346903890955,0.13252287505576607),(7.615404044522816,-67.26010400310963)
618:(0.22734896743289393,-0.9647539243735425,0.13252287505576607),(7.615404044522816,-76.73989599689037)
619:(0.15643446504023092,-0.9876883405951378,0.0),(0.0,-81.0)
620:(0.22484377816549767,-0.961715946753417,-0.15667709845552832),(-9.01407543320501,-76.8409284710819)
621:(0.3833800127807936,-0.9102044015603064,-0.1566770984555283),(-9.014075433205008,-67.1590715289181)
622:(0.29352898682560963,-0.9033893304369106,-0.31261550112859304),(-18.216923635361823,-72.0)
623:(0.35373376994296035,-0.8192985251966163,-0.45124532863243066),(-26.823611052904546,-66.64763161687542)
624:(0.0677586892787547,-0.9853538180973841,-0.1564819899801008),(-9.002756931251827,-86.06620006963271)
625:(-0.003330611388287399,-0.9576583957564504,-0.28788765875765154),(-16.731535415159694,-90.19926646829238)
626:(0.06336685670259815,-0.8959172486924449,-0.43967820615421904),(-26.083351229768834,-85.95429440879803)
627:(-0.07539658537682223,-0.9055434860327642,-0.41750011954147326),(-24.676859890942616,-94.75953397104014)
628:(-0.13921575133734093,-0.8333589097043771,-0.5349129856302905),(-32.33801050604707,-99.48390104480187)
629:(-0.11472009207739078,-0.758956545590295,-0.6409557413577021),(-39.863123697104456,-98.59547617293353)
630:(0.021367926308890794,-0.7473244570511484,-0.6641156281992348),(-41.61451452239442,-88.36221267403)
631:(-0.08471253091070542,-0.6689683552211398,-0.7384477820532916),(-47.599357748602856,-97.21704318069442)
632:(-0.05247742122000726,-0.5703031262539833,-0.8197563445604011),(-55.060410342813626,-95.2573646994358)
633:(0.3003510484213811,-0.6732773179853256,-0.6756381433864311),(-42.50372532700749,-65.95820520934666)
634:(0.19905193286045172,-0.612618856807526,-0.764902911687724),(-49.89835538275208,-72.0)
635:(0.23949707223784186,-0.485796593531339,-0.8406204982647336),(-57.205700820375675,-63.75676424472406)
636:(0.09178687174818377,-0.5337905470049404,-0.8406204982647336),(-57.205700820375675,-80.24323575527593)
637:(-0.011999851918043255,-0.4439351035286112,-0.8959785864678833),(-63.63440409215178,-91.54836480760433)
638:(0.02563104079457723,-0.32729554692222845,-0.9445743351969003),(-70.8345196991073,-85.52221406493837)
639:(0.17164354803555462,-0.27985320742328507,-0.9445743351969003),(-70.8345196991073,-58.477785935061625)
640:(0.06546676232648108,-0.20148597664437568,-0.9773011328378526),(-77.76892409236366,-71.99999999999999)
641:(0.10559790771707285,-0.07672137082483887,-0.9914448613738104),(-82.49999999999999,-35.999999999999986)
