0:1752,1914,2076,2238,2400
1:2237,2075,1913,2561,2399
2:642,643,644,1833,1954
3:645,646,647,2035,1994
4:648,649,650,1995,2116
5:651,652,653,2197,2156
6:654,655,656,2157,2278
7:657,658,659,2359,2318
8:660,661,662,2319,2440
9:663,664,665,2521,2480
10:666,667,668,2481,1792
11:669,670,671,1873,1832
12:672,673,674,1482,1941,1927
13:675,676,677,1806,1495,1778
14:678,679,680,1860,1846,1508
15:681,682,683,1509,1981,1967
16:684,685,686,1887,1522,1859
17:687,688,689,2062,2048,1535
18:690,691,692,1536,2103,2089
19:693,694,695,1968,1549,1940
20:696,697,698,2022,2008,1562
21:699,700,701,1563,2143,2129
22:702,703,704,2049,1576,2021
23:705,706,707,2224,2210,1589
24:708,709,710,1590,2265,2251
25:711,712,713,2130,1603,2102
26:714,715,716,2184,2170,1616
27:717,718,719,1617,2305,2291
28:720,721,722,2211,1630,2183
29:723,724,725,2386,2372,1643
30:726,727,728,1644,2427,2413
31:729,730,731,2292,1657,2264
32:732,733,734,2346,2332,1670
33:735,736,737,1671,2467,2453
34:738,739,740,2373,1684,2345
35:741,742,743,2548,2534,1697
36:744,745,746,1698,1779,1765
37:747,748,749,2454,1711,2426
38:750,751,752,2508,2494,1724
39:753,754,755,1725,1819,1805
40:756,757,758,2535,1738,2507
41:759,760,761,1900,1886,1751
42:762,763,764,1122,1950,1945
43:765,766,767,1500,1126,1490
44:768,769,770,1842,1837,1130
45:771,772,773,1131,1990,1985
46:774,775,776,1527,1135,1517
47:777,778,779,2044,2039,1139
48:780,781,782,1140,2112,2107
49:783,784,785,1554,1144,1544
50:786,787,788,2004,1999,1148
51:789,790,791,1149,2152,2147
52:792,793,794,1581,1153,1571
53:795,796,797,2206,2201,1157
54:798,799,800,1158,2274,2269
55:801,802,803,1608,1162,1598
56:804,805,806,2166,2161,1166
57:807,808,809,1167,2314,2309
58:810,811,812,1635,1171,1625
59:813,814,815,2368,2363,1175
60:816,817,818,1176,2436,2431
61:819,820,821,1662,1180,1652
62:822,823,824,2328,2323,1184
63:825,826,827,1185,2476,2471
64:828,829,830,1689,1189,1679
65:831,832,833,2530,2525,1193
66:834,835,836,1194,1788,1783
67:837,838,839,1716,1198,1706
68:840,841,842,2490,2485,1202
69:843,844,845,1203,1828,1823
70:846,847,848,1743,1207,1733
71:849,850,851,1882,1877,1211
72:852,853,854,1212,1923,1918
73:855,856,857,1770,1216,1760
74:858,859,860,1491,1486,1220
75:861,862,863,1221,1774,1769
76:864,865,866,1797,1225,1787
77:867,868,869,1815,1810,1229
78:870,871,872,1230,1504,1499
79:873,874,875,1824,1234,1814
80:876,877,878,1869,1864,1238
81:879,880,881,1239,1963,1958
82:882,883,884,1851,1243,1841
83:885,886,887,1518,1513,1247
84:888,889,890,1248,1855,1850
85:891,892,893,1878,1252,1868
86:894,895,896,1896,1891,1256
87:897,898,899,1257,1531,1526
88:900,901,902,1905,1261,1895
89:903,904,905,2071,2066,1265
90:906,907,908,1266,2085,2080
91:909,910,911,1932,1270,1922
92:912,913,914,1545,1540,1274
93:915,916,917,1275,1936,1931
94:918,919,920,1959,1279,1949
95:921,922,923,1977,1972,1283
96:924,925,926,1284,1558,1553
97:927,928,929,1986,1288,1976
98:930,931,932,2031,2026,1292
99:933,934,935,1293,2125,2120
100:936,937,938,2013,1297,2003
101:939,940,941,1572,1567,1301
102:942,943,944,1302,2017,2012
103:945,946,947,2040,1306,2030
104:948,949,950,2058,2053,1310
105:951,952,953,1311,1585,1580
106:954,955,956,2067,1315,2057
107:957,958,959,2233,2228,1319
108:960,961,962,1320,2247,2242
109:963,964,965,2094,1324,2084
110:966,967,968,1599,1594,1328
111:969,970,971,1329,2098,2093
112:972,973,974,2121,1333,2111
113:975,976,977,2139,2134,1337
114:978,979,980,1338,1612,1607
115:981,982,983,2148,1342,2138
116:984,985,986,2193,2188,1346
117:987,988,989,1347,2287,2282
118:990,991,992,2175,1351,2165
119:993,994,995,1626,1621,1355
120:996,997,998,1356,2179,2174
121:999,1000,1001,2202,1360,2192
122:1002,1003,1004,2220,2215,1364
123:1005,1006,1007,1365,1639,1634
124:1008,1009,1010,2229,1369,2219
125:1011,1012,1013,2395,2390,1373
126:1014,1015,1016,1374,2409,2404
127:1017,1018,1019,2256,1378,2246
128:1020,1021,1022,1653,1648,1382
129:1023,1024,1025,1383,2260,2255
130:1026,1027,1028,2283,1387,2273
131:1029,1030,1031,2301,2296,1391
132:1032,1033,1034,1392,1666,1661
133:1035,1036,1037,2310,1396,2300
134:1038,1039,1040,2355,2350,1400
135:1041,1042,1043,1401,2449,2444
136:1044,1045,1046,2337,1405,2327
137:1047,1048,1049,1680,1675,1409
138:1050,1051,1052,1410,2341,2336
139:1053,1054,1055,2364,1414,2354
140:1056,1057,1058,2382,2377,1418
141:1059,1060,1061,1419,1693,1688
142:1062,1063,1064,2391,1423,2381
143:1065,1066,1067,2557,2552,1427
144:1068,1069,1070,1428,1761,1756
145:1071,1072,1073,2418,1432,2408
146:1074,1075,1076,1707,1702,1436
147:1077,1078,1079,1437,2422,2417
148:1080,1081,1082,2445,1441,2435
149:1083,1084,1085,2463,2458,1445
150:1086,1087,1088,1446,1720,1715
151:1089,1090,1091,2472,1450,2462
152:1092,1093,1094,2517,2512,1454
153:1095,1096,1097,1455,1801,1796
154:1098,1099,1100,2499,1459,2489
155:1101,1102,1103,1734,1729,1463
156:1104,1105,1106,1464,2503,2498
157:1107,1108,1109,2526,1468,2516
158:1110,1111,1112,2544,2539,1472
159:1113,1114,1115,1473,1747,1742
160:1116,1117,1118,2553,1477,2543
161:1119,1120,1121,1909,1904,1481
162:1122,1123,1124,642,1953,1951
163:1125,1126,1127,1128,643,1124
164:1128,1129,1130,1836,1834,644
165:1131,1132,1133,645,1993,1991
166:1134,1135,1136,1137,646,1133
167:1137,1138,1139,2038,2036,647
168:1140,1141,1142,648,2115,2113
169:1143,1144,1145,1146,649,1142
170:1146,1147,1148,1998,1996,650
171:1149,1150,1151,651,2155,2153
172:1152,1153,1154,1155,652,1151
173:1155,1156,1157,2200,2198,653
174:1158,1159,1160,654,2277,2275
175:1161,1162,1163,1164,655,1160
176:1164,1165,1166,2160,2158,656
177:1167,1168,1169,657,2317,2315
178:1170,1171,1172,1173,658,1169
179:1173,1174,1175,2362,2360,659
180:1176,1177,1178,660,2439,2437
181:1179,1180,1181,1182,661,1178
182:1182,1183,1184,2322,2320,662
183:1185,1186,1187,663,2479,2477
184:1188,1189,1190,1191,664,1187
185:1191,1192,1193,2524,2522,665
186:1194,1195,1196,666,1791,1789
187:1197,1198,1199,1200,667,1196
188:1200,1201,1202,2484,2482,668
189:1203,1204,1205,669,1831,1829
190:1206,1207,1208,1209,670,1205
191:1209,1210,1211,1876,1874,671
192:1212,1213,1214,672,1926,1924
193:1215,1216,1217,1218,673,1214
194:1218,1219,1220,1485,1483,674
195:1221,1222,1223,675,1777,1775
196:1224,1225,1226,1227,676,1223
197:1227,1228,1229,1809,1807,677
198:1230,1231,1232,678,1507,1505
199:1233,1234,1235,1236,679,1232
200:1236,1237,1238,1863,1861,680
201:1239,1240,1241,681,1966,1964
202:1242,1243,1244,1245,682,1241
203:1245,1246,1247,1512,1510,683
204:1248,1249,1250,684,1858,1856
205:1251,1252,1253,1254,685,1250
206:1254,1255,1256,1890,1888,686
207:1257,1258,1259,687,1534,1532
208:1260,1261,1262,1263,688,1259
209:1263,1264,1265,2065,2063,689
210:1266,1267,1268,690,2088,2086
211:1269,1270,1271,1272,691,1268
212:1272,1273,1274,1539,1537,692
213:1275,1276,1277,693,1939,1937
214:1278,1279,1280,1281,694,1277
215:1281,1282,1283,1971,1969,695
216:1284,1285,1286,696,1561,1559
217:1287,1288,1289,1290,697,1286
218:1290,1291,1292,2025,2023,698
219:1293,1294,1295,699,2128,2126
220:1296,1297,1298,1299,700,1295
221:1299,1300,1301,1566,1564,701
222:1302,1303,1304,702,2020,2018
223:1305,1306,1307,1308,703,1304
224:1308,1309,1310,2052,2050,704
225:1311,1312,1313,705,1588,1586
226:1314,1315,1316,1317,706,1313
227:1317,1318,1319,2227,2225,707
228:1320,1321,1322,708,2250,2248
229:1323,1324,1325,1326,709,1322
230:1326,1327,1328,1593,1591,710
231:1329,1330,1331,711,2101,2099
232:1332,1333,1334,1335,712,1331
233:1335,1336,1337,2133,2131,713
234:1338,1339,1340,714,1615,1613
235:1341,1342,1343,1344,715,1340
236:1344,1345,1346,2187,2185,716
237:1347,1348,1349,717,2290,2288
238:1350,1351,1352,1353,718,1349
239:1353,1354,1355,1620,1618,719
240:1356,1357,1358,720,2182,2180
241:1359,1360,1361,1362,721,1358
242:1362,1363,1364,2214,2212,722
243:1365,1366,1367,723,1642,1640
244:1368,1369,1370,1371,724,1367
245:1371,1372,1373,2389,2387,725
246:1374,1375,1376,726,2412,2410
247:1377,1378,1379,1380,727,1376
248:1380,1381,1382,1647,1645,728
249:1383,1384,1385,729,2263,2261
250:1386,1387,1388,1389,730,1385
251:1389,1390,1391,2295,2293,731
252:1392,1393,1394,732,1669,1667
253:1395,1396,1397,1398,733,1394
254:1398,1399,1400,2349,2347,734
255:1401,1402,1403,735,2452,2450
256:1404,1405,1406,1407,736,1403
257:1407,1408,1409,1674,1672,737
258:1410,1411,1412,738,2344,2342
259:1413,1414,1415,1416,739,1412
260:1416,1417,1418,2376,2374,740
261:1419,1420,1421,741,1696,1694
262:1422,1423,1424,1425,742,1421
263:1425,1426,1427,2551,2549,743
264:1428,1429,1430,744,1764,1762
265:1431,1432,1433,1434,745,1430
266:1434,1435,1436,1701,1699,746
267:1437,1438,1439,747,2425,2423
268:1440,1441,1442,1443,748,1439
269:1443,1444,1445,2457,2455,749
270:1446,1447,1448,750,1723,1721
271:1449,1450,1451,1452,751,1448
272:1452,1453,1454,2511,2509,752
273:1455,1456,1457,753,1804,1802
274:1458,1459,1460,1461,754,1457
275:1461,1462,1463,1728,1726,755
276:1464,1465,1466,756,2506,2504
277:1467,1468,1469,1470,757,1466
278:1470,1471,1472,2538,2536,758
279:1473,1474,1475,759,1750,1748
280:1476,1477,1478,1479,760,1475
281:1479,1480,1481,1903,1901,761
282:1482,1483,1484,762,1944,1942
283:1485,1486,1487,1488,763,1484
284:1488,1489,1490,1125,1123,764
285:1491,1492,1493,765,1489,1487
286:1494,1495,1496,1497,766,1493
287:1497,1498,1499,1503,1501,767
288:1500,1501,1502,768,1129,1127
289:1503,1504,1505,1506,769,1502
290:1506,1507,1508,1845,1843,770
291:1509,1510,1511,771,1984,1982
292:1512,1513,1514,1515,772,1511
293:1515,1516,1517,1134,1132,773
294:1518,1519,1520,774,1516,1514
295:1521,1522,1523,1524,775,1520
296:1524,1525,1526,1530,1528,776
297:1527,1528,1529,777,1138,1136
298:1530,1531,1532,1533,778,1529
299:1533,1534,1535,2047,2045,779
300:1536,1537,1538,780,2106,2104
301:1539,1540,1541,1542,781,1538
302:1542,1543,1544,1143,1141,782
303:1545,1546,1547,783,1543,1541
304:1548,1549,1550,1551,784,1547
305:1551,1552,1553,1557,1555,785
306:1554,1555,1556,786,1147,1145
307:1557,1558,1559,1560,787,1556
308:1560,1561,1562,2007,2005,788
309:1563,1564,1565,789,2146,2144
310:1566,1567,1568,1569,790,1565
311:1569,1570,1571,1152,1150,791
312:1572,1573,1574,792,1570,1568
313:1575,1576,1577,1578,793,1574
314:1578,1579,1580,1584,1582,794
315:1581,1582,1583,795,1156,1154
316:1584,1585,1586,1587,796,1583
317:1587,1588,1589,2209,2207,797
318:1590,1591,1592,798,2268,2266
319:1593,1594,1595,1596,799,1592
320:1596,1597,1598,1161,1159,800
321:1599,1600,1601,801,1597,1595
322:1602,1603,1604,1605,802,1601
323:1605,1606,1607,1611,1609,803
324:1608,1609,1610,804,1165,1163
325:1611,1612,1613,1614,805,1610
326:1614,1615,1616,2169,2167,806
327:1617,1618,1619,807,2308,2306
328:1620,1621,1622,1623,808,1619
329:1623,1624,1625,1170,1168,809
330:1626,1627,1628,810,1624,1622
331:1629,1630,1631,1632,811,1628
332:1632,1633,1634,1638,1636,812
333:1635,1636,1637,813,1174,1172
334:1638,1639,1640,1641,814,1637
335:1641,1642,1643,2371,2369,815
336:1644,1645,1646,816,2430,2428
337:1647,1648,1649,1650,817,1646
338:1650,1651,1652,1179,1177,818
339:1653,1654,1655,819,1651,1649
340:1656,1657,1658,1659,820,1655
341:1659,1660,1661,1665,1663,821
342:1662,1663,1664,822,1183,1181
343:1665,1666,1667,1668,823,1664
344:1668,1669,1670,2331,2329,824
345:1671,1672,1673,825,2470,2468
346:1674,1675,1676,1677,826,1673
347:1677,1678,1679,1188,1186,827
348:1680,1681,1682,828,1678,1676
349:1683,1684,1685,1686,829,1682
350:1686,1687,1688,1692,1690,830
351:1689,1690,1691,831,1192,1190
352:1692,1693,1694,1695,832,1691
353:1695,1696,1697,2533,2531,833
354:1698,1699,1700,834,1782,1780
355:1701,1702,1703,1704,835,1700
356:1704,1705,1706,1197,1195,836
357:1707,1708,1709,837,1705,1703
358:1710,1711,1712,1713,838,1709
359:1713,1714,1715,1719,1717,839
360:1716,1717,1718,840,1201,1199
361:1719,1720,1721,1722,841,1718
362:1722,1723,1724,2493,2491,842
363:1725,1726,1727,843,1822,1820
364:1728,1729,1730,1731,844,1727
365:1731,1732,1733,1206,1204,845
366:1734,1735,1736,846,1732,1730
367:1737,1738,1739,1740,847,1736
368:1740,1741,1742,1746,1744,848
369:1743,1744,1745,849,1210,1208
370:1746,1747,1748,1749,850,1745
371:1749,1750,1751,1885,1883,851
372:1752,1753,1754,852,1917,1915
373:1755,1756,1757,1758,853,1754
374:1758,1759,1760,1215,1213,854
375:1761,1762,1763,855,1759,1757
376:1764,1765,1766,1767,856,1763
377:1767,1768,1769,1773,1771,857
378:1770,1771,1772,858,1219,1217
379:1773,1774,1775,1776,859,1772
380:1776,1777,1778,1494,1492,860
381:1779,1780,1781,861,1768,1766
382:1782,1783,1784,1785,862,1781
383:1785,1786,1787,1224,1222,863
384:1788,1789,1790,864,1786,1784
385:1791,1792,1793,1794,865,1790
386:1794,1795,1796,1800,1798,866
387:1797,1798,1799,867,1228,1226
388:1800,1801,1802,1803,868,1799
389:1803,1804,1805,1818,1816,869
390:1806,1807,1808,870,1498,1496
391:1809,1810,1811,1812,871,1808
392:1812,1813,1814,1233,1231,872
393:1815,1816,1817,873,1813,1811
394:1818,1819,1820,1821,874,1817
395:1821,1822,1823,1827,1825,875
396:1824,1825,1826,876,1237,1235
397:1827,1828,1829,1830,877,1826
398:1830,1831,1832,1872,1870,878
399:1833,1834,1835,879,1957,1955
400:1836,1837,1838,1839,880,1835
401:1839,1840,1841,1242,1240,881
402:1842,1843,1844,882,1840,1838
403:1845,1846,1847,1848,883,1844
404:1848,1849,1850,1854,1852,884
405:1851,1852,1853,885,1246,1244
406:1854,1855,1856,1857,886,1853
407:1857,1858,1859,1521,1519,887
408:1860,1861,1862,888,1849,1847
409:1863,1864,1865,1866,889,1862
410:1866,1867,1868,1251,1249,890
411:1869,1870,1871,891,1867,1865
412:1872,1873,1874,1875,892,1871
413:1875,1876,1877,1881,1879,893
414:1878,1879,1880,894,1255,1253
415:1881,1882,1883,1884,895,1880
416:1884,1885,1886,1899,1897,896
417:1887,1888,1889,897,1525,1523
418:1890,1891,1892,1893,898,1889
419:1893,1894,1895,1260,1258,899
420:1896,1897,1898,900,1894,1892
421:1899,1900,1901,1902,901,1898
422:1902,1903,1904,1908,1906,902
423:1905,1906,1907,903,1264,1262
424:1908,1909,1910,1911,904,1907
425:1911,1912,1913,2074,2072,905
426:1914,1915,1916,906,2079,2077
427:1917,1918,1919,1920,907,1916
428:1920,1921,1922,1269,1267,908
429:1923,1924,1925,909,1921,1919
430:1926,1927,1928,1929,910,1925
431:1929,1930,1931,1935,1933,911
432:1932,1933,1934,912,1273,1271
433:1935,1936,1937,1938,913,1934
434:1938,1939,1940,1548,1546,914
435:1941,1942,1943,915,1930,1928
436:1944,1945,1946,1947,916,1943
437:1947,1948,1949,1278,1276,917
438:1950,1951,1952,918,1948,1946
439:1953,1954,1955,1956,919,1952
440:1956,1957,1958,1962,1960,920
441:1959,1960,1961,921,1282,1280
442:1962,1963,1964,1965,922,1961
443:1965,1966,1967,1980,1978,923
444:1968,1969,1970,924,1552,1550
445:1971,1972,1973,1974,925,1970
446:1974,1975,1976,1287,1285,926
447:1977,1978,1979,927,1975,1973
448:1980,1981,1982,1983,928,1979
449:1983,1984,1985,1989,1987,929
450:1986,1987,1988,930,1291,1289
451:1989,1990,1991,1992,931,1988
452:1992,1993,1994,2034,2032,932
453:1995,1996,1997,933,2119,2117
454:1998,1999,2000,2001,934,1997
455:2001,2002,2003,1296,1294,935
456:2004,2005,2006,936,2002,2000
457:2007,2008,2009,2010,937,2006
458:2010,2011,2012,2016,2014,938
459:2013,2014,2015,939,1300,1298
460:2016,2017,2018,2019,940,2015
461:2019,2020,2021,1575,1573,941
462:2022,2023,2024,942,2011,2009
463:2025,2026,2027,2028,943,2024
464:2028,2029,2030,1305,1303,944
465:2031,2032,2033,945,2029,2027
466:2034,2035,2036,2037,946,2033
467:2037,2038,2039,2043,2041,947
468:2040,2041,2042,948,1309,1307
469:2043,2044,2045,2046,949,2042
470:2046,2047,2048,2061,2059,950
471:2049,2050,2051,951,1579,1577
472:2052,2053,2054,2055,952,2051
473:2055,2056,2057,1314,1312,953
474:2058,2059,2060,954,2056,2054
475:2061,2062,2063,2064,955,2060
476:2064,2065,2066,2070,2068,956
477:2067,2068,2069,957,1318,1316
478:2070,2071,2072,2073,958,2069
479:2073,2074,2075,2236,2234,959
480:2076,2077,2078,960,2241,2239
481:2079,2080,2081,2082,961,2078
482:2082,2083,2084,1323,1321,962
483:2085,2086,2087,963,2083,2081
484:2088,2089,2090,2091,964,2087
485:2091,2092,2093,2097,2095,965
486:2094,2095,2096,966,1327,1325
487:2097,2098,2099,2100,967,2096
488:2100,2101,2102,1602,1600,968
489:2103,2104,2105,969,2092,2090
490:2106,2107,2108,2109,970,2105
491:2109,2110,2111,1332,1330,971
492:2112,2113,2114,972,2110,2108
493:2115,2116,2117,2118,973,2114
494:2118,2119,2120,2124,2122,974
495:2121,2122,2123,975,1336,1334
496:2124,2125,2126,2127,976,2123
497:2127,2128,2129,2142,2140,977
498:2130,2131,2132,978,1606,1604
499:2133,2134,2135,2136,979,2132
500:2136,2137,2138,1341,1339,980
501:2139,2140,2141,981,2137,2135
502:2142,2143,2144,2145,982,2141
503:2145,2146,2147,2151,2149,983
504:2148,2149,2150,984,1345,1343
505:2151,2152,2153,2154,985,2150
506:2154,2155,2156,2196,2194,986
507:2157,2158,2159,987,2281,2279
508:2160,2161,2162,2163,988,2159
509:2163,2164,2165,1350,1348,989
510:2166,2167,2168,990,2164,2162
511:2169,2170,2171,2172,991,2168
512:2172,2173,2174,2178,2176,992
513:2175,2176,2177,993,1354,1352
514:2178,2179,2180,2181,994,2177
515:2181,2182,2183,1629,1627,995
516:2184,2185,2186,996,2173,2171
517:2187,2188,2189,2190,997,2186
518:2190,2191,2192,1359,1357,998
519:2193,2194,2195,999,2191,2189
520:2196,2197,2198,2199,1000,2195
521:2199,2200,2201,2205,2203,1001
522:2202,2203,2204,1002,1363,1361
523:2205,2206,2207,2208,1003,2204
524:2208,2209,2210,2223,2221,1004
525:2211,2212,2213,1005,1633,1631
526:2214,2215,2216,2217,1006,2213
527:2217,2218,2219,1368,1366,1007
528:2220,2221,2222,1008,2218,2216
529:2223,2224,2225,2226,1009,2222
530:2226,2227,2228,2232,2230,1010
531:2229,2230,2231,1011,1372,1370
532:2232,2233,2234,2235,1012,2231
533:2235,2236,2237,2398,2396,1013
534:2238,2239,2240,1014,2403,2401
535:2241,2242,2243,2244,1015,2240
536:2244,2245,2246,1377,1375,1016
537:2247,2248,2249,1017,2245,2243
538:2250,2251,2252,2253,1018,2249
539:2253,2254,2255,2259,2257,1019
540:2256,2257,2258,1020,1381,1379
541:2259,2260,2261,2262,1021,2258
542:2262,2263,2264,1656,1654,1022
543:2265,2266,2267,1023,2254,2252
544:2268,2269,2270,2271,1024,2267
545:2271,2272,2273,1386,1384,1025
546:2274,2275,2276,1026,2272,2270
547:2277,2278,2279,2280,1027,2276
548:2280,2281,2282,2286,2284,1028
549:2283,2284,2285,1029,1390,1388
550:2286,2287,2288,2289,1030,2285
551:2289,2290,2291,2304,2302,1031
552:2292,2293,2294,1032,1660,1658
553:2295,2296,2297,2298,1033,2294
554:2298,2299,2300,1395,1393,1034
555:2301,2302,2303,1035,2299,2297
556:2304,2305,2306,2307,1036,2303
557:2307,2308,2309,2313,2311,1037
558:2310,2311,2312,1038,1399,1397
559:2313,2314,2315,2316,1039,2312
560:2316,2317,2318,2358,2356,1040
561:2319,2320,2321,1041,2443,2441
562:2322,2323,2324,2325,1042,2321
563:2325,2326,2327,1404,1402,1043
564:2328,2329,2330,1044,2326,2324
565:2331,2332,2333,2334,1045,2330
566:2334,2335,2336,2340,2338,1046
567:2337,2338,2339,1047,1408,1406
568:2340,2341,2342,2343,1048,2339
569:2343,2344,2345,1683,1681,1049
570:2346,2347,2348,1050,2335,2333
571:2349,2350,2351,2352,1051,2348
572:2352,2353,2354,1413,1411,1052
573:2355,2356,2357,1053,2353,2351
574:2358,2359,2360,2361,1054,2357
575:2361,2362,2363,2367,2365,1055
576:2364,2365,2366,1056,1417,1415
577:2367,2368,2369,2370,1057,2366
578:2370,2371,2372,2385,2383,1058
579:2373,2374,2375,1059,1687,1685
580:2376,2377,2378,2379,1060,2375
581:2379,2380,2381,1422,1420,1061
582:2382,2383,2384,1062,2380,2378
583:2385,2386,2387,2388,1063,2384
584:2388,2389,2390,2394,2392,1064
585:2391,2392,2393,1065,1426,1424
586:2394,2395,2396,2397,1066,2393
587:2397,2398,2399,2560,2558,1067
588:2400,2401,2402,1068,1755,1753
589:2403,2404,2405,2406,1069,2402
590:2406,2407,2408,1431,1429,1070
591:2409,2410,2411,1071,2407,2405
592:2412,2413,2414,2415,1072,2411
593:2415,2416,2417,2421,2419,1073
594:2418,2419,2420,1074,1435,1433
595:2421,2422,2423,2424,1075,2420
596:2424,2425,2426,1710,1708,1076
597:2427,2428,2429,1077,2416,2414
598:2430,2431,2432,2433,1078,2429
599:2433,2434,2435,1440,1438,1079
600:2436,2437,2438,1080,2434,2432
601:2439,2440,2441,2442,1081,2438
602:2442,2443,2444,2448,2446,1082
603:2445,2446,2447,1083,1444,1442
604:2448,2449,2450,2451,1084,2447
605:2451,2452,2453,2466,2464,1085
606:2454,2455,2456,1086,1714,1712
607:2457,2458,2459,2460,1087,2456
608:2460,2461,2462,1449,1447,1088
609:2463,2464,2465,1089,2461,2459
610:2466,2467,2468,2469,1090,2465
611:2469,2470,2471,2475,2473,1091
612:2472,2473,2474,1092,1453,1451
613:2475,2476,2477,2478,1093,2474
614:2478,2479,2480,2520,2518,1094
615:2481,2482,2483,1095,1795,1793
616:2484,2485,2486,2487,1096,2483
617:2487,2488,2489,1458,1456,1097
618:2490,2491,2492,1098,2488,2486
619:2493,2494,2495,2496,1099,2492
620:2496,2497,2498,2502,2500,1100
621:2499,2500,2501,1101,1462,1460
622:2502,2503,2504,2505,1102,2501
623:2505,2506,2507,1737,1735,1103
624:2508,2509,2510,1104,2497,2495
625:2511,2512,2513,2514,1105,2510
626:2514,2515,2516,1467,1465,1106
627:2517,2518,2519,1107,2515,2513
628:2520,2521,2522,2523,1108,2519
629:2523,2524,2525,2529,2527,1109
630:2526,2527,2528,1110,1471,1469
631:2529,2530,2531,2532,1111,2528
632:2532,2533,2534,2547,2545,1112
633:2535,2536,2537,1113,1741,1739
634:2538,2539,2540,2541,1114,2537
635:2541,2542,2543,1476,1474,1115
636:2544,2545,2546,1116,2542,2540
637:2547,2548,2549,2550,1117,2546
638:2550,2551,2552,2556,2554,1118
639:2553,2554,2555,1119,1480,1478
640:2556,2557,2558,2559,1120,2555
641:2559,2560,2561,1912,1910,1121
642:162,1124,643,2,1954,1953
643:1124,163,1128,644,2,642
644:643,1128,164,1834,1833,2
645:165,1133,646,3,1994,1993
646:1133,166,1137,647,3,645
647:646,1137,167,2036,2035,3
648:168,1142,649,4,2116,2115
649:1142,169,1146,650,4,648
650:649,1146,170,1996,1995,4
651:171,1151,652,5,2156,2155
652:1151,172,1155,653,5,651
653:652,1155,173,2198,2197,5
654:174,1160,655,6,2278,2277
655:1160,175,1164,656,6,654
656:655,1164,176,2158,2157,6
657:177,1169,658,7,2318,2317
658:1169,178,1173,659,7,657
659:658,1173,179,2360,2359,7
660:180,1178,661,8,2440,2439
661:1178,181,1182,662,8,660
662:661,1182,182,2320,2319,8
663:183,1187,664,9,2480,2479
664:1187,184,1191,665,9,663
665:664,1191,185,2522,2521,9
666:186,1196,667,10,1792,1791
667:1196,187,1200,668,10,666
668:667,1200,188,2482,2481,10
669:189,1205,670,11,1832,1831
670:1205,190,1209,671,11,669
671:670,1209,191,1874,1873,11
672:192,1214,673,12,1927,1926
673:1214,193,1218,674,12,672
674:673,1218,194,1483,1482,12
675:195,1223,676,13,1778,1777
676:1223,196,1227,677,13,675
677:676,1227,197,1807,1806,13
678:198,1232,679,14,1508,1507
679:1232,199,1236,680,14,678
680:679,1236,200,1861,1860,14
681:201,1241,682,15,1967,1966
682:1241,202,1245,683,15,681
683:682,1245,203,1510,1509,15
684:204,1250,685,16,1859,1858
685:1250,205,1254,686,16,684
686:685,1254,206,1888,1887,16
687:207,1259,688,17,1535,1534
688:1259,208,1263,689,17,687
689:688,1263,209,2063,2062,17
690:210,1268,691,18,2089,2088
691:1268,211,1272,692,18,690
692:691,1272,212,1537,1536,18
693:213,1277,694,19,1940,1939
694:1277,214,1281,695,19,693
695:694,1281,215,1969,1968,19
696:216,1286,697,20,1562,1561
697:1286,217,1290,698,20,696
698:697,1290,218,2023,2022,20
699:219,1295,700,21,2129,2128
700:1295,220,1299,701,21,699
701:700,1299,221,1564,1563,21
702:222,1304,703,22,2021,2020
703:1304,223,1308,704,22,702
704:703,1308,224,2050,2049,22
705:225,1313,706,23,1589,1588
706:1313,226,1317,707,23,705
707:706,1317,227,2225,2224,23
708:228,1322,709,24,2251,2250
709:1322,229,1326,710,24,708
710:709,1326,230,1591,1590,24
711:231,1331,712,25,2102,2101
712:1331,232,1335,713,25,711
713:712,1335,233,2131,2130,25
714:234,1340,715,26,1616,1615
715:1340,235,1344,716,26,714
716:715,1344,236,2185,2184,26
717:237,1349,718,27,2291,2290
718:1349,238,1353,719,27,717
719:718,1353,239,1618,1617,27
720:240,1358,721,28,2183,2182
721:1358,241,1362,722,28,720
722:721,1362,242,2212,2211,28
723:243,1367,724,29,1643,1642
724:1367,244,1371,725,29,723
725:724,1371,245,2387,2386,29
726:246,1376,727,30,2413,2412
727:1376,247,1380,728,30,726
728:727,1380,248,1645,1644,30
729:249,1385,730,31,2264,2263
730:1385,250,1389,731,31,729
731:730,1389,251,2293,2292,31
732:252,1394,733,32,1670,1669
733:1394,253,1398,734,32,732
734:733,1398,254,2347,2346,32
735:255,1403,736,33,2453,2452
736:1403,256,1407,737,33,735
737:736,1407,257,1672,1671,33
738:258,1412,739,34,2345,2344
739:1412,259,1416,740,34,738
740:739,1416,260,2374,2373,34
741:261,1421,742,35,1697,1696
742:1421,262,1425,743,35,741
743:742,1425,263,2549,2548,35
744:264,1430,745,36,1765,1764
745:1430,265,1434,746,36,744
746:745,1434,266,1699,1698,36
747:267,1439,748,37,2426,2425
748:1439,268,1443,749,37,747
749:748,1443,269,2455,2454,37
750:270,1448,751,38,1724,1723
751:1448,271,1452,752,38,750
752:751,1452,272,2509,2508,38
753:273,1457,754,39,1805,1804
754:1457,274,1461,755,39,753
755:754,1461,275,1726,1725,39
756:276,1466,757,40,2507,2506
757:1466,277,1470,758,40,756
758:757,1470,278,2536,2535,40
759:279,1475,760,41,1751,1750
760:1475,280,1479,761,41,759
761:760,1479,281,1901,1900,41
762:282,1484,763,42,1945,1944
763:1484,283,1488,764,42,762
764:763,1488,284,1123,1122,42
765:285,1493,766,43,1490,1489
766:1493,286,1497,767,43,765
767:766,1497,287,1501,1500,43
768:288,1502,769,44,1130,1129
769:1502,289,1506,770,44,768
770:769,1506,290,1843,1842,44
771:291,1511,772,45,1985,1984
772:1511,292,1515,773,45,771
773:772,1515,293,1132,1131,45
774:294,1520,775,46,1517,1516
775:1520,295,1524,776,46,774
776:775,1524,296,1528,1527,46
777:297,1529,778,47,1139,1138
778:1529,298,1533,779,47,777
779:778,1533,299,2045,2044,47
780:300,1538,781,48,2107,2106
781:1538,301,1542,782,48,780
782:781,1542,302,1141,1140,48
783:303,1547,784,49,1544,1543
784:1547,304,1551,785,49,783
785:784,1551,305,1555,1554,49
786:306,1556,787,50,1148,1147
787:1556,307,1560,788,50,786
788:787,1560,308,2005,2004,50
789:309,1565,790,51,2147,2146
790:1565,310,1569,791,51,789
791:790,1569,311,1150,1149,51
792:312,1574,793,52,1571,1570
793:1574,313,1578,794,52,792
794:793,1578,314,1582,1581,52
795:315,1583,796,53,1157,1156
796:1583,316,1587,797,53,795
797:796,1587,317,2207,2206,53
798:318,1592,799,54,2269,2268
799:1592,319,1596,800,54,798
800:799,1596,320,1159,1158,54
801:321,1601,802,55,1598,1597
802:1601,322,1605,803,55,801
803:802,1605,323,1609,1608,55
804:324,1610,805,56,1166,1165
805:1610,325,1614,806,56,804
806:805,1614,326,2167,2166,56
807:327,1619,808,57,2309,2308
808:1619,328,1623,809,57,807
809:808,1623,329,1168,1167,57
810:330,1628,811,58,1625,1624
811:1628,331,1632,812,58,810
812:811,1632,332,1636,1635,58
813:333,1637,814,59,1175,1174
814:1637,334,1641,815,59,813
815:814,1641,335,2369,2368,59
816:336,1646,817,60,2431,2430
817:1646,337,1650,818,60,816
818:817,1650,338,1177,1176,60
819:339,1655,820,61,1652,1651
820:1655,340,1659,821,61,819
821:820,1659,341,1663,1662,61
822:342,1664,823,62,1184,1183
823:1664,343,1668,824,62,822
824:823,1668,344,2329,2328,62
825:345,1673,826,63,2471,2470
826:1673,346,1677,827,63,825
827:826,1677,347,1186,1185,63
828:348,1682,829,64,1679,1678
829:1682,349,1686,830,64,828
830:829,1686,350,1690,1689,64
831:351,1691,832,65,1193,1192
832:1691,352,1695,833,65,831
833:832,1695,353,2531,2530,65
834:354,1700,835,66,1783,1782
835:1700,355,1704,836,66,834
836:835,1704,356,1195,1194,66
837:357,1709,838,67,1706,1705
838:1709,358,1713,839,67,837
839:838,1713,359,1717,1716,67
840:360,1718,841,68,1202,1201
841:1718,361,1722,842,68,840
842:841,1722,362,2491,2490,68
843:363,1727,844,69,1823,1822
844:1727,364,1731,845,69,843
845:844,1731,365,1204,1203,69
846:366,1736,847,70,1733,1732
847:1736,367,1740,848,70,846
848:847,1740,368,1744,1743,70
849:369,1745,850,71,1211,1210
850:1745,370,1749,851,71,849
851:850,1749,371,1883,1882,71
852:372,1754,853,72,1918,1917
853:1754,373,1758,854,72,852
854:853,1758,374,1213,1212,72
855:375,1763,856,73,1760,1759
856:1763,376,1767,857,73,855
857:856,1767,377,1771,1770,73
858:378,1772,859,74,1220,1219
859:1772,379,1776,860,74,858
860:859,1776,380,1492,1491,74
861:381,1781,862,75,1769,1768
862:1781,382,1785,863,75,861
863:862,1785,383,1222,1221,75
864:384,1790,865,76,1787,1786
865:1790,385,1794,866,76,864
866:865,1794,386,1798,1797,76
867:387,1799,868,77,1229,1228
868:1799,388,1803,869,77,867
869:868,1803,389,1816,1815,77
870:390,1808,871,78,1499,1498
871:1808,391,1812,872,78,870
872:871,1812,392,1231,1230,78
873:393,1817,874,79,1814,1813
874:1817,394,1821,875,79,873
875:874,1821,395,1825,1824,79
876:396,1826,877,80,1238,1237
877:1826,397,1830,878,80,876
878:877,1830,398,1870,1869,80
879:399,1835,880,81,1958,1957
880:1835,400,1839,881,81,879
881:880,1839,401,1240,1239,81
882:402,1844,883,82,1841,1840
883:1844,403,1848,884,82,882
884:883,1848,404,1852,1851,82
885:405,1853,886,83,1247,1246
886:1853,406,1857,887,83,885
887:886,1857,407,1519,1518,83
888:408,1862,889,84,1850,1849
889:1862,409,1866,890,84,888
890:889,1866,410,1249,1248,84
891:411,1871,892,85,1868,1867
892:1871,412,1875,893,85,891
893:892,1875,413,1879,1878,85
894:414,1880,895,86,1256,1255
895:1880,415,1884,896,86,894
896:895,1884,416,1897,1896,86
897:417,1889,898,87,1526,1525
898:1889,418,1893,899,87,897
899:898,1893,419,1258,1257,87
900:420,1898,901,88,1895,1894
901:1898,421,1902,902,88,900
902:901,1902,422,1906,1905,88
903:423,1907,904,89,1265,1264
904:1907,424,1911,905,89,903
905:904,1911,425,2072,2071,89
906:426,1916,907,90,2080,2079
907:1916,427,1920,908,90,906
908:907,1920,428,1267,1266,90
909:429,1925,910,91,1922,1921
910:1925,430,1929,911,91,909
911:910,1929,431,1933,1932,91
912:432,1934,913,92,1274,1273
913:1934,433,1938,914,92,912
914:913,1938,434,1546,1545,92
915:435,1943,916,93,1931,1930
916:1943,436,1947,917,93,915
917:916,1947,437,1276,1275,93
918:438,1952,919,94,1949,1948
919:1952,439,1956,920,94,918
920:919,1956,440,1960,1959,94
921:441,1961,922,95,1283,1282
922:1961,442,1965,923,95,921
923:922,1965,443,1978,1977,95
924:444,1970,925,96,1553,1552
925:1970,445,1974,926,96,924
926:925,1974,446,1285,1284,96
927:447,1979,928,97,1976,1975
928:1979,448,1983,929,97,927
929:928,1983,449,1987,1986,97
930:450,1988,931,98,1292,1291
931:1988,451,1992,932,98,930
932:931,1992,452,2032,2031,98
933:453,1997,934,99,2120,2119
934:1997,454,2001,935,99,933
935:934,2001,455,1294,1293,99
936:456,2006,937,100,2003,2002
937:2006,457,2010,938,100,936
938:937,2010,458,2014,2013,100
939:459,2015,940,101,1301,1300
940:2015,460,2019,941,101,939
941:940,2019,461,1573,1572,101
942:462,2024,943,102,2012,2011
943:2024,463,2028,944,102,942
944:943,2028,464,1303,1302,102
945:465,2033,946,103,2030,2029
946:2033,466,2037,947,103,945
947:946,2037,467,2041,2040,103
948:468,2042,949,104,1310,1309
949:2042,469,2046,950,104,948
950:949,2046,470,2059,2058,104
951:471,2051,952,105,1580,1579
952:2051,472,2055,953,105,951
953:952,2055,473,1312,1311,105
954:474,2060,955,106,2057,2056
955:2060,475,2064,956,106,954
956:955,2064,476,2068,2067,106
957:477,2069,958,107,1319,1318
958:2069,478,2073,959,107,957
959:958,2073,479,2234,2233,107
960:480,2078,961,108,2242,2241
961:2078,481,2082,962,108,960
962:961,2082,482,1321,1320,108
963:483,2087,964,109,2084,2083
964:2087,484,2091,965,109,963
965:964,2091,485,2095,2094,109
966:486,2096,967,110,1328,1327
967:2096,487,2100,968,110,966
968:967,2100,488,1600,1599,110
969:489,2105,970,111,2093,2092
970:2105,490,2109,971,111,969
971:970,2109,491,1330,1329,111
972:492,2114,973,112,2111,2110
973:2114,493,2118,974,112,972
974:973,2118,494,2122,2121,112
975:495,2123,976,113,1337,1336
976:2123,496,2127,977,113,975
977:976,2127,497,2140,2139,113
978:498,2132,979,114,1607,1606
979:2132,499,2136,980,114,978
980:979,2136,500,1339,1338,114
981:501,2141,982,115,2138,2137
982:2141,502,2145,983,115,981
983:982,2145,503,2149,2148,115
984:504,2150,985,116,1346,1345
985:2150,505,2154,986,116,984
986:985,2154,506,2194,2193,116
987:507,2159,988,117,2282,2281
988:2159,508,2163,989,117,987
989:988,2163,509,1348,1347,117
990:510,2168,991,118,2165,2164
991:2168,511,2172,992,118,990
992:991,2172,512,2176,2175,118
993:513,2177,994,119,1355,1354
994:2177,514,2181,995,119,993
995:994,2181,515,1627,1626,119
996:516,2186,997,120,2174,2173
997:2186,517,2190,998,120,996
998:997,2190,518,1357,1356,120
999:519,2195,1000,121,2192,2191
1000:2195,520,2199,1001,121,999
1001:1000,2199,521,2203,2202,121
1002:522,2204,1003,122,1364,1363
1003:2204,523,2208,1004,122,1002
1004:1003,2208,524,2221,2220,122
1005:525,2213,1006,123,1634,1633
1006:2213,526,2217,1007,123,1005
1007:1006,2217,527,1366,1365,123
1008:528,2222,1009,124,2219,2218
1009:2222,529,2226,1010,124,1008
1010:1009,2226,530,2230,2229,124
1011:531,2231,1012,125,1373,1372
1012:2231,532,2235,1013,125,1011
1013:1012,2235,533,2396,2395,125
1014:534,2240,1015,126,2404,2403
1015:2240,535,2244,1016,126,1014
1016:1015,2244,536,1375,1374,126
1017:537,2249,1018,127,2246,2245
1018:2249,538,2253,1019,127,1017
1019:1018,2253,539,2257,2256,127
1020:540,2258,1021,128,1382,1381
1021:2258,541,2262,1022,128,1020
1022:1021,2262,542,1654,1653,128
1023:543,2267,1024,129,2255,2254
1024:2267,544,2271,1025,129,1023
1025:1024,2271,545,1384,1383,129
1026:546,2276,1027,130,2273,2272
1027:2276,547,2280,1028,130,1026
1028:1027,2280,548,2284,2283,130
1029:549,2285,1030,131,1391,1390
1030:2285,550,2289,1031,131,1029
1031:1030,2289,551,2302,2301,131
1032:552,2294,1033,132,1661,1660
1033:2294,553,2298,1034,132,1032
1034:1033,2298,554,1393,1392,132
1035:555,2303,1036,133,2300,2299
1036:2303,556,2307,1037,133,1035
1037:1036,2307,557,2311,2310,133
1038:558,2312,1039,134,1400,1399
1039:2312,559,2316,1040,134,1038
1040:1039,2316,560,2356,2355,134
1041:561,2321,1042,135,2444,2443
1042:2321,562,2325,1043,135,1041
1043:1042,2325,563,1402,1401,135
1044:564,2330,1045,136,2327,2326
1045:2330,565,2334,1046,136,1044
1046:1045,2334,566,2338,2337,136
1047:567,2339,1048,137,1409,1408
1048:2339,568,2343,1049,137,1047
1049:1048,2343,569,1681,1680,137
1050:570,2348,1051,138,2336,2335
1051:2348,571,2352,1052,138,1050
1052:1051,2352,572,1411,1410,138
1053:573,2357,1054,139,2354,2353
1054:2357,574,2361,1055,139,1053
1055:1054,2361,575,2365,2364,139
1056:576,2366,1057,140,1418,1417
1057:2366,577,2370,1058,140,1056
1058:1057,2370,578,2383,2382,140
1059:579,2375,1060,141,1688,1687
1060:2375,580,2379,1061,141,1059
1061:1060,2379,581,1420,1419,141
1062:582,2384,1063,142,2381,2380
1063:2384,583,2388,1064,142,1062
1064:1063,2388,584,2392,2391,142
1065:585,2393,1066,143,1427,1426
1066:2393,586,2397,1067,143,1065
1067:1066,2397,587,2558,2557,143
1068:588,2402,1069,144,1756,1755
1069:2402,589,2406,1070,144,1068
1070:1069,2406,590,1429,1428,144
1071:591,2411,1072,145,2408,2407
1072:2411,592,2415,1073,145,1071
1073:1072,2415,593,2419,2418,145
1074:594,2420,1075,146,1436,1435
1075:2420,595,2424,1076,146,1074
1076:1075,2424,596,1708,1707,146
1077:597,2429,1078,147,2417,2416
1078:2429,598,2433,1079,147,1077
1079:1078,2433,599,1438,1437,147
1080:600,2438,1081,148,2435,2434
1081:2438,601,2442,1082,148,1080
1082:1081,2442,602,2446,2445,148
1083:603,2447,1084,149,1445,1444
1084:2447,604,2451,1085,149,1083
1085:1084,2451,605,2464,2463,149
1086:606,2456,1087,150,1715,1714
1087:2456,607,2460,1088,150,1086
1088:1087,2460,608,1447,1446,150
1089:609,2465,1090,151,2462,2461
1090:2465,610,2469,1091,151,1089
1091:1090,2469,611,2473,2472,151
1092:612,2474,1093,152,1454,1453
1093:2474,613,2478,1094,152,1092
1094:1093,2478,614,2518,2517,152
1095:615,2483,1096,153,1796,1795
1096:2483,616,2487,1097,153,1095
1097:1096,2487,617,1456,1455,153
1098:618,2492,1099,154,2489,2488
1099:2492,619,2496,1100,154,1098
1100:1099,2496,620,2500,2499,154
1101:621,2501,1102,155,1463,1462
1102:2501,622,2505,1103,155,1101
1103:1102,2505,623,1735,1734,155
1104:624,2510,1105,156,2498,2497
1105:2510,625,2514,1106,156,1104
1106:1105,2514,626,1465,1464,156
1107:627,2519,1108,157,2516,2515
1108:2519,628,2523,1109,157,1107
1109:1108,2523,629,2527,2526,157
1110:630,2528,1111,158,1472,1471
1111:2528,631,2532,1112,158,1110
1112:1111,2532,632,2545,2544,158
1113:633,2537,1114,159,1742,1741
1114:2537,634,2541,1115,159,1113
1115:1114,2541,635,1474,1473,159
1116:636,2546,1117,160,2543,2542
1117:2546,637,2550,1118,160,1116
1118:1117,2550,638,2554,2553,160
1119:639,2555,1120,161,1481,1480
1120:2555,640,2559,1121,161,1119
1121:1120,2559,641,1910,1909,161
1122:42,764,1123,162,1951,1950
1123:764,284,1125,1124,162,1122
1124:1123,1125,163,643,642,162
1125:284,1490,1126,163,1124,1123
1126:1490,43,1500,1127,163,1125
1127:1126,1500,288,1129,1128,163
1128:163,1127,1129,164,644,643
1129:1127,288,768,1130,164,1128
1130:1129,768,44,1837,1836,164
1131:45,773,1132,165,1991,1990
1132:773,293,1134,1133,165,1131
1133:1132,1134,166,646,645,165
1134:293,1517,1135,166,1133,1132
1135:1517,46,1527,1136,166,1134
1136:1135,1527,297,1138,1137,166
1137:166,1136,1138,167,647,646
1138:1136,297,777,1139,167,1137
1139:1138,777,47,2039,2038,167
1140:48,782,1141,168,2113,2112
1141:782,302,1143,1142,168,1140
1142:1141,1143,169,649,648,168
1143:302,1544,1144,169,1142,1141
1144:1544,49,1554,1145,169,1143
1145:1144,1554,306,1147,1146,169
1146:169,1145,1147,170,650,649
1147:1145,306,786,1148,170,1146
1148:1147,786,50,1999,1998,170
1149:51,791,1150,171,2153,2152
1150:791,311,1152,1151,171,1149
1151:1150,1152,172,652,651,171
1152:311,1571,1153,172,1151,1150
1153:1571,52,1581,1154,172,1152
1154:1153,1581,315,1156,1155,172
1155:172,1154,1156,173,653,652
1156:1154,315,795,1157,173,1155
1157:1156,795,53,2201,2200,173
1158:54,800,1159,174,2275,2274
1159:800,320,1161,1160,174,1158
1160:1159,1161,175,655,654,174
1161:320,1598,1162,175,1160,1159
1162:1598,55,1608,1163,175,1161
1163:1162,1608,324,1165,1164,175
1164:175,1163,1165,176,656,655
1165:1163,324,804,1166,176,1164
1166:1165,804,56,2161,2160,176
1167:57,809,1168,177,2315,2314
1168:809,329,1170,1169,177,1167
1169:1168,1170,178,658,657,177
1170:329,1625,1171,178,1169,1168
1171:1625,58,1635,1172,178,1170
1172:1171,1635,333,1174,1173,178
1173:178,1172,1174,179,659,658
1174:1172,333,813,1175,179,1173
1175:1174,813,59,2363,2362,179
1176:60,818,1177,180,2437,2436
1177:818,338,1179,1178,180,1176
1178:1177,1179,181,661,660,180
1179:338,1652,1180,181,1178,1177
1180:1652,61,1662,1181,181,1179
1181:1180,1662,342,1183,1182,181
1182:181,1181,1183,182,662,661
1183:1181,342,822,1184,182,1182
1184:1183,822,62,2323,2322,182
1185:63,827,1186,183,2477,2476
1186:827,347,1188,1187,183,1185
1187:1186,1188,184,664,663,183
1188:347,1679,1189,184,1187,1186
1189:1679,64,1689,1190,184,1188
1190:1189,1689,351,1192,1191,184
1191:184,1190,1192,185,665,664
1192:1190,351,831,1193,185,1191
1193:1192,831,65,2525,2524,185
1194:66,836,1195,186,1789,1788
1195:836,356,1197,1196,186,1194
1196:1195,1197,187,667,666,186
1197:356,1706,1198,187,1196,1195
1198:1706,67,1716,1199,187,1197
1199:1198,1716,360,1201,1200,187
1200:187,1199,1201,188,668,667
1201:1199,360,840,1202,188,1200
1202:1201,840,68,2485,2484,188
1203:69,845,1204,189,1829,1828
1204:845,365,1206,1205,189,1203
1205:1204,1206,190,670,669,189
1206:365,1733,1207,190,1205,1204
1207:1733,70,1743,1208,190,1206
1208:1207,1743,369,1210,1209,190
1209:190,1208,1210,191,671,670
1210:1208,369,849,1211,191,1209
1211:1210,849,71,1877,1876,191
1212:72,854,1213,192,1924,1923
1213:854,374,1215,1214,192,1212
1214:1213,1215,193,673,672,192
1215:374,1760,1216,193,1214,1213
1216:1760,73,1770,1217,193,1215
1217:1216,1770,378,1219,1218,193
1218:193,1217,1219,194,674,673
1219:1217,378,858,1220,194,1218
1220:1219,858,74,1486,1485,194
1221:75,863,1222,195,1775,1774
1222:863,383,1224,1223,195,1221
1223:1222,1224,196,676,675,195
1224:383,1787,1225,196,1223,1222
1225:1787,76,1797,1226,196,1224
1226:1225,1797,387,1228,1227,196
1227:196,1226,1228,197,677,676
1228:1226,387,867,1229,197,1227
1229:1228,867,77,1810,1809,197
1230:78,872,1231,198,1505,1504
1231:872,392,1233,1232,198,1230
1232:1231,1233,199,679,678,198
1233:392,1814,1234,199,1232,1231
1234:1814,79,1824,1235,199,1233
1235:1234,1824,396,1237,1236,199
1236:199,1235,1237,200,680,679
1237:1235,396,876,1238,200,1236
1238:1237,876,80,1864,1863,200
1239:81,881,1240,201,1964,1963
1240:881,401,1242,1241,201,1239
1241:1240,1242,202,682,681,201
1242:401,1841,1243,202,1241,1240
1243:1841,82,1851,1244,202,1242
1244:1243,1851,405,1246,1245,202
1245:202,1244,1246,203,683,682
1246:1244,405,885,1247,203,1245
1247:1246,885,83,1513,1512,203
1248:84,890,1249,204,1856,1855
1249:890,410,1251,1250,204,1248
1250:1249,1251,205,685,684,204
1251:410,1868,1252,205,1250,1249
1252:1868,85,1878,1253,205,1251
1253:1252,1878,414,1255,1254,205
1254:205,1253,1255,206,686,685
1255:1253,414,894,1256,206,1254
1256:1255,894,86,1891,1890,206
1257:87,899,1258,207,1532,1531
1258:899,419,1260,1259,207,1257
1259:1258,1260,208,688,687,207
1260:419,1895,1261,208,1259,1258
1261:1895,88,1905,1262,208,1260
1262:1261,1905,423,1264,1263,208
1263:208,1262,1264,209,689,688
1264:1262,423,903,1265,209,1263
1265:1264,903,89,2066,2065,209
1266:90,908,1267,210,2086,2085
1267:908,428,1269,1268,210,1266
1268:1267,1269,211,691,690,210
1269:428,1922,1270,211,1268,1267
1270:1922,91,1932,1271,211,1269
1271:1270,1932,432,1273,1272,211
1272:211,1271,1273,212,692,691
1273:1271,432,912,1274,212,1272
1274:1273,912,92,1540,1539,212
1275:93,917,1276,213,1937,1936
1276:917,437,1278,1277,213,1275
1277:1276,1278,214,694,693,213
1278:437,1949,1279,214,1277,1276
1279:1949,94,1959,1280,214,1278
1280:1279,1959,441,1282,1281,214
1281:214,1280,1282,215,695,694
1282:1280,441,921,1283,215,1281
1283:1282,921,95,1972,1971,215
1284:96,926,1285,216,1559,1558
1285:926,446,1287,1286,216,1284
1286:1285,1287,217,697,696,216
1287:446,1976,1288,217,1286,1285
1288:1976,97,1986,1289,217,1287
1289:1288,1986,450,1291,1290,217
1290:217,1289,1291,218,698,697
1291:1289,450,930,1292,218,1290
1292:1291,930,98,2026,2025,218
1293:99,935,1294,219,2126,2125
1294:935,455,1296,1295,219,1293
1295:1294,1296,220,700,699,219
1296:455,2003,1297,220,1295,1294
1297:2003,100,2013,1298,220,1296
1298:1297,2013,459,1300,1299,220
1299:220,1298,1300,221,701,700
1300:1298,459,939,1301,221,1299
1301:1300,939,101,1567,1566,221
1302:102,944,1303,222,2018,2017
1303:944,464,1305,1304,222,1302
1304:1303,1305,223,703,702,222
1305:464,2030,1306,223,1304,1303
1306:2030,103,2040,1307,223,1305
1307:1306,2040,468,1309,1308,223
1308:223,1307,1309,224,704,703
1309:1307,468,948,1310,224,1308
1310:1309,948,104,2053,2052,224
1311:105,953,1312,225,1586,1585
1312:953,473,1314,1313,225,1311
1313:1312,1314,226,706,705,225
1314:473,2057,1315,226,1313,1312
1315:2057,106,2067,1316,226,1314
1316:1315,2067,477,1318,1317,226
1317:226,1316,1318,227,707,706
1318:1316,477,957,1319,227,1317
1319:1318,957,107,2228,2227,227
1320:108,962,1321,228,2248,2247
1321:962,482,1323,1322,228,1320
1322:1321,1323,229,709,708,228
1323:482,2084,1324,229,1322,1321
1324:2084,109,2094,1325,229,1323
1325:1324,2094,486,1327,1326,229
1326:229,1325,1327,230,710,709
1327:1325,486,966,1328,230,1326
1328:1327,966,110,1594,1593,230
1329:111,971,1330,231,2099,2098
1330:971,491,1332,1331,231,1329
1331:1330,1332,232,712,711,231
1332:491,2111,1333,232,1331,1330
1333:2111,112,2121,1334,232,1332
1334:1333,2121,495,1336,1335,232
1335:232,1334,1336,233,713,712
1336:1334,495,975,1337,233,1335
1337:1336,975,113,2134,2133,233
1338:114,980,1339,234,1613,1612
1339:980,500,1341,1340,234,1338
1340:1339,1341,235,715,714,234
1341:500,2138,1342,235,1340,1339
1342:2138,115,2148,1343,235,1341
1343:1342,2148,504,1345,1344,235
1344:235,1343,1345,236,716,715
1345:1343,504,984,1346,236,1344
1346:1345,984,116,2188,2187,236
1347:117,989,1348,237,2288,2287
1348:989,509,1350,1349,237,1347
1349:1348,1350,238,718,717,237
1350:509,2165,1351,238,1349,1348
1351:2165,118,2175,1352,238,1350
1352:1351,2175,513,1354,1353,238
1353:238,1352,1354,239,719,718
1354:1352,513,993,1355,239,1353
1355:1354,993,119,1621,1620,239
1356:120,998,1357,240,2180,2179
1357:998,518,1359,1358,240,1356
1358:1357,1359,241,721,720,240
1359:518,2192,1360,241,1358,1357
1360:2192,121,2202,1361,241,1359
1361:1360,2202,522,1363,1362,241
1362:241,1361,1363,242,722,721
1363:1361,522,1002,1364,242,1362
1364:1363,1002,122,2215,2214,242
1365:123,1007,1366,243,1640,1639
1366:1007,527,1368,1367,243,1365
1367:1366,1368,244,724,723,243
1368:527,2219,1369,244,1367,1366
1369:2219,124,2229,1370,244,1368
1370:1369,2229,531,1372,1371,244
1371:244,1370,1372,245,725,724
1372:1370,531,1011,1373,245,1371
1373:1372,1011,125,2390,2389,245
1374:126,1016,1375,246,2410,2409
1375:1016,536,1377,1376,246,1374
1376:1375,1377,247,727,726,246
1377:536,2246,1378,247,1376,1375
1378:2246,127,2256,1379,247,1377
1379:1378,2256,540,1381,1380,247
1380:247,1379,1381,248,728,727
1381:1379,540,1020,1382,248,1380
1382:1381,1020,128,1648,1647,248
1383:129,1025,1384,249,2261,2260
1384:1025,545,1386,1385,249,1383
1385:1384,1386,250,730,729,249
1386:545,2273,1387,250,1385,1384
1387:2273,130,2283,1388,250,1386
1388:1387,2283,549,1390,1389,250
1389:250,1388,1390,251,731,730
1390:1388,549,1029,1391,251,1389
1391:1390,1029,131,2296,2295,251
1392:132,1034,1393,252,1667,1666
1393:1034,554,1395,1394,252,1392
1394:1393,1395,253,733,732,252
1395:554,2300,1396,253,1394,1393
1396:2300,133,2310,1397,253,1395
1397:1396,2310,558,1399,1398,253
1398:253,1397,1399,254,734,733
1399:1397,558,1038,1400,254,1398
1400:1399,1038,134,2350,2349,254
1401:135,1043,1402,255,2450,2449
1402:1043,563,1404,1403,255,1401
1403:1402,1404,256,736,735,255
1404:563,2327,1405,256,1403,1402
1405:2327,136,2337,1406,256,1404
1406:1405,2337,567,1408,1407,256
1407:256,1406,1408,257,737,736
1408:1406,567,1047,1409,257,1407
1409:1408,1047,137,1675,1674,257
1410:138,1052,1411,258,2342,2341
1411:1052,572,1413,1412,258,1410
1412:1411,1413,259,739,738,258
1413:572,2354,1414,259,1412,1411
1414:2354,139,2364,1415,259,1413
1415:1414,2364,576,1417,1416,259
1416:259,1415,1417,260,740,739
1417:1415,576,1056,1418,260,1416
1418:1417,1056,140,2377,2376,260
1419:141,1061,1420,261,1694,1693
1420:1061,581,1422,1421,261,1419
1421:1420,1422,262,742,741,261
1422:581,2381,1423,262,1421,1420
1423:2381,142,2391,1424,262,1422
1424:1423,2391,585,1426,1425,262
1425:262,1424,1426,263,743,742
1426:1424,585,1065,1427,263,1425
1427:1426,1065,143,2552,2551,263
1428:144,1070,1429,264,1762,1761
1429:1070,590,1431,1430,264,1428
1430:1429,1431,265,745,744,264
1431:590,2408,1432,265,1430,1429
1432:2408,145,2418,1433,265,1431
1433:1432,2418,594,1435,1434,265
1434:265,1433,1435,266,746,745
1435:1433,594,1074,1436,266,1434
1436:1435,1074,146,1702,1701,266
1437:147,1079,1438,267,2423,2422
1438:1079,599,1440,1439,267,1437
1439:1438,1440,268,748,747,267
1440:599,2435,1441,268,1439,1438
1441:2435,148,2445,1442,268,1440
1442:1441,2445,603,1444,1443,268
1443:268,1442,1444,269,749,748
1444:1442,603,1083,1445,269,1443
1445:1444,1083,149,2458,2457,269
1446:150,1088,1447,270,1721,1720
1447:1088,608,1449,1448,270,1446
1448:1447,1449,271,751,750,270
1449:608,2462,1450,271,1448,1447
1450:2462,151,2472,1451,271,1449
1451:1450,2472,612,1453,1452,271
1452:271,1451,1453,272,752,751
1453:1451,612,1092,1454,272,1452
1454:1453,1092,152,2512,2511,272
1455:153,1097,1456,273,1802,1801
1456:1097,617,1458,1457,273,1455
1457:1456,1458,274,754,753,273
1458:617,2489,1459,274,1457,1456
1459:2489,154,2499,1460,274,1458
1460:1459,2499,621,1462,1461,274
1461:274,1460,1462,275,755,754
1462:1460,621,1101,1463,275,1461
1463:1462,1101,155,1729,1728,275
1464:156,1106,1465,276,2504,2503
1465:1106,626,1467,1466,276,1464
1466:1465,1467,277,757,756,276
1467:626,2516,1468,277,1466,1465
1468:2516,157,2526,1469,277,1467
1469:1468,2526,630,1471,1470,277
1470:277,1469,1471,278,758,757
1471:1469,630,1110,1472,278,1470
1472:1471,1110,158,2539,2538,278
1473:159,1115,1474,279,1748,1747
1474:1115,635,1476,1475,279,1473
1475:1474,1476,280,760,759,279
1476:635,2543,1477,280,1475,1474
1477:2543,160,2553,1478,280,1476
1478:1477,2553,639,1480,1479,280
1479:280,1478,1480,281,761,760
1480:1478,639,1119,1481,281,1479
1481:1480,1119,161,1904,1903,281
1482:12,674,1483,282,1942,1941
1483:674,194,1485,1484,282,1482
1484:1483,1485,283,763,762,282
1485:194,1220,1486,283,1484,1483
1486:1220,74,1491,1487,283,1485
1487:1486,1491,285,1489,1488,283
1488:283,1487,1489,284,764,763
1489:1487,285,765,1490,284,1488
1490:1489,765,43,1126,1125,284
1491:74,860,1492,285,1487,1486
1492:860,380,1494,1493,285,1491
1493:1492,1494,286,766,765,285
1494:380,1778,1495,286,1493,1492
1495:1778,13,1806,1496,286,1494
1496:1495,1806,390,1498,1497,286
1497:286,1496,1498,287,767,766
1498:1496,390,870,1499,287,1497
1499:1498,870,78,1504,1503,287
1500:43,767,1501,288,1127,1126
1501:767,287,1503,1502,288,1500
1502:1501,1503,289,769,768,288
1503:287,1499,1504,289,1502,1501
1504:1499,78,1230,1505,289,1503
1505:1504,1230,198,1507,1506,289
1506:289,1505,1507,290,770,769
1507:1505,198,678,1508,290,1506
1508:1507,678,14,1846,1845,290
1509:15,683,1510,291,1982,1981
1510:683,203,1512,1511,291,1509
1511:1510,1512,292,772,771,291
1512:203,1247,1513,292,1511,1510
1513:1247,83,1518,1514,292,1512
1514:1513,1518,294,1516,1515,292
1515:292,1514,1516,293,773,772
1516:1514,294,774,1517,293,1515
1517:1516,774,46,1135,1134,293
1518:83,887,1519,294,1514,1513
1519:887,407,1521,1520,294,1518
1520:1519,1521,295,775,774,294
1521:407,1859,1522,295,1520,1519
1522:1859,16,1887,1523,295,1521
1523:1522,1887,417,1525,1524,295
1524:295,1523,1525,296,776,775
1525:1523,417,897,1526,296,1524
1526:1525,897,87,1531,1530,296
1527:46,776,1528,297,1136,1135
1528:776,296,1530,1529,297,1527
1529:1528,1530,298,778,777,297
1530:296,1526,1531,298,1529,1528
1531:1526,87,1257,1532,298,1530
1532:1531,1257,207,1534,1533,298
1533:298,1532,1534,299,779,778
1534:1532,207,687,1535,299,1533
1535:1534,687,17,2048,2047,299
1536:18,692,1537,300,2104,2103
1537:692,212,1539,1538,300,1536
1538:1537,1539,301,781,780,300
1539:212,1274,1540,301,1538,1537
1540:1274,92,1545,1541,301,1539
1541:1540,1545,303,1543,1542,301
1542:301,1541,1543,302,782,781
1543:1541,303,783,1544,302,1542
1544:1543,783,49,1144,1143,302
1545:92,914,1546,303,1541,1540
1546:914,434,1548,1547,303,1545
1547:1546,1548,304,784,783,303
1548:434,1940,1549,304,1547,1546
1549:1940,19,1968,1550,304,1548
1550:1549,1968,444,1552,1551,304
1551:304,1550,1552,305,785,784
1552:1550,444,924,1553,305,1551
1553:1552,924,96,1558,1557,305
1554:49,785,1555,306,1145,1144
1555:785,305,1557,1556,306,1554
1556:1555,1557,307,787,786,306
1557:305,1553,1558,307,1556,1555
1558:1553,96,1284,1559,307,1557
1559:1558,1284,216,1561,1560,307
1560:307,1559,1561,308,788,787
1561:1559,216,696,1562,308,1560
1562:1561,696,20,2008,2007,308
1563:21,701,1564,309,2144,2143
1564:701,221,1566,1565,309,1563
1565:1564,1566,310,790,789,309
1566:221,1301,1567,310,1565,1564
1567:1301,101,1572,1568,310,1566
1568:1567,1572,312,1570,1569,310
1569:310,1568,1570,311,791,790
1570:1568,312,792,1571,311,1569
1571:1570,792,52,1153,1152,311
1572:101,941,1573,312,1568,1567
1573:941,461,1575,1574,312,1572
1574:1573,1575,313,793,792,312
1575:461,2021,1576,313,1574,1573
1576:2021,22,2049,1577,313,1575
1577:1576,2049,471,1579,1578,313
1578:313,1577,1579,314,794,793
1579:1577,471,951,1580,314,1578
1580:1579,951,105,1585,1584,314
1581:52,794,1582,315,1154,1153
1582:794,314,1584,1583,315,1581
1583:1582,1584,316,796,795,315
1584:314,1580,1585,316,1583,1582
1585:1580,105,1311,1586,316,1584
1586:1585,1311,225,1588,1587,316
1587:316,1586,1588,317,797,796
1588:1586,225,705,1589,317,1587
1589:1588,705,23,2210,2209,317
1590:24,710,1591,318,2266,2265
1591:710,230,1593,1592,318,1590
1592:1591,1593,319,799,798,318
1593:230,1328,1594,319,1592,1591
1594:1328,110,1599,1595,319,1593
1595:1594,1599,321,1597,1596,319
1596:319,1595,1597,320,800,799
1597:1595,321,801,1598,320,1596
1598:1597,801,55,1162,1161,320
1599:110,968,1600,321,1595,1594
1600:968,488,1602,1601,321,1599
1601:1600,1602,322,802,801,321
1602:488,2102,1603,322,1601,1600
1603:2102,25,2130,1604,322,1602
1604:1603,2130,498,1606,1605,322
1605:322,1604,1606,323,803,802
1606:1604,498,978,1607,323,1605
1607:1606,978,114,1612,1611,323
1608:55,803,1609,324,1163,1162
1609:803,323,1611,1610,324,1608
1610:1609,1611,325,805,804,324
1611:323,1607,1612,325,1610,1609
1612:1607,114,1338,1613,325,1611
1613:1612,1338,234,1615,1614,325
1614:325,1613,1615,326,806,805
1615:1613,234,714,1616,326,1614
1616:1615,714,26,2170,2169,326
1617:27,719,1618,327,2306,2305
1618:719,239,1620,1619,327,1617
1619:1618,1620,328,808,807,327
1620:239,1355,1621,328,1619,1618
1621:1355,119,1626,1622,328,1620
1622:1621,1626,330,1624,1623,328
1623:328,1622,1624,329,809,808
1624:1622,330,810,1625,329,1623
1625:1624,810,58,1171,1170,329
1626:119,995,1627,330,1622,1621
1627:995,515,1629,1628,330,1626
1628:1627,1629,331,811,810,330
1629:515,2183,1630,331,1628,1627
1630:2183,28,2211,1631,331,1629
1631:1630,2211,525,1633,1632,331
1632:331,1631,1633,332,812,811
1633:1631,525,1005,1634,332,1632
1634:1633,1005,123,1639,1638,332
1635:58,812,1636,333,1172,1171
1636:812,332,1638,1637,333,1635
1637:1636,1638,334,814,813,333
1638:332,1634,1639,334,1637,1636
1639:1634,123,1365,1640,334,1638
1640:1639,1365,243,1642,1641,334
1641:334,1640,1642,335,815,814
1642:1640,243,723,1643,335,1641
1643:1642,723,29,2372,2371,335
1644:30,728,1645,336,2428,2427
1645:728,248,1647,1646,336,1644
1646:1645,1647,337,817,816,336
1647:248,1382,1648,337,1646,1645
1648:1382,128,1653,1649,337,1647
1649:1648,1653,339,1651,1650,337
1650:337,1649,1651,338,818,817
1651:1649,339,819,1652,338,1650
1652:1651,819,61,1180,1179,338
1653:128,1022,1654,339,1649,1648
1654:1022,542,1656,1655,339,1653
1655:1654,1656,340,820,819,339
1656:542,2264,1657,340,1655,1654
1657:2264,31,2292,1658,340,1656
1658:1657,2292,552,1660,1659,340
1659:340,1658,1660,341,821,820
1660:1658,552,1032,1661,341,1659
1661:1660,1032,132,1666,1665,341
1662:61,821,1663,342,1181,1180
1663:821,341,1665,1664,342,1662
1664:1663,1665,343,823,822,342
1665:341,1661,1666,343,1664,1663
1666:1661,132,1392,1667,343,1665
1667:1666,1392,252,1669,1668,343
1668:343,1667,1669,344,824,823
1669:1667,252,732,1670,344,1668
1670:1669,732,32,2332,2331,344
1671:33,737,1672,345,2468,2467
1672:737,257,1674,1673,345,1671
1673:1672,1674,346,826,825,345
1674:257,1409,1675,346,1673,1672
1675:1409,137,1680,1676,346,1674
1676:1675,1680,348,1678,1677,346
1677:346,1676,1678,347,827,826
1678:1676,348,828,1679,347,1677
1679:1678,828,64,1189,1188,347
1680:137,1049,1681,348,1676,1675
1681:1049,569,1683,1682,348,1680
1682:1681,1683,349,829,828,348
1683:569,2345,1684,349,1682,1681
1684:2345,34,2373,1685,349,1683
1685:1684,2373,579,1687,1686,349
1686:349,1685,1687,350,830,829
1687:1685,579,1059,1688,350,1686
1688:1687,1059,141,1693,1692,350
1689:64,830,1690,351,1190,1189
1690:830,350,1692,1691,351,1689
1691:1690,1692,352,832,831,351
1692:350,1688,1693,352,1691,1690
1693:1688,141,1419,1694,352,1692
1694:1693,1419,261,1696,1695,352
1695:352,1694,1696,353,833,832
1696:1694,261,741,1697,353,1695
1697:1696,741,35,2534,2533,353
1698:36,746,1699,354,1780,1779
1699:746,266,1701,1700,354,1698
1700:1699,1701,355,835,834,354
1701:266,1436,1702,355,1700,1699
1702:1436,146,1707,1703,355,1701
1703:1702,1707,357,1705,1704,355
1704:355,1703,1705,356,836,835
1705:1703,357,837,1706,356,1704
1706:1705,837,67,1198,1197,356
1707:146,1076,1708,357,1703,1702
1708:1076,596,1710,1709,357,1707
1709:1708,1710,358,838,837,357
1710:596,2426,1711,358,1709,1708
1711:2426,37,2454,1712,358,1710
1712:1711,2454,606,1714,1713,358
1713:358,1712,1714,359,839,838
1714:1712,606,1086,1715,359,1713
1715:1714,1086,150,1720,1719,359
1716:67,839,1717,360,1199,1198
1717:839,359,1719,1718,360,1716
1718:1717,1719,361,841,840,360
1719:359,1715,1720,361,1718,1717
1720:1715,150,1446,1721,361,1719
1721:1720,1446,270,1723,1722,361
1722:361,1721,1723,362,842,841
1723:1721,270,750,1724,362,1722
1724:1723,750,38,2494,2493,362
1725:39,755,1726,363,1820,1819
1726:755,275,1728,1727,363,1725
1727:1726,1728,364,844,843,363
1728:275,1463,1729,364,1727,1726
1729:1463,155,1734,1730,364,1728
1730:1729,1734,366,1732,1731,364
1731:364,1730,1732,365,845,844
1732:1730,366,846,1733,365,1731
1733:1732,846,70,1207,1206,365
1734:155,1103,1735,366,1730,1729
1735:1103,623,1737,1736,366,1734
1736:1735,1737,367,847,846,366
1737:623,2507,1738,367,1736,1735
1738:2507,40,2535,1739,367,1737
1739:1738,2535,633,1741,1740,367
1740:367,1739,1741,368,848,847
1741:1739,633,1113,1742,368,1740
1742:1741,1113,159,1747,1746,368
1743:70,848,1744,369,1208,1207
1744:848,368,1746,1745,369,1743
1745:1744,1746,370,850,849,369
1746:368,1742,1747,370,1745,1744
1747:1742,159,1473,1748,370,1746
1748:1747,1473,279,1750,1749,370
1749:370,1748,1750,371,851,850
1750:1748,279,759,1751,371,1749
1751:1750,759,41,1886,1885,371
1752:0,2400,1753,372,1915,1914
1753:2400,588,1755,1754,372,1752
1754:1753,1755,373,853,852,372
1755:588,1068,1756,373,1754,1753
1756:1068,144,1761,1757,373,1755
1757:1756,1761,375,1759,1758,373
1758:373,1757,1759,374,854,853
1759:1757,375,855,1760,374,1758
1760:1759,855,73,1216,1215,374
1761:144,1428,1762,375,1757,1756
1762:1428,264,1764,1763,375,1761
1763:1762,1764,376,856,855,375
1764:264,744,1765,376,1763,1762
1765:744,36,1779,1766,376,1764
1766:1765,1779,381,1768,1767,376
1767:376,1766,1768,377,857,856
1768:1766,381,861,1769,377,1767
1769:1768,861,75,1774,1773,377
1770:73,857,1771,378,1217,1216
1771:857,377,1773,1772,378,1770
1772:1771,1773,379,859,858,378
1773:377,1769,1774,379,1772,1771
1774:1769,75,1221,1775,379,1773
1775:1774,1221,195,1777,1776,379
1776:379,1775,1777,380,860,859
1777:1775,195,675,1778,380,1776
1778:1777,675,13,1495,1494,380
1779:36,1698,1780,381,1766,1765
1780:1698,354,1782,1781,381,1779
1781:1780,1782,382,862,861,381
1782:354,834,1783,382,1781,1780
1783:834,66,1788,1784,382,1782
1784:1783,1788,384,1786,1785,382
1785:382,1784,1786,383,863,862
1786:1784,384,864,1787,383,1785
1787:1786,864,76,1225,1224,383
1788:66,1194,1789,384,1784,1783
1789:1194,186,1791,1790,384,1788
1790:1789,1791,385,865,864,384
1791:186,666,1792,385,1790,1789
1792:666,10,2481,1793,385,1791
1793:1792,2481,615,1795,1794,385
1794:385,1793,1795,386,866,865
1795:1793,615,1095,1796,386,1794
1796:1795,1095,153,1801,1800,386
1797:76,866,1798,387,1226,1225
1798:866,386,1800,1799,387,1797
1799:1798,1800,388,868,867,387
1800:386,1796,1801,388,1799,1798
1801:1796,153,1455,1802,388,1800
1802:1801,1455,273,1804,1803,388
1803:388,1802,1804,389,869,868
1804:1802,273,753,1805,389,1803
1805:1804,753,39,1819,1818,389
1806:13,677,1807,390,1496,1495
1807:677,197,1809,1808,390,1806
1808:1807,1809,391,871,870,390
1809:197,1229,1810,391,1808,1807
1810:1229,77,1815,1811,391,1809
1811:1810,1815,393,1813,1812,391
1812:391,1811,1813,392,872,871
1813:1811,393,873,1814,392,1812
1814:1813,873,79,1234,1233,392
1815:77,869,1816,393,1811,1810
1816:869,389,1818,1817,393,1815
1817:1816,1818,394,874,873,393
1818:389,1805,1819,394,1817,1816
1819:1805,39,1725,1820,394,1818
1820:1819,1725,363,1822,1821,394
1821:394,1820,1822,395,875,874
1822:1820,363,843,1823,395,1821
1823:1822,843,69,1828,1827,395
1824:79,875,1825,396,1235,1234
1825:875,395,1827,1826,396,1824
1826:1825,1827,397,877,876,396
1827:395,1823,1828,397,1826,1825
1828:1823,69,1203,1829,397,1827
1829:1828,1203,189,1831,1830,397
1830:397,1829,1831,398,878,877
1831:1829,189,669,1832,398,1830
1832:1831,669,11,1873,1872,398
1833:2,644,1834,399,1955,1954
1834:644,164,1836,1835,399,1833
1835:1834,1836,400,880,879,399
1836:164,1130,1837,400,1835,1834
1837:1130,44,1842,1838,400,1836
1838:1837,1842,402,1840,1839,400
1839:400,1838,1840,401,881,880
1840:1838,402,882,1841,401,1839
1841:1840,882,82,1243,1242,401
1842:44,770,1843,402,1838,1837
1843:770,290,1845,1844,402,1842
1844:1843,1845,403,883,882,402
1845:290,1508,1846,403,1844,1843
1846:1508,14,1860,1847,403,1845
1847:1846,1860,408,1849,1848,403
1848:403,1847,1849,404,884,883
1849:1847,408,888,1850,404,1848
1850:1849,888,84,1855,1854,404
1851:82,884,1852,405,1244,1243
1852:884,404,1854,1853,405,1851
1853:1852,1854,406,886,885,405
1854:404,1850,1855,406,1853,1852
1855:1850,84,1248,1856,406,1854
1856:1855,1248,204,1858,1857,406
1857:406,1856,1858,407,887,886
1858:1856,204,684,1859,407,1857
1859:1858,684,16,1522,1521,407
1860:14,680,1861,408,1847,1846
1861:680,200,1863,1862,408,1860
1862:1861,1863,409,889,888,408
1863:200,1238,1864,409,1862,1861
1864:1238,80,1869,1865,409,1863
1865:1864,1869,411,1867,1866,409
1866:409,1865,1867,410,890,889
1867:1865,411,891,1868,410,1866
1868:1867,891,85,1252,1251,410
1869:80,878,1870,411,1865,1864
1870:878,398,1872,1871,411,1869
1871:1870,1872,412,892,891,411
1872:398,1832,1873,412,1871,1870
1873:1832,11,671,1874,412,1872
1874:1873,671,191,1876,1875,412
1875:412,1874,1876,413,893,892
1876:1874,191,1211,1877,413,1875
1877:1876,1211,71,1882,1881,413
1878:85,893,1879,414,1253,1252
1879:893,413,1881,1880,414,1878
1880:1879,1881,415,895,894,414
1881:413,1877,1882,415,1880,1879
1882:1877,71,851,1883,415,1881
1883:1882,851,371,1885,1884,415
1884:415,1883,1885,416,896,895
1885:1883,371,1751,1886,416,1884
1886:1885,1751,41,1900,1899,416
1887:16,686,1888,417,1523,1522
1888:686,206,1890,1889,417,1887
1889:1888,1890,418,898,897,417
1890:206,1256,1891,418,1889,1888
1891:1256,86,1896,1892,418,1890
1892:1891,1896,420,1894,1893,418
1893:418,1892,1894,419,899,898
1894:1892,420,900,1895,419,1893
1895:1894,900,88,1261,1260,419
1896:86,896,1897,420,1892,1891
1897:896,416,1899,1898,420,1896
1898:1897,1899,421,901,900,420
1899:416,1886,1900,421,1898,1897
1900:1886,41,761,1901,421,1899
1901:1900,761,281,1903,1902,421
1902:421,1901,1903,422,902,901
1903:1901,281,1481,1904,422,1902
1904:1903,1481,161,1909,1908,422
1905:88,902,1906,423,1262,1261
1906:902,422,1908,1907,423,1905
1907:1906,1908,424,904,903,423
1908:422,1904,1909,424,1907,1906
1909:1904,161,1121,1910,424,1908
1910:1909,1121,641,1912,1911,424
1911:424,1910,1912,425,905,904
1912:1910,641,2561,1913,425,1911
1913:1912,2561,1,2075,2074,425
1914:0,1752,1915,426,2077,2076
1915:1752,372,1917,1916,426,1914
1916:1915,1917,427,907,906,426
1917:372,852,1918,427,1916,1915
1918:852,72,1923,1919,427,1917
1919:1918,1923,429,1921,1920,427
1920:427,1919,1921,428,908,907
1921:1919,429,909,1922,428,1920
1922:1921,909,91,1270,1269,428
1923:72,1212,1924,429,1919,1918
1924:1212,192,1926,1925,429,1923
1925:1924,1926,430,910,909,429
1926:192,672,1927,430,1925,1924
1927:672,12,1941,1928,430,1926
1928:1927,1941,435,1930,1929,430
1929:430,1928,1930,431,911,910
1930:1928,435,915,1931,431,1929
1931:1930,915,93,1936,1935,431
1932:91,911,1933,432,1271,1270
1933:911,431,1935,1934,432,1932
1934:1933,1935,433,913,912,432
1935:431,1931,1936,433,1934,1933
1936:1931,93,1275,1937,433,1935
1937:1936,1275,213,1939,1938,433
1938:433,1937,1939,434,914,913
1939:1937,213,693,1940,434,1938
1940:1939,693,19,1549,1548,434
1941:12,1482,1942,435,1928,1927
1942:1482,282,1944,1943,435,1941
1943:1942,1944,436,916,915,435
1944:282,762,1945,436,1943,1942
1945:762,42,1950,1946,436,1944
1946:1945,1950,438,1948,1947,436
1947:436,1946,1948,437,917,916
1948:1946,438,918,1949,437,1947
1949:1948,918,94,1279,1278,437
1950:42,1122,1951,438,1946,1945
1951:1122,162,1953,1952,438,1950
1952:1951,1953,439,919,918,438
1953:162,642,1954,439,1952,1951
1954:642,2,1833,1955,439,1953
1955:1954,1833,399,1957,1956,439
1956:439,1955,1957,440,920,919
1957:1955,399,879,1958,440,1956
1958:1957,879,81,1963,1962,440
1959:94,920,1960,441,1280,1279
1960:920,440,1962,1961,441,1959
1961:1960,1962,442,922,921,441
1962:440,1958,1963,442,1961,1960
1963:1958,81,1239,1964,442,1962
1964:1963,1239,201,1966,1965,442
1965:442,1964,1966,443,923,922
1966:1964,201,681,1967,443,1965
1967:1966,681,15,1981,1980,443
1968:19,695,1969,444,1550,1549
1969:695,215,1971,1970,444,1968
1970:1969,1971,445,925,924,444
1971:215,1283,1972,445,1970,1969
1972:1283,95,1977,1973,445,1971
1973:1972,1977,447,1975,1974,445
1974:445,1973,1975,446,926,925
1975:1973,447,927,1976,446,1974
1976:1975,927,97,1288,1287,446
1977:95,923,1978,447,1973,1972
1978:923,443,1980,1979,447,1977
1979:1978,1980,448,928,927,447
1980:443,1967,1981,448,1979,1978
1981:1967,15,1509,1982,448,1980
1982:1981,1509,291,1984,1983,448
1983:448,1982,1984,449,929,928
1984:1982,291,771,1985,449,1983
1985:1984,771,45,1990,1989,449
1986:97,929,1987,450,1289,1288
1987:929,449,1989,1988,450,1986
1988:1987,1989,451,931,930,450
1989:449,1985,1990,451,1988,1987
1990:1985,45,1131,1991,451,1989
1991:1990,1131,165,1993,1992,451
1992:451,1991,1993,452,932,931
1993:1991,165,645,1994,452,1992
1994:1993,645,3,2035,2034,452
1995:4,650,1996,453,2117,2116
1996:650,170,1998,1997,453,1995
1997:1996,1998,454,934,933,453
1998:170,1148,1999,454,1997,1996
1999:1148,50,2004,2000,454,1998
2000:1999,2004,456,2002,2001,454
2001:454,2000,2002,455,935,934
2002:2000,456,936,2003,455,2001
2003:2002,936,100,1297,1296,455
2004:50,788,2005,456,2000,1999
2005:788,308,2007,2006,456,2004
2006:2005,2007,457,937,936,456
2007:308,1562,2008,457,2006,2005
2008:1562,20,2022,2009,457,2007
2009:2008,2022,462,2011,2010,457
2010:457,2009,2011,458,938,937
2011:2009,462,942,2012,458,2010
2012:2011,942,102,2017,2016,458
2013:100,938,2014,459,1298,1297
2014:938,458,2016,2015,459,2013
2015:2014,2016,460,940,939,459
2016:458,2012,2017,460,2015,2014
2017:2012,102,1302,2018,460,2016
2018:2017,1302,222,2020,2019,460
2019:460,2018,2020,461,941,940
2020:2018,222,702,2021,461,2019
2021:2020,702,22,1576,1575,461
2022:20,698,2023,462,2009,2008
2023:698,218,2025,2024,462,2022
2024:2023,2025,463,943,942,462
2025:218,1292,2026,463,2024,2023
2026:1292,98,2031,2027,463,2025
2027:2026,2031,465,2029,2028,463
2028:463,2027,2029,464,944,943
2029:2027,465,945,2030,464,2028
2030:2029,945,103,1306,1305,464
2031:98,932,2032,465,2027,2026
2032:932,452,2034,2033,465,2031
2033:2032,2034,466,946,945,465
2034:452,1994,2035,466,2033,2032
2035:1994,3,647,2036,466,2034
2036:2035,647,167,2038,2037,466
2037:466,2036,2038,467,947,946
2038:2036,167,1139,2039,467,2037
2039:2038,1139,47,2044,2043,467
2040:103,947,2041,468,1307,1306
2041:947,467,2043,2042,468,2040
2042:2041,2043,469,949,948,468
2043:467,2039,2044,469,2042,2041
2044:2039,47,779,2045,469,2043
2045:2044,779,299,2047,2046,469
2046:469,2045,2047,470,950,949
2047:2045,299,1535,2048,470,2046
2048:2047,1535,17,2062,2061,470
2049:22,704,2050,471,1577,1576
2050:704,224,2052,2051,471,2049
2051:2050,2052,472,952,951,471
2052:224,1310,2053,472,2051,2050
2053:1310,104,2058,2054,472,2052
2054:2053,2058,474,2056,2055,472
2055:472,2054,2056,473,953,952
2056:2054,474,954,2057,473,2055
2057:2056,954,106,1315,1314,473
2058:104,950,2059,474,2054,2053
2059:950,470,2061,2060,474,2058
2060:2059,2061,475,955,954,474
2061:470,2048,2062,475,2060,2059
2062:2048,17,689,2063,475,2061
2063:2062,689,209,2065,2064,475
2064:475,2063,2065,476,956,955
2065:2063,209,1265,2066,476,2064
2066:2065,1265,89,2071,2070,476
2067:106,956,2068,477,1316,1315
2068:956,476,2070,2069,477,2067
2069:2068,2070,478,958,957,477
2070:476,2066,2071,478,2069,2068
2071:2066,89,905,2072,478,2070
2072:2071,905,425,2074,2073,478
2073:478,2072,2074,479,959,958
2074:2072,425,1913,2075,479,2073
2075:2074,1913,1,2237,2236,479
2076:0,1914,2077,480,2239,2238
2077:1914,426,2079,2078,480,2076
2078:2077,2079,481,961,960,480
2079:426,906,2080,481,2078,2077
2080:906,90,2085,2081,481,2079
2081:2080,2085,483,2083,2082,481
2082:481,2081,2083,482,962,961
2083:2081,483,963,2084,482,2082
2084:2083,963,109,1324,1323,482
2085:90,1266,2086,483,2081,2080
2086:1266,210,2088,2087,483,2085
2087:2086,2088,484,964,963,483
2088:210,690,2089,484,2087,2086
2089:690,18,2103,2090,484,2088
2090:2089,2103,489,2092,2091,484
2091:484,2090,2092,485,965,964
2092:2090,489,969,2093,485,2091
2093:2092,969,111,2098,2097,485
2094:109,965,2095,486,1325,1324
2095:965,485,2097,2096,486,2094
2096:2095,2097,487,967,966,486
2097:485,2093,2098,487,2096,2095
2098:2093,111,1329,2099,487,2097
2099:2098,1329,231,2101,2100,487
2100:487,2099,2101,488,968,967
2101:2099,231,711,2102,488,2100
2102:2101,711,25,1603,1602,488
2103:18,1536,2104,489,2090,2089
2104:1536,300,2106,2105,489,2103
2105:2104,2106,490,970,969,489
2106:300,780,2107,490,2105,2104
2107:780,48,2112,2108,490,2106
2108:2107,2112,492,2110,2109,490
2109:490,2108,2110,491,971,970
2110:2108,492,972,2111,491,2109
2111:2110,972,112,1333,1332,491
2112:48,1140,2113,492,2108,2107
2113:1140,168,2115,2114,492,2112
2114:2113,2115,493,973,972,492
2115:168,648,2116,493,2114,2113
2116:648,4,1995,2117,493,2115
2117:2116,1995,453,2119,2118,493
2118:493,2117,2119,494,974,973
2119:2117,453,933,2120,494,2118
2120:2119,933,99,2125,2124,494
2121:112,974,2122,495,1334,1333
2122:974,494,2124,2123,495,2121
2123:2122,2124,496,976,975,495
2124:494,2120,2125,496,2123,2122
2125:2120,99,1293,2126,496,2124
2126:2125,1293,219,2128,2127,496
2127:496,2126,2128,497,977,976
2128:2126,219,699,2129,497,2127
2129:2128,699,21,2143,2142,497
2130:25,713,2131,498,1604,1603
2131:713,233,2133,2132,498,2130
2132:2131,2133,499,979,978,498
2133:233,1337,2134,499,2132,2131
2134:1337,113,2139,2135,499,2133
2135:2134,2139,501,2137,2136,499
2136:499,2135,2137,500,980,979
2137:2135,501,981,2138,500,2136
2138:2137,981,115,1342,1341,500
2139:113,977,2140,501,2135,2134
2140:977,497,2142,2141,501,2139
2141:2140,2142,502,982,981,501
2142:497,2129,2143,502,2141,2140
2143:2129,21,1563,2144,502,2142
2144:2143,1563,309,2146,2145,502
2145:502,2144,2146,503,983,982
2146:2144,309,789,2147,503,2145
2147:2146,789,51,2152,2151,503
2148:115,983,2149,504,1343,1342
2149:983,503,2151,2150,504,2148
2150:2149,2151,505,985,984,504
2151:503,2147,2152,505,2150,2149
2152:2147,51,1149,2153,505,2151
2153:2152,1149,171,2155,2154,505
2154:505,2153,2155,506,986,985
2155:2153,171,651,2156,506,2154
2156:2155,651,5,2197,2196,506
2157:6,656,2158,507,2279,2278
2158:656,176,2160,2159,507,2157
2159:2158,2160,508,988,987,507
2160:176,1166,2161,508,2159,2158
2161:1166,56,2166,2162,508,2160
2162:2161,2166,510,2164,2163,508
2163:508,2162,2164,509,989,988
2164:2162,510,990,2165,509,2163
2165:2164,990,118,1351,1350,509
2166:56,806,2167,510,2162,2161
2167:806,326,2169,2168,510,2166
2168:2167,2169,511,991,990,510
2169:326,1616,2170,511,2168,2167
2170:1616,26,2184,2171,511,2169
2171:2170,2184,516,2173,2172,511
2172:511,2171,2173,512,992,991
2173:2171,516,996,2174,512,2172
2174:2173,996,120,2179,2178,512
2175:118,992,2176,513,1352,1351
2176:992,512,2178,2177,513,2175
2177:2176,2178,514,994,993,513
2178:512,2174,2179,514,2177,2176
2179:2174,120,1356,2180,514,2178
2180:2179,1356,240,2182,2181,514
2181:514,2180,2182,515,995,994
2182:2180,240,720,2183,515,2181
2183:2182,720,28,1630,1629,515
2184:26,716,2185,516,2171,2170
2185:716,236,2187,2186,516,2184
2186:2185,2187,517,997,996,516
2187:236,1346,2188,517,2186,2185
2188:1346,116,2193,2189,517,2187
2189:2188,2193,519,2191,2190,517
2190:517,2189,2191,518,998,997
2191:2189,519,999,2192,518,2190
2192:2191,999,121,1360,1359,518
2193:116,986,2194,519,2189,2188
2194:986,506,2196,2195,519,2193
2195:2194,2196,520,1000,999,519
2196:506,2156,2197,520,2195,2194
2197:2156,5,653,2198,520,2196
2198:2197,653,173,2200,2199,520
2199:520,2198,2200,521,1001,1000
2200:2198,173,1157,2201,521,2199
2201:2200,1157,53,2206,2205,521
2202:121,1001,2203,522,1361,1360
2203:1001,521,2205,2204,522,2202
2204:2203,2205,523,1003,1002,522
2205:521,2201,2206,523,2204,2203
2206:2201,53,797,2207,523,2205
2207:2206,797,317,2209,2208,523
2208:523,2207,2209,524,1004,1003
2209:2207,317,1589,2210,524,2208
2210:2209,1589,23,2224,2223,524
2211:28,722,2212,525,1631,1630
2212:722,242,2214,2213,525,2211
2213:2212,2214,526,1006,1005,525
2214:242,1364,2215,526,2213,2212
2215:1364,122,2220,2216,526,2214
2216:2215,2220,528,2218,2217,526
2217:526,2216,2218,527,1007,1006
2218:2216,528,1008,2219,527,2217
2219:2218,1008,124,1369,1368,527
2220:122,1004,2221,528,2216,2215
2221:1004,524,2223,2222,528,2220
2222:2221,2223,529,1009,1008,528
2223:524,2210,2224,529,2222,2221
2224:2210,23,707,2225,529,2223
2225:2224,707,227,2227,2226,529
2226:529,2225,2227,530,1010,1009
2227:2225,227,1319,2228,530,2226
2228:2227,1319,107,2233,2232,530
2229:124,1010,2230,531,1370,1369
2230:1010,530,2232,2231,531,2229
2231:2230,2232,532,1012,1011,531
2232:530,2228,2233,532,2231,2230
2233:2228,107,959,2234,532,2232
2234:2233,959,479,2236,2235,532
2235:532,2234,2236,533,1013,1012
2236:2234,479,2075,2237,533,2235
2237:2236,2075,1,2399,2398,533
2238:0,2076,2239,534,2401,2400
2239:2076,480,2241,2240,534,2238
2240:2239,2241,535,1015,1014,534
2241:480,960,2242,535,2240,2239
2242:960,108,2247,2243,535,2241
2243:2242,2247,537,2245,2244,535
2244:535,2243,2245,536,1016,1015
2245:2243,537,1017,2246,536,2244
2246:2245,1017,127,1378,1377,536
2247:108,1320,2248,537,2243,2242
2248:1320,228,2250,2249,537,2247
2249:2248,2250,538,1018,1017,537
2250:228,708,2251,538,2249,2248
2251:708,24,2265,2252,538,2250
2252:2251,2265,543,2254,2253,538
2253:538,2252,2254,539,1019,1018
2254:2252,543,1023,2255,539,2253
2255:2254,1023,129,2260,2259,539
2256:127,1019,2257,540,1379,1378
2257:1019,539,2259,2258,540,2256
2258:2257,2259,541,1021,1020,540
2259:539,2255,2260,541,2258,2257
2260:2255,129,1383,2261,541,2259
2261:2260,1383,249,2263,2262,541
2262:541,2261,2263,542,1022,1021
2263:2261,249,729,2264,542,2262
2264:2263,729,31,1657,1656,542
2265:24,1590,2266,543,2252,2251
2266:1590,318,2268,2267,543,2265
2267:2266,2268,544,1024,1023,543
2268:318,798,2269,544,2267,2266
2269:798,54,2274,2270,544,2268
2270:2269,2274,546,2272,2271,544
2271:544,2270,2272,545,1025,1024
2272:2270,546,1026,2273,545,2271
2273:2272,1026,130,1387,1386,545
2274:54,1158,2275,546,2270,2269
2275:1158,174,2277,2276,546,2274
2276:2275,2277,547,1027,1026,546
2277:174,654,2278,547,2276,2275
2278:654,6,2157,2279,547,2277
2279:2278,2157,507,2281,2280,547
2280:547,2279,2281,548,1028,1027
2281:2279,507,987,2282,548,2280
2282:2281,987,117,2287,2286,548
2283:130,1028,2284,549,1388,1387
2284:1028,548,2286,2285,549,2283
2285:2284,2286,550,1030,1029,549
2286:548,2282,2287,550,2285,2284
2287:2282,117,1347,2288,550,2286
2288:2287,1347,237,2290,2289,550
2289:550,2288,2290,551,1031,1030
2290:2288,237,717,2291,551,2289
2291:2290,717,27,2305,2304,551
2292:31,731,2293,552,1658,1657
2293:731,251,2295,2294,552,2292
2294:2293,2295,553,1033,1032,552
2295:251,1391,2296,553,2294,2293
2296:1391,131,2301,2297,553,2295
2297:2296,2301,555,2299,2298,553
2298:553,2297,2299,554,1034,1033
2299:2297,555,1035,2300,554,2298
2300:2299,1035,133,1396,1395,554
2301:131,1031,2302,555,2297,2296
2302:1031,551,2304,2303,555,2301
2303:2302,2304,556,1036,1035,555
2304:551,2291,2305,556,2303,2302
2305:2291,27,1617,2306,556,2304
2306:2305,1617,327,2308,2307,556
2307:556,2306,2308,557,1037,1036
2308:2306,327,807,2309,557,2307
2309:2308,807,57,2314,2313,557
2310:133,1037,2311,558,1397,1396
2311:1037,557,2313,2312,558,2310
2312:2311,2313,559,1039,1038,558
2313:557,2309,2314,559,2312,2311
2314:2309,57,1167,2315,559,2313
2315:2314,1167,177,2317,2316,559
2316:559,2315,2317,560,1040,1039
2317:2315,177,657,2318,560,2316
2318:2317,657,7,2359,2358,560
2319:8,662,2320,561,2441,2440
2320:662,182,2322,2321,561,2319
2321:2320,2322,562,1042,1041,561
2322:182,1184,2323,562,2321,2320
2323:1184,62,2328,2324,562,2322
2324:2323,2328,564,2326,2325,562
2325:562,2324,2326,563,1043,1042
2326:2324,564,1044,2327,563,2325
2327:2326,1044,136,1405,1404,563
2328:62,824,2329,564,2324,2323
2329:824,344,2331,2330,564,2328
2330:2329,2331,565,1045,1044,564
2331:344,1670,2332,565,2330,2329
2332:1670,32,2346,2333,565,2331
2333:2332,2346,570,2335,2334,565
2334:565,2333,2335,566,1046,1045
2335:2333,570,1050,2336,566,2334
2336:2335,1050,138,2341,2340,566
2337:136,1046,2338,567,1406,1405
2338:1046,566,2340,2339,567,2337
2339:2338,2340,568,1048,1047,567
2340:566,2336,2341,568,2339,2338
2341:2336,138,1410,2342,568,2340
2342:2341,1410,258,2344,2343,568
2343:568,2342,2344,569,1049,1048
2344:2342,258,738,2345,569,2343
2345:2344,738,34,1684,1683,569
2346:32,734,2347,570,2333,2332
2347:734,254,2349,2348,570,2346
2348:2347,2349,571,1051,1050,570
2349:254,1400,2350,571,2348,2347
2350:1400,134,2355,2351,571,2349
2351:2350,2355,573,2353,2352,571
2352:571,2351,2353,572,1052,1051
2353:2351,573,1053,2354,572,2352
2354:2353,1053,139,1414,1413,572
2355:134,1040,2356,573,2351,2350
2356:1040,560,2358,2357,573,2355
2357:2356,2358,574,1054,1053,573
2358:560,2318,2359,574,2357,2356
2359:2318,7,659,2360,574,2358
2360:2359,659,179,2362,2361,574
2361:574,2360,2362,575,1055,1054
2362:2360,179,1175,2363,575,2361
2363:2362,1175,59,2368,2367,575
2364:139,1055,2365,576,1415,1414
2365:1055,575,2367,2366,576,2364
2366:2365,2367,577,1057,1056,576
2367:575,2363,2368,577,2366,2365
2368:2363,59,815,2369,577,2367
2369:2368,815,335,2371,2370,577
2370:577,2369,2371,578,1058,1057
2371:2369,335,1643,2372,578,2370
2372:2371,1643,29,2386,2385,578
2373:34,740,2374,579,1685,1684
2374:740,260,2376,2375,579,2373
2375:2374,2376,580,1060,1059,579
2376:260,1418,2377,580,2375,2374
2377:1418,140,2382,2378,580,2376
2378:2377,2382,582,2380,2379,580
2379:580,2378,2380,581,1061,1060
2380:2378,582,1062,2381,581,2379
2381:2380,1062,142,1423,1422,581
2382:140,1058,2383,582,2378,2377
2383:1058,578,2385,2384,582,2382
2384:2383,2385,583,1063,1062,582
2385:578,2372,2386,583,2384,2383
2386:2372,29,725,2387,583,2385
2387:2386,725,245,2389,2388,583
2388:583,2387,2389,584,1064,1063
2389:2387,245,1373,2390,584,2388
2390:2389,1373,125,2395,2394,584
2391:142,1064,2392,585,1424,1423
2392:1064,584,2394,2393,585,2391
2393:2392,2394,586,1066,1065,585
2394:584,2390,2395,586,2393,2392
2395:2390,125,1013,2396,586,2394
2396:2395,1013,533,2398,2397,586
2397:586,2396,2398,587,1067,1066
2398:2396,533,2237,2399,587,2397
2399:2398,2237,1,2561,2560,587
2400:0,2238,2401,588,1753,1752
2401:2238,534,2403,2402,588,2400
2402:2401,2403,589,1069,1068,588
2403:534,1014,2404,589,2402,2401
2404:1014,126,2409,2405,589,2403
2405:2404,2409,591,2407,2406,589
2406:589,2405,2407,590,1070,1069
2407:2405,591,1071,2408,590,2406
2408:2407,1071,145,1432,1431,590
2409:126,1374,2410,591,2405,2404
2410:1374,246,2412,2411,591,2409
2411:2410,2412,592,1072,1071,591
2412:246,726,2413,592,2411,2410
2413:726,30,2427,2414,592,2412
2414:2413,2427,597,2416,2415,592
2415:592,2414,2416,593,1073,1072
2416:2414,597,1077,2417,593,2415
2417:2416,1077,147,2422,2421,593
2418:145,1073,2419,594,1433,1432
2419:1073,593,2421,2420,594,2418
2420:2419,2421,595,1075,1074,594
2421:593,2417,2422,595,2420,2419
2422:2417,147,1437,2423,595,2421
2423:2422,1437,267,2425,2424,595
2424:595,2423,2425,596,1076,1075
2425:2423,267,747,2426,596,2424
2426:2425,747,37,1711,1710,596
2427:30,1644,2428,597,2414,2413
2428:1644,336,2430,2429,597,2427
2429:2428,2430,598,1078,1077,597
2430:336,816,2431,598,2429,2428
2431:816,60,2436,2432,598,2430
2432:2431,2436,600,2434,2433,598
2433:598,2432,2434,599,1079,1078
2434:2432,600,1080,2435,599,2433
2435:2434,1080,148,1441,1440,599
2436:60,1176,2437,600,2432,2431
2437:1176,180,2439,2438,600,2436
2438:2437,2439,601,1081,1080,600
2439:180,660,2440,601,2438,2437
2440:660,8,2319,2441,601,2439
2441:2440,2319,561,2443,2442,601
2442:601,2441,2443,602,1082,1081
2443:2441,561,1041,2444,602,2442
2444:2443,1041,135,2449,2448,602
2445:148,1082,2446,603,1442,1441
2446:1082,602,2448,2447,603,2445
2447:2446,2448,604,1084,1083,603
2448:602,2444,2449,604,2447,2446
2449:2444,135,1401,2450,604,2448
2450:2449,1401,255,2452,2451,604
2451:604,2450,2452,605,1085,1084
2452:2450,255,735,2453,605,2451
2453:2452,735,33,2467,2466,605
2454:37,749,2455,606,1712,1711
2455:749,269,2457,2456,606,2454
2456:2455,2457,607,1087,1086,606
2457:269,1445,2458,607,2456,2455
2458:1445,149,2463,2459,607,2457
2459:2458,2463,609,2461,2460,607
2460:607,2459,2461,608,1088,1087
2461:2459,609,1089,2462,608,2460
2462:2461,1089,151,1450,1449,608
2463:149,1085,2464,609,2459,2458
2464:1085,605,2466,2465,609,2463
2465:2464,2466,610,1090,1089,609
2466:605,2453,2467,610,2465,2464
2467:2453,33,1671,2468,610,2466
2468:2467,1671,345,2470,2469,610
2469:610,2468,2470,611,1091,1090
2470:2468,345,825,2471,611,2469
2471:2470,825,63,2476,2475,611
2472:151,1091,2473,612,1451,1450
2473:1091,611,2475,2474,612,2472
2474:2473,2475,613,1093,1092,612
2475:611,2471,2476,613,2474,2473
2476:2471,63,1185,2477,613,2475
2477:2476,1185,183,2479,2478,613
2478:613,2477,2479,614,1094,1093
2479:2477,183,663,2480,614,2478
2480:2479,663,9,2521,2520,614
2481:10,668,2482,615,1793,1792
2482:668,188,2484,2483,615,2481
2483:2482,2484,616,1096,1095,615
2484:188,1202,2485,616,2483,2482
2485:1202,68,2490,2486,616,2484
2486:2485,2490,618,2488,2487,616
2487:616,2486,2488,617,1097,1096
2488:2486,618,1098,2489,617,2487
2489:2488,1098,154,1459,1458,617
2490:68,842,2491,618,2486,2485
2491:842,362,2493,2492,618,2490
2492:2491,2493,619,1099,1098,618
2493:362,1724,2494,619,2492,2491
2494:1724,38,2508,2495,619,2493
2495:2494,2508,624,2497,2496,619
2496:619,2495,2497,620,1100,1099
2497:2495,624,1104,2498,620,2496
2498:2497,1104,156,2503,2502,620
2499:154,1100,2500,621,1460,1459
2500:1100,620,2502,2501,621,2499
2501:2500,2502,622,1102,1101,621
2502:620,2498,2503,622,2501,2500
2503:2498,156,1464,2504,622,2502
2504:2503,1464,276,2506,2505,622
2505:622,2504,2506,623,1103,1102
2506:2504,276,756,2507,623,2505
2507:2506,756,40,1738,1737,623
2508:38,752,2509,624,2495,2494
2509:752,272,2511,2510,624,2508
2510:2509,2511,625,1105,1104,624
2511:272,1454,2512,625,2510,2509
2512:1454,152,2517,2513,625,2511
2513:2512,2517,627,2515,2514,625
2514:625,2513,2515,626,1106,1105
2515:2513,627,1107,2516,626,2514
2516:2515,1107,157,1468,1467,626
2517:152,1094,2518,627,2513,2512
2518:1094,614,2520,2519,627,2517
2519:2518,2520,628,1108,1107,627
2520:614,2480,2521,628,2519,2518
2521:2480,9,665,2522,628,2520
2522:2521,665,185,2524,2523,628
2523:628,2522,2524,629,1109,1108
2524:2522,185,1193,2525,629,2523
2525:2524,1193,65,2530,2529,629
2526:157,1109,2527,630,1469,1468
2527:1109,629,2529,2528,630,2526
2528:2527,2529,631,1111,1110,630
2529:629,2525,2530,631,2528,2527
2530:2525,65,833,2531,631,2529
2531:2530,833,353,2533,2532,631
2532:631,2531,2533,632,1112,1111
2533:2531,353,1697,2534,632,2532
2534:2533,1697,35,2548,2547,632
2535:40,758,2536,633,1739,1738
2536:758,278,2538,2537,633,2535
2537:2536,2538,634,1114,1113,633
2538:278,1472,2539,634,2537,2536
2539:1472,158,2544,2540,634,2538
2540:2539,2544,636,2542,2541,634
2541:634,2540,2542,635,1115,1114
2542:2540,636,1116,2543,635,2541
2543:2542,1116,160,1477,1476,635
2544:158,1112,2545,636,2540,2539
2545:1112,632,2547,2546,636,2544
2546:2545,2547,637,1117,1116,636
2547:632,2534,2548,637,2546,2545
2548:2534,35,743,2549,637,2547
2549:2548,743,263,2551,2550,637
2550:637,2549,2551,638,1118,1117
2551:2549,263,1427,2552,638,2550
2552:2551,1427,143,2557,2556,638
2553:160,1118,2554,639,1478,1477
2554:1118,638,2556,2555,639,2553
2555:2554,2556,640,1120,1119,639
2556:638,2552,2557,640,2555,2554
2557:2552,143,1067,2558,640,2556
2558:2557,1067,587,2560,2559,640
2559:640,2558,2560,641,1121,1120
2560:2558,587,2399,2561,641,2559
2561:2560,2399,1,1913,1912,641
