63
611
613
1185
825
826
827
2470
2471
2475
2476
2477
3105
6111
6112
6113
6114
2745
2746
2747
5031
5032
5033
5034
5037
4389
4390
4391
9965
9967
9968
9969
9970
9971
9976
9977
9979
9980
4395
4396
4397
9981
9982
9983
9984
9985
9986
9987
9988
9989
9991
10785
19551
19552
19553
19554
13791
13792
13793
28569
28570
28571
28572
28573
28574
28575
28576
28578
10425
10426
10427
18471
18472
18473
18474
18475
18476
18477
18478
18479
12711
12712
12713
25329
25330
25331
25332
25333
25334
25335
25336
25337
12714
12715
12716
25338
25340
12717
12718
12719
25347
25348
25349
27731
12069
12070
12071
23404
23405
23406
23407
23408
23409
23410
23411
40133
17646
17647
17648
40136
40139
40140
40141
40142
17649
17650
17651
40143
40144
40145
40146
40147
40148
40149
40150
40151
27745
17657
40164
40165
40166
40167
40168
40169
17659
40171
40172
40173
40174
40175
40176
40177
40178
12075
12076
12077
23421
23422
23423
23424
23425
23426
23427
23428
23429
17661
17662
17663
40179
40180
40181
40182
40183
40184
40185
40186
40187
17664
17665
17666
40188
40189
40190
40191
40192
40193
40194
40195
40196
17667
17668
17669
40197
40198
40199
40200
40201
40202
40203
40204
40205
40206
40207
40208
40209
40210
40215
40216
41505
73311
73312
73313
73314
50271
50272
50273
99609
99610
99611
99612
99613
99614
99615
99616
99618
99619
44511
44512
44513
82329
82330
82331
82332
82333
82334
82335
82336
82337
59289
59290
59291
126663
126664
126665
126666
126667
126668
126669
126670
126671
59292
59293
59294
126672
126673
126674
126675
126676
126677
126678
126679
126680
59295
59296
59297
126681
126682
126683
126684
126685
126687
59298
126690
126691
126692
41145
41146
41147
72231
72232
72233
72234
72235
72236
72237
72238
72239
49191
49192
49193
96369
96370
96371
96372
96373
96374
96375
96376
96377
49194
49195
49196
96378
96379
96380
96381
96382
96383
96384
96385
96386
49197
49198
49199
96387
96388
96389
96390
96391
96392
96393
96394
96395
43431
43432
43433
79089
79090
79091
79092
79093
79094
79095
79096
79097
56049
56050
56051
116945
116946
116947
116948
116949
116950
116951
56052
56053
56054
116952
116953
116954
116955
116956
116957
116958
116959
116960
56055
56056
56057
116961
116962
116963
116964
116965
116966
116967
116968
116969
43434
43435
43436
79098
79099
79100
79101
79102
79103
79104
79105
79106
56058
56059
56060
116970
116972
116976
116978
43437
43438
43439
79107
79108
79109
79110
79111
79113
56067
56068
56069
116997
116998
116999
117000
117001
117002
117003
117004
117005
58451
124147
124148
124149
124150
124151
42789
42790
42791
77163
77164
77165
77166
77167
77168
77169
77170
77171
54124
54125
111169
111170
111171
111172
111173
54126
54127
54128
111174
111175
111176
111177
111178
111179
111180
111181
111182
54129
54130
54131
111183
111184
111185
111186
111187
111188
111189
111190
111191
70852
70853
161354
161355
161356
161357
48366
48367
48368
93894
93895
93896
93897
93898
93899
93900
93901
93902
161366
70857
70858
70859
161372
161373
161374
161375
70860
70861
70862
161376
161377
161378
161379
161380
161381
161382
161383
161384
48369
48370
48371
93903
93904
93905
93906
93907
93908
93909
93910
93911
70863
70864
70865
161385
161386
161387
161388
161389
161390
161391
161392
161393
70866
70867
70868
161394
161395
161396
161397
161398
161399
161400
161401
161402
70869
70870
70871
161403
161404
161405
161406
161407
161408
161409
161410
161411
124188
124189
124190
124191
124192
124193
124194
124195
93925
93926
93927
93928
93929
161447
70884
70885
70886
161449
161450
161451
161452
161453
161454
161455
161456
70887
70888
70889
161457
161458
161459
161460
161461
161462
161463
161464
161465
93933
93934
93935
93937
93938
161469
161470
161471
161472
161473
161474
70893
70894
70895
161475
161476
161477
161478
161479
161480
161481
161482
161483
70896
70897
70898
161484
161485
161486
161487
161488
161489
161490
161491
161492
42795
42796
42797
77181
77182
77183
77184
77185
77186
77187
77188
77189
54141
54142
54143
111219
111220
111221
111222
111223
111224
111225
111226
111227
54144
54145
54146
111228
111229
111230
111231
111232
111233
111234
111235
111236
54147
54148
54149
111237
111238
111239
111240
111241
111242
111243
111244
111245
48381
48382
48383
93939
93940
93941
93942
93943
93944
93945
93946
93947
70899
70900
70901
161493
161494
161495
161496
161497
161498
161499
161500
161501
70902
70903
70904
161502
161503
161504
161505
161506
161507
161508
161509
161510
70905
70906
70907
161511
161512
161513
161514
161515
161516
161517
161518
161519
48384
48385
48386
93948
93949
93950
93951
93952
93953
93954
93955
93956
70908
70909
70910
161520
161521
161522
161523
161524
161525
161526
161527
161528
70911
70912
70913
161529
161530
161531
161532
161533
161534
161535
161536
161537
70914
70915
70916
161538
161539
161540
161541
161542
161543
161544
161545
161546
48387
48388
48389
93957
93958
93959
93960
93961
93962
93963
93964
93965
70917
70918
70919
161547
161548
161549
161550
161551
161552
161553
161554
161555
70920
70921
70922
161556
161557
161558
161559
161560
161561
161562
161563
161564
70923
70924
70925
161565
161566
161567
161568
161569
161570
161571
161572
161573
70926
70927
70928
161574
161575
161576
161577
161578
161579
161580
161581
161582
70929
70930
70931
161583
161584
161585
161586
161587
161588
161589
161590
70935
70936
161601
161602
161603
161604
161605
161606
161610
161611
288351
288352
196191
196192
196193
383769
383770
383771
383772
383773
383774
383775
383776
383778
173151
173152
173153
314649
314650
314651
314652
314653
314654
314655
314656
314657
222489
222490
222491
462663
462664
462665
462666
462667
462668
462669
462670
462671
222492
222493
222494
462672
462673
462674
462675
462676
462677
462678
462679
462680
222495
222496
222497
462681
462682
462683
462684
462685
462686
462687
222498
222499
462690
462691
462692
462693
167391
167392
167393
297369
297370
297371
297372
297373
297374
297375
297376
297377
205209
205210
205211
410823
410824
410825
410826
410827
410828
410829
410830
410831
205212
205213
205214
410832
410833
410834
410835
410836
410837
410838
410839
410840
205215
205216
205217
410841
410842
410843
410844
410845
410846
410847
410848
410849
182169
182170
182171
341703
341704
341705
341706
341707
341708
341709
341710
341711
249543
249544
249545
543825
543826
543827
543828
543829
543830
543831
543832
543833
249546
249547
249548
543834
543835
543836
543837
543838
543839
543840
543841
543842
249549
249550
249551
543843
543844
543845
543846
543847
543848
543849
543850
543851
182172
182173
182174
341712
341713
341714
341715
341716
341717
341718
341719
341720
249552
249553
249554
543852
543853
543854
543855
543856
543857
543858
543859
543860
249555
249556
249557
543861
543862
543863
543864
543865
543866
543867
543868
543869
249558
249559
249560
543870
543871
543872
543873
543874
543875
543876
543877
543878
182175
182176
182177
341721
341722
341723
341724
341725
341726
341727
341728
341729
249561
249562
249563
543879
543880
543881
543882
543883
543884
543885
543886
543887
249564
249565
249566
543888
543889
543890
543891
543892
543893
543894
249567
543897
543898
182178
341730
341731
341732
249570
249571
249572
543906
543907
543908
543909
543910
543911
543912
164025
164026
164027
287271
287272
287273
287274
287275
287276
287277
287278
287279
195111
195112
195113
380529
380530
380531
380532
380533
380534
380535
380536
380537
195114
195115
195116
380538
380539
380540
380541
380542
380543
380544
380545
380546
195117
195118
195119
380547
380548
380549
380550
380551
380552
380553
380554
380555
172071
172072
172073
311409
311410
311411
311412
311413
311414
311415
311416
311417
219249
219250
219251
452943
452944
452945
452946
452947
452948
452949
452950
452951
219252
219253
219254
452952
452953
452954
452955
452956
452957
452958
452959
452960
219255
219256
219257
452961
452962
452963
452964
452965
452966
452967
452968
452969
172074
172075
172076
311418
311419
311420
311421
311422
311423
311424
311425
311426
219258
219259
219260
452970
452971
452972
452973
452974
452975
452976
452977
452978
219261
219262
219263
452979
452980
452981
452982
452983
452984
452985
452986
452987
219264
219265
219266
452988
452989
452990
452991
452992
452993
452994
452995
452996
172077
172078
172079
311427
311428
311429
311430
311431
311432
311433
311434
311435
219267
219268
219269
452997
452998
452999
453000
453001
453002
453003
453004
453005
219270
219271
219272
453006
453007
453008
453009
453010
453011
453012
453013
453014
219273
219274
219275
453015
453016
453017
453018
453019
453020
453021
453022
453023
166311
166312
166313
294129
294130
294131
294132
294133
294134
294135
294136
294137
201969
201970
201971
401103
401104
401105
401106
401107
401108
401109
401110
401111
201972
201973
201974
401112
401113
401114
401115
401116
401117
401118
401119
401120
201975
201976
201977
401121
401122
401123
401124
401125
401126
401127
401128
401129
178929
178930
178931
331983
331984
331985
331986
331987
331988
331989
331990
331991
239824
239825
514671
514672
514673
239826
239827
239828
514676
514679
514680
514681
514682
239829
239830
239831
514683
514684
514685
514686
514687
514688
514689
514690
514691
178932
178933
178934
331992
331993
331994
331995
331996
331997
331998
331999
332000
239832
239833
239834
514692
514693
514694
514695
514696
514697
514698
514699
514700
239835
239836
239837
514701
514702
514703
514704
514706
514707
514708
514709
239838
239839
239840
514710
514711
514712
514713
514714
514715
514716
514717
514718
178935
178936
178937
332001
332002
332003
332004
332005
332006
332007
332008
332009
239841
239842
239843
514719
514720
514721
514722
514723
514724
514725
514726
514727
239844
239845
239846
514728
514729
514730
514731
514732
514733
514734
514735
514736
239847
239848
239849
514737
514738
514739
514740
514741
514742
514743
514744
514745
166314
166315
166316
294138
294139
294140
294141
294142
294143
294144
294145
294146
201978
201979
201980
401130
401131
401132
401133
401134
401135
401136
401137
401138
201981
201982
201983
401139
401140
401141
401142
401144
401145
401146
401147
201984
201985
201986
401148
401149
401150
401151
401152
401153
401154
401155
401156
178938
178939
178940
332010
332011
332012
332013
332014
332015
332016
332017
332018
239850
239851
239852
514748
514752
514754
239856
239857
239858
514764
514766
514770
166317
166318
166319
294147
294148
294149
294150
294151
294152
294153
294154
294155
201987
201988
201989
401157
401158
401159
401160
401161
401162
401163
401164
401165
201990
201991
201992
401166
401167
401168
401169
201993
401175
401176
178947
178948
178949
332037
332038
332039
332040
332041
332042
332043
332044
332045
239877
239878
239879
514827
514828
514829
514830
514831
514832
514833
514834
514835
239880
239881
239882
514836
514837
514838
514839
514840
514841
514842
514843
514844
239883
239884
239885
514845
514846
514847
514848
514849
514850
514851
514852
339188
339190
339191
247028
536278
536279
536280
536281
536282
247029
247030
247031
536283
536284
536285
536286
536287
536288
536289
536290
536291
165669
165670
165671
292203
292204
292205
292206
292207
292208
292209
292210
292211
200043
200044
200045
395325
395326
395327
395328
395329
395330
395331
395332
395333
200046
200047
200048
395334
395335
395336
395337
395338
395339
395340
395341
395342
200049
200050
200051
395343
395344
395345
395346
395347
395348
395349
395350
395351
177004
177005
326209
326210
326211
326212
326213
234049
234050
497344
497345
497346
497347
497348
234051
234052
234053
497349
497350
497351
497352
497353
497354
497355
497356
497357
177006
177007
177008
326214
326215
326216
326217
326218
326219
326220
326221
326222
234054
234055
234056
497358
497359
497360
497361
497362
497363
497364
497365
497366
234057
234058
234059
497367
497368
497369
497370
497371
497372
497373
497374
497375
234060
234061
234062
497376
497377
497378
497379
497380
497381
497382
497383
497384
177009
177010
177011
326223
326224
326225
326226
326227
326228
326229
326230
326231
234063
234064
234065
497385
497386
497387
497388
497389
497390
497391
497392
497393
234066
234067
234068
497394
497395
497396
497397
497398
497399
497400
497401
497402
234069
234070
234071
497403
497404
497405
497406
497407
497408
497409
497410
497411
193732
193733
376393
376394
376395
376396
376397
284234
647898
647899
647900
284235
284236
284237
647901
647902
647903
647904
647905
647906
647907
647908
647909
171246
171247
171248
308934
308935
308936
308937
308938
308939
308940
308941
308942
216774
216775
216776
445519
445520
445521
445522
445523
445524
445525
445526
216777
216778
216779
445527
445528
445529
445530
445531
445532
445533
445534
445535
216780
216781
216782
445536
445537
445538
445539
445540
445541
445542
445543
445544
376406
284245
284246
647933
647934
647935
647936
193737
193738
193739
376409
376410
376411
376412
376413
376414
376415
284252
647954
284253
284254
284255
647955
647956
647957
647958
647959
647960
647961
647962
647963
193740
193741
193742
376416
376417
376418
376419
376420
376421
376422
376423
376424
284256
284257
284258
647964
647965
647966
647967
647968
647969
647970
647971
647972
284259
284260
284261
647973
647974
647975
647976
647977
647978
647979
647980
647981
284262
284263
284264
647982
647983
647984
647985
647986
647987
647988
647989
647990
171249
171250
171251
308943
308944
308945
308946
308947
308948
308949
308950
308951
216783
216784
216785
445545
445546
445547
445548
445549
445550
445551
445552
445553
216786
216787
216788
445554
445555
445556
445557
445558
445559
445560
445561
445562
216789
216790
216791
445563
445564
445565
445566
445567
445568
445569
445570
445571
193743
193744
193745
376425
376426
376427
376428
376429
376430
376431
376432
376433
284265
284266
284267
647991
647992
647993
647994
647995
647996
647997
647998
647999
284268
284269
284270
648000
648001
648002
648003
648004
648005
648006
648007
648008
284271
284272
284273
648009
648010
648011
648012
648013
648014
648015
648016
648017
193746
193747
193748
376434
376435
376436
376437
376438
376439
376440
376441
376442
284274
284275
284276
648018
648019
648020
648021
648022
648023
648024
648025
648026
284277
284278
284279
648027
648028
648029
648030
648031
648032
648033
648034
648035
284280
284281
284282
648036
648037
648038
648039
648040
648041
648042
648043
648044
193749
193750
193751
376443
376444
376445
376446
376447
376448
376449
376450
376451
284283
284284
284285
648045
648046
648047
648048
648049
648050
648051
648052
648053
284286
284287
284288
648054
648055
648056
648057
648058
648059
648060
648061
648062
284289
284290
284291
648063
648064
648065
648066
648067
648068
648069
648070
648071
536385
536386
536387
339231
339232
247068
247069
247070
536400
536401
536402
536403
536404
536405
536406
536407
536408
247071
247072
247073
536409
536410
536411
536412
536413
536414
536415
536416
536417
536418
536419
536420
536421
536422
536423
536424
536425
216805
216806
445610
445611
445612
445613
445614
445615
445616
216807
216808
216809
445617
445618
445619
445620
445621
445622
445623
445624
445625
648175
648176
648177
648178
648179
193764
193765
193766
376488
376489
376490
376491
376492
376493
376494
376495
376496
284328
284329
284330
648182
648183
648184
648185
648186
648187
648188
284331
284332
284333
648189
648190
648191
648192
648193
648194
648195
648196
648197
284334
284335
284336
648198
648199
648200
648201
648202
648203
648204
648205
648206
193767
193768
193769
376497
376498
376499
376500
376501
376502
376503
376504
376505
284337
284338
284339
648207
648208
648209
648210
648211
648212
648213
648214
648215
284340
284341
284342
648216
648217
648218
648219
648220
648221
648222
648223
648224
284343
284344
284345
648225
648226
648227
648228
648229
648230
648231
648232
648233
445630
445631
216813
216814
216815
445635
445636
445637
445638
445639
445640
445641
445642
445643
216817
445644
445645
445646
445647
445648
445649
445650
445651
445652
376510
376511
376513
376514
648238
648239
648241
648242
284349
284350
284351
648243
648244
648245
648246
648247
648248
648249
648250
648251
284352
284353
284354
648252
648253
648254
648255
648256
648257
648258
648259
648260
193773
193774
193775
376515
376516
376517
376518
376519
376520
376521
376522
376523
284355
284356
284357
648261
648262
648263
648264
648265
648266
648267
648268
648269
284358
284359
284360
648270
648271
648272
648273
648274
648275
648276
648277
648278
284361
284362
284363
648279
648280
648281
648282
648283
648284
648285
648286
648287
193776
193777
193778
376524
376525
376526
376527
376528
376529
376530
376531
376532
284364
284365
284366
648288
648289
648290
648291
648292
648293
648294
648295
648296
284367
284368
284369
648297
648298
648299
648300
648301
648302
648303
648304
648305
284370
284371
284372
648306
648307
648308
648309
648310
648311
648312
648313
648314
165675
165676
165677
292221
292222
292223
292224
292225
292226
292227
292228
292229
200061
200062
200063
395379
395380
395381
395382
395383
395384
395385
395386
395387
200064
200065
200066
395388
395389
395390
395391
395392
395393
395394
395395
395396
200067
200068
200069
395397
395398
395399
395400
395401
395402
395403
395404
395405
177021
177022
177023
326259
326260
326261
326262
326263
326264
326265
326266
326267
234099
234100
234101
497493
497494
497495
497496
497497
497498
497499
497500
497501
234102
234103
234104
497502
497503
497504
497505
497506
497507
497508
497509
497510
234105
234106
234107
497511
497512
497513
497514
497515
497516
497517
497518
497519
177024
177025
177026
326268
326269
326270
326271
326272
326273
326274
326275
326276
234108
234109
234110
497520
497521
497522
497523
497524
497525
497526
497527
497528
234111
234112
234113
497529
497530
497531
497532
497533
497534
497535
497536
497537
234114
234115
234116
497538
497539
497540
497541
497542
497543
497544
497545
497546
177027
177028
177029
326277
326278
326279
326280
326281
326282
326283
326284
326285
234117
234118
234119
497547
497548
497549
497550
497551
497552
497553
497554
497555
234120
234121
234122
497556
497557
497558
497559
497560
497561
497562
497563
497564
234123
234124
234125
497565
497566
497567
497568
497569
497570
497571
497572
497573
171261
171262
171263
308979
308980
308981
308982
308983
308984
308985
308986
308987
216819
216820
216821
445653
445654
445655
445656
445657
445658
445659
445660
445661
216822
216823
216824
445662
445663
445664
445665
445666
445667
445668
445669
445670
216825
216826
216827
445671
445672
445673
445674
445675
445676
445677
445678
445679
193779
193780
193781
376533
376534
376535
376536
376537
376538
376539
376540
376541
284373
284374
284375
648315
648316
648317
648318
648319
648320
648321
648322
648323
284376
284377
284378
648324
648325
648326
648327
648328
648329
648330
648331
648332
284379
284380
284381
648333
648334
648335
648336
648337
648338
648339
648340
648341
193782
193783
193784
376542
376543
376544
376545
376546
376547
376548
376549
376550
284382
284383
284384
648342
648343
648344
648345
648346
648347
648348
648349
648350
284385
284386
284387
648351
648352
648353
648354
648355
648356
648357
648358
648359
284388
284389
284390
648360
648361
648362
648363
648364
648365
648366
648367
648368
193785
193786
193787
376551
376552
376553
376554
376555
376556
376557
376558
376559
284391
284392
284393
648369
648370
648371
648372
648373
648374
648375
648376
648377
284394
284395
284396
648378
648379
648380
648381
648382
648383
648384
648385
648386
284397
284398
284399
648387
648388
648389
648390
648391
648392
648393
648394
648395
171264
171265
171266
308988
308989
308990
308991
308992
308993
308994
308995
308996
216828
216829
216830
445680
445681
445682
445683
445684
445685
445686
445687
445688
216831
216832
216833
445689
445690
445691
445692
445693
445694
445695
445696
445697
216834
216835
216836
445698
445699
445700
445701
445702
445703
445704
445705
445706
193788
193789
193790
376560
376561
376562
376563
376564
376565
376566
376567
376568
284400
284401
284402
648396
648397
648398
648399
648400
648401
648402
648403
648404
284403
284404
284405
648405
648406
648407
648408
648409
648410
648411
648412
648413
284406
284407
284408
648414
648415
648416
648417
648418
648419
648420
648421
648422
193791
193792
193793
376569
376570
376571
376572
376573
376574
376575
376576
376577
284409
284410
284411
648423
648424
648425
648426
648427
648428
648429
648430
648431
284412
284413
284414
648432
648433
648434
648435
648436
648437
648438
648439
648440
284415
284416
284417
648441
648442
648443
648444
648445
648446
648447
648448
648449
193794
193795
193796
376578
376579
376580
376581
376582
376583
376584
376585
376586
284418
284419
284420
648450
648451
648452
648453
648454
648455
648456
648457
648458
284421
284422
284423
648459
648460
648461
648462
648463
648464
648465
648466
648467
284424
284425
284426
648468
648469
648470
648471
648472
648473
648474
648475
648476
171267
171268
171269
308997
308998
308999
309000
309001
309002
309003
309004
309005
216837
216838
216839
445707
445708
445709
445710
445711
445712
445713
445714
445715
216840
216841
216842
445716
445717
445718
445719
445720
445721
445722
445723
445724
216843
216844
216845
445725
445726
445727
445728
445729
445730
445731
445732
445733
193797
193798
193799
376587
376588
376589
376590
376591
376592
376593
376594
376595
284427
284428
284429
648477
648478
648479
648480
648481
648482
648483
648484
648485
284430
284431
284432
648486
648487
648488
648489
648490
648491
648492
648493
648494
284433
284434
284435
648495
648496
648497
648498
648499
648500
648501
648502
648503
193800
193801
193802
376596
376597
376598
376599
376600
376601
376602
376603
376604
284436
284437
284438
648504
648505
648506
648507
648508
648509
648510
648511
648512
284439
284440
284441
648513
648514
648515
648516
648517
648518
648519
648520
648521
284442
284443
284444
648522
648523
648524
648525
648526
648527
648528
648529
648530
193803
193804
193805
376605
376606
376607
376608
376609
376610
376611
376612
376613
284445
284446
284447
648531
648532
648533
648534
648535
648536
648537
648538
648539
284448
284449
284450
648540
648541
648542
648543
648544
648545
648546
648547
648548
284451
284452
284453
648549
648550
648551
648552
648553
648554
648555
648556
193806
193807
193808
376614
376615
376616
376617
376618
376619
376620
376621
376622
284454
284455
284456
648558
648559
648560
648561
648562
648563
648564
648565
648566
284457
284458
284459
648567
648568
648569
648570
648571
648572
648573
648574
648575
284460
284461
284462
648576
648577
648578
648579
648580
648581
648582
648583
648584
193809
193810
193811
376623
376624
376625
376626
376627
376628
376629
376630
376631
284463
284464
284465
648585
648586
648587
648588
648589
648590
648591
648592
648593
284466
284467
284468
648594
648595
648596
648597
648598
648599
648600
648601
648602
284469
284470
648603
648604
648605
648606
648607
648608
648609
648610
376641
376642
376643
376644
376645
284481
284482
284483
648639
648640
648641
648642
648643
648644
648645
648646
648647
284484
284485
284486
648648
648649
648650
648651
648652
648653
648654
648655
648656
648657
648658
284490
284491
648666
648667
648668
648669
648670
648671
648675