9984
161504
161533
648362
648469
800464
868090
1236719
1357687
1517195
1680466
1992065
2600560
2600631
2744872
3600240
3751064
3751110
3751184
3763030
3763058
3853907
3958532
4252929
4565559
4565565
4566642
4566730
4948862
5225730
5433052
5433093
5433100
6041103
6041164
6128752
6331611
6331677
6331679
6343552
6538568
7662883
7975561
7975570
7976457
7976728
8012301
8597435
8597565
8598517
8598707
9065066
9065077
10419916
10420012
10420079
10422653
10422779
10422838
10423160
10423218
10423443
10423463
10423723
10423745
10423749
10423756
10423978
10493171
10702450
10819320
10969967
10970398
11067007
11188103
11627344
11822766
11822855
12431162
12813505
12813511
12813567
12985443
13101914
13297378
13905377
13905508
14044931
14196008
14558458
14558838
15011372
15011679
15037283
15232381
15388258
15840788
15840882
15876614
16461891
16929370
17346319
18286815
18288074
18288394
18288402
19490035
19802690
19803784
19803903
19898721
20094111
20196947
20908527
20908661
20909489
20909551
20909725
20909824
21130966
21131000
21774834
22360001
22360065
22360178
22361053
22361118
22361150
22827781
22827842
24182509
24182518
24182683
24185136
24185224
24185258
24185428
24185527
24185852
24185926
24186682
24413270
24724828
24880380
25359216
26162670
26162960
26162984
26198587
26784709
26784969
27251269
27251569
28606200
28606204
28606377
28609127
28609304
28609635
28609685
28609789
28610154
28610283
28610307
28610320
29480677
29480801
29516409
30101500
30102521
30568162
30569331
31923634
31923661
31924079
31926615
31926819
31926849
31927174
31927424
31927801
31927827
32004768
32589758
33057613
33474255
33474293
33474402
34412304
34415281
34415478
34415616
34415631
34522692
34523117
36278567
36281885
36282173
36282251
37681036
37681150
38931841
41745669
41745957
41746092
41746143
41753949
41754006
41754183
41754539
41754631
41754812
41754906
41755068
41755244
41755327
41755391
41755478
41755522
41755957
41756412
41756500
41756526
41756539
41756673
41756951
41757316
41757529
41757931
41950464
42090610
42645368
42796204
43072672
43072698
43280155
44351838
44754628
45361795
45362932
45665164
45755994
46467695
46689996
46845529
47298317
47298366
47333951
47919051
47919060
47920203
47920332
47920400
48386800
48386905
48803581
49741616
49745360
49807915
50294641
50445165
50445495
50652548
50808051
50808428
50947330
51260019
51260986
51261121
51446876
51758875
52366902
52367021
52367037
52367060
52367166
52588312
52882695
53196301
53196376
53196388
53196674
53196680
53232273
53817316
53817410
53817455
55639872
55639876
55639894
55642453
55642549
55643078
55643143
55643328
55643332
55772270
56789473
56789593
56790495
56816522
57011556
57618990
57620178
57620292
57655796
58708600
58708821
60063434
60063457
60063611
60066087
60066121
60066468
60066873
60329737
60937897
60938040
61558763
61559792
61560129
62443241
63381246
63381384
63381406
63384106
63384272
63384506
63385044
63461945
64047172
64513720
64513774
64931622
65869340
65869434
65872958
65872990
65873058
65873252
65979842
65980068
66797809
67735358
67735954
67738441
67738449
67738577
67739042
67739510
67739613
69138109
69138129
69138262
69138285
69138875
69138961
73202768
73202845
73210691
73210875
73211023
73211169
73211745
73212050
73212262
73212270
73212509
73213099
73213349
73213409
73213471
73213557
73214189
73214508
73214514
73494133
73761992
74141266
74245480
74245859
74245915
74853989
74854310
75144429
75351702
75506939
75960079
75960152
75985796
76336731
76336739
76336761
76475648
76475649
76789239
76789271
76789384
77410326
77410348
77411380
77411442
79232457
79232658
79232672
79235294
79235937
79236124
79236161
79236306
79236409
79236728
79775104
79930988
80382559
80383491
80383672
80383721
80383876
80409488
80604878
80604937
80626674
80626739
81212959
81213085
81248806
81833910
81833924
81833968
81834973
81835062
81835097
81835230
82301533
82301856
83656625
83659215
83659618
83660136
83660378
83922639
83944434
84078196
84566694
85151653
85152874
85152908
86974108
86974231
86976911
86977097
86977575
86977607
86977641
86977903
86978191
87640075
87640163
87706761
88524619
89462413
89462435
89462462
89462484
89465748
89465814
89465893
89465960
89466092
89466122
89466239
89466396
89572892
89572974
91328507
91328618
91331979
91332292
92731164
93981802
96795547
96796090
96796117
96803777
96803819
96803895
96803925
96803932
96804025
96804110
96804276
96804310
96804344
96804979
96805330
96805446
96805858
96805968
96806485
96806996
96807545
97262790
97274772
97469801
97470181
97470217
97470235
97764604
98077149
98299666
98321413
98907644
98907774
98908022
98908040
101351033
101351199
101351225
101353728
101354107
101354514
101355125
101355154
102225443
102225516
102261380
102846479
102847525
102847705
103314184
104668793
104668843
104671531
104672106
104672533
104672608
105334919
105335962
105336003
105336047
105401501
105801472
107160398
107160431
107160575
107160821
107161047
108085508
109023242
109023504
109023652
109026418
109027003
109027024
109027042
110426407
110426529
110426590
110426702
110426845
110426866
110426884
111676760
114490672
114490775
114490999
114491167
114498415
114498750
114499208
114499363
114499496
114500294
114501159
114501804
114501828
114502256
114502427
114888474
115495559
115496411
115496570
115496690
115496712
115532298
115532350
115532412
115532464
116117409
116117607
116118587
116118726
117002030
117940034
117942657
117942898
117943207
117943523
117944052
118020743
118605809
118672381
119073648
119490268
119490368
119490450
120428004
120428066
120428109
120428245
120428413
120431754
120431813
120431849
122294187
122294585
122297432
122297710
122297914
122298291
123694091
123694306
123696965
123697421
123697530
123697813
123697849
123697867
124947675
124947755
127761605
127761701
127761939
127762100
127769353
127769690
127769791
127770007
127770155
127770225
127770362
127770501
127770841
127771263
127771391
127771897
127772351
127772574
127773029
127773284
127773385
127773582
127773600
127773953
127973897
128559168
128559196
129443662
130381346
130384277
130384572
130384600
130384640
130384999
130385132
130385358
130492139
132247713
132247798
132250653
132250713
132251224
132251271
133650124
134900988
134901049
134901120
137714628
137714709
137714869
137715037
137715372
137722788
137722856
137722963
137723691
137723753
137724222
137724306
137724331
137724490
137724584
137724605
137724773
137724821
137725084
137725283
137725646
137725725
137725791
137725843
137726071
137726253
137956908
137957134
137957260
139712223
139712303
139712666
139715978
139716202
141112584
141115850
141115975
141116124
145179522
145179881
145180086
145180146
145180208
145180284
145180291
145187746
145188152
145188222
145188380
145188698
145188739
145188851
145189042
145189801
145190046
145190305
145190792
145190999
145191414
145191432
145191534
145191693
145510883
145511075
145511156
145512163
147964507
147964519
150777361
150777442
150778212
150778633
150778964
150786696
150786743
150786835
150787089
150787133
150787288
150787712
150787997
150788007
150788139
150788333
150788403
150788546
150788631
150789171
150789246
150789647
150790105
154977457
154977710
154977880
154977909
154978032
154978054
154978135
154986226
154987236
154987482
154987780
154987949
154988002
154988222
154988324
154988490
154988619
154988966
154988984
158737764
158737822
158738186
158738494
167177031
167177066
167177193
167177221
167179473
167179626
167179672
167180262
167180849
167181377
167203746
167204300
167204486
167205041
167205188
167205447
167205667
167206023
167206472
167207039
167207133
167207427
167207834
167208074
167208419
167209256
167209383
167209694
167209704
167209836
167209958
167210355
167210523
167210764
167210857
167210954
167211344
167211443
167211658
167211945
167211973
167212767
167212785
167212834
167212912
167213354
167213533
167213599
167213652
167214258
167214564
167215198
167215881
167215899
167215936
167215975
167216053
167216209
167892609
168256732
168285909
169109211
169109261
169264790
169716297
169717471
170099922
170271829
170376459
170388365
170583430
170739310
171190897
171191858
171192033
171279470
172297779
172519179
172674291
173127196
173127328
173127443
173127481
173127533
173748166
173749319
173749564
174215799
174632670
174632692
175570634
175570764
175573277
175573408
175573572
175573706
175573784
175574435
175574441
175795430
176079197
176123647
176274609
176377432
177112693
177392476
177392506
177587927
177587932
177587985
178417422
178572882
179024364
179025413
179025492
179025680
179025704
179646521
179646590
179647560
179647748
180114253
181468861
181468987
181471519
181471646
181471661
181471666
181471901
181472255
181472259
181472306
181536395
181601407
181608798
182011593
182619579
182619609
182619867
182645610
182840659
183448077
183449292
183449352
184070103
184537824
185892571
185895471
185895582
185895880
185895987
185896089
185896402
185896408
186180600
186766995
186767125
186767228
187387856
187389202
187855659
188272412
188272431
189210431
189210498
189213102
189213174
189213319
189214147
189877519
191698439
191701386
191701577
191702084
191702479
191809087
192626978
193564457
193564992
193565020
193567795
193568031
193568564
193568648
193568698
194967747
199031819
199032423
199039926
199040111
199040489
199040523
199040627
199040849
199040854
199041238
199041354
199041658
199041816
199041930
199042475
199042541
199042573
199043387
199319294
199591126
200681964
200683014
200973188
200973563
200985427
201180839
201336359
201787978
201788923
201789351
202617465
202618318
202618347
202654275
202926831
203239440
203240494
203240766
203706074
203706080
203707015
205064869
205065065
205065595
205409178
206212808
206212960
207042020
207042221
207042413
207663060
207663173
207663189
207664235
207664334
208129767
208130813
208547535
209485249
209485591
209488319
209489141
209489239
209556337
210359783
210359862
210359908
210360100
210395699
210981011
210981891
210982189
211447558
211448631
212803013
212803412
212805912
212806048
212806169
212806234
212806339
212806410
212806679
212806821
212807259
212807283
212807410
213470384
213470472
214353648
214353717
215291654
215294711
215294918
215294983
215295230
215295260
215295294
215402080
215402410
215402473
216219863
216219900
216219931
217157432
217157448
217157530
217160588
217160604
217161213
217161264
217161306
218557680
218560291
218560518
218560693
218560829
218561185
219811141
222624043
222624750
222624832
222624956
222624983
222625053
222625086
222625380
222625545
222632712
222633028
222633379
222633617
222634191
222634234
222634383
222634498
222634650
222635012
222635250
222635377
222635790
222635814
222635842
223091866
223091883
223091892
223103849
223194712
223194728
223907538
223907570
223907668
223907685
223933263
224772653
224772767
225357772
225358868
225359062
225825541
227180171
227180362
227183046
227183183
227183849
227183875
227183967
228054507
228090371
228363027
228675661
228676872
228676890
229560022
230501051
230501148
230501209
230501338
230501406
230501456
230501612
230501971
230501995
231164012
231165072
231165201
231630565
232048508
232989645
232989971
232990043
232990061
233096686
233097187
233914617
234852335
234852579
234852745
234852762
234856019
236254995
236255405
236255631
236255798
236255816
236255840
236255850
236255868
237505827
240319365
240319375
240319392
240319765
240319912
240320092
240320189
240320260
240327482
240327625
240327726
240327852
240328192
240328450
240328556
240328572
240328744
240328761
240328946
240329427
240329958
240330105
240330804
240330841
240331636
240331653
240331660
240331677
240717524
240717541
241011955
241325725
241361483
241946609
241946658
241947829
242414307
242831126
243768978
243769044
243769216
243769251
243771707
243771724
243772241
243772380
243772984
243773037
244501442
244501629
245319434
246257435
246257452
246260987
246367911
248123638
248123723
248126423
248126811
248127121
249523264
249525999
249526169
249526598
249526615
249526881
250776758
253589856
253590838
253590960
253598846
253598863
253599076
253599394
253599573
253600003
253600165
253600331
253600710
253601605
253601641
253601818
253601890
253601907
253602422
253803223
254388235
254388270
254389468
254454722
254454825
254454921
254855933
254855950
256210475
256210556
256210572
256210774
256213450
256213640
256214270
256321198
256321619
257138918
258076734
258079815
258080179
258080665
259476533
259476725
259476777
259479400
259479764
259479781
260730005
260730088
263543670
263544377
263552037
263552687
263552793
263553275
263553290
263553662
263553739
263554510
263554784
263555320
263555828
263555988
263556340
263556379
263556415
263785959
263786319
263786529
265541513
265541529
265542030
265545116
265545589
265545607
265741611
265741815
266944896
268195117
271008800
271009167
271009351
271016933
271017325
271017911
271018017
271018087
271018228
271018513
271018530
271018656
271018760
271019088
271019219
271019235
271020173
271020316
271021028
271339938
271340476
276606982
276607310
276607595
276607612
276615746
276615763
276616156
276616173
276616289
276616306
276616460
276616644
276616991
276617207
276617224
276617323
276617470
276617505
276617684
276617699
276618122
276618138
276618569
276618803
276618821
276619126
280806351
280806435
280806496
280806922
280806930
280807099
280807322
280814786
280814803
280815196
280816802
280817004
280817503
280817538
280817556
280817578
280817592
293006238
293008298
293008711
293008967
293009147
293009253
293009853
293010514
293010741
293032631
293033116
293033987
293034140
293034361
293034728
293034741
293035126
293035371
293035645
293036111
293036346
293036477
293036529
293036913
293037209
293037378
293037591
293039268
293039316
293039420
293039436
293039756
293039804
293039924
293040089
293040105
293040517
293040606
293041012
293041029
293041636
293041674
293041752
293041834
293042332
293042349
293042527
293042556
293042975
293043109
293043155
293043836
293044088
293044140
293044158
293044166
293044205
293044236
293044960
293625973
294239471
294446764
294446813
294446866
295054925
295055076
295142513
295149907
296159822
296159831
296160847
296160891
296161094
296989263
296989273
296990239
297612282
297612448
298078842
299436838
299436881
299437020
299437153
299437279
299437299
299437500
299437560
299437800
300583507
301412849
301413988
301414037
301414205
301414221
302035073
302035967
302036294
302502528
303857364
303857556
303860000
303860016
303860293
303861172
303861247
303861416
303928161
304731836
304767510
305353796
305820266
305820487
305820493
306237168
307175124
307175269
307177897
307177911
307178129
307178202
307178540
307255908
307255933
307842331
307842380
307907692
308725554
309663313
309663326
309663340
309663465
309666412
309666594
309666607
309666795
309666945
309666959
309666971
309666987
309667042
309667153
309774287
311529324
311529377
311529392
311529404
311529420
311533005
311533120
311533385
312929388
312932542
314182751
316997268
316997335
317004641
317004675
317004804
317005466
317005482
317005798
317006048
317006174
317006505
317006689
317007012
317007037
317007467
317007550
317008591
317008608
317008708
317009185
317463408
317463424
317826289
317826306
318278126
318279397
318279501
318522414
318656097
319108548
319108562
319108933
319144593
319730769
319730970
320196293
320197456
320197473
321554728
321555100
321555284
321555301
321555413
321555503
322112797
322112812
322425413
322425429
322426306
322426386
322462327
322734853
323048603
323048619
323048765
323514070
324869528
324869532
324869559
324872842
324873041
324873402
324873424
324950723
325535770
325536873
325602408
326002369
326420254
327358053
327361302
327361508
327361670
327361699
327361864
327361936
327361953
327361967
327468566
329224049
329224132
329224505
329224549
329227310
329227332
329227465
329227832
330627119
330627270
331877476
331877574
331877615
331877643
334691801
334691856
334691866
334691883
334692063
334699821
334701218
334701420
334701601
334702124
334702949
334703319
334703392
334703409
335697598
335697689
335697725
335733467
336319636
336319796
336385117
337202976
338140591
338141108
338144311
338806790
338806856
338806908
338808107
339691212
340629110
340631953
340632077
340632302
340632318
340632384
340739559
342495067
342495217
342498375
342498543
342498598
342498837
342498851
342498886
342499304
343898637
345148580
347962397
347962543
347962819
347962955
347970204
347970486
347970580
347970838
347971037
347971054
347971103
347971432
347971764
347971778
347971813
347971830
347972240
347972453
347972497
347972603
347973185
347973230
347973281
347973933
347973952
347973969
347974117
347974191
347974209
348174983
348761246
348761262
348761352
348761402
348761420
350582368
350582385
350582449
350582465
350585170
350585187
350585412
350585814
350585863
350585886
350586120
350586188
350586237
350692825
352448411
352451830
352452115
352452387
353848416
353851213
353851551
353851829
355101961
355102045
357916170
357916270
357916287
357916425
357923704
357923764
357924029
357924184
357924297
357924400
357924490
357925022
357925413
357925527
357925716
357925971
357926322
357926404
357926524
357926541
357927320
358158239
359913290
359913325
359913342
359913422
359913544
359913689
359913724
359913741
359916827
359917268
359917286
361313462
361313561
361316604
361316655
362566745
362567318
362567331
365380142
365380194
365380395
365380557
365380751
365380774
365380855
365388800
365388852
365388931
365389607
365389776
365390290
365390688
365391110
365391176
365391378
365391394
365391429
365391493
365392298
365392316
365711696
365712215
365712300
365712382
365712443
365713226
368165665
370978474
370978548
370978629
370978705
370978722
370979841
370980003
370987497
370987853
370987905
370988065
370988750
370988983
370989382
370990570
370990804
370990822
370990839
375178537
375186469
375186519
375186893
375186927
375187630
375187647
375187964
375188121
375188484
375188588
375188623
375188861
375188989
375189165
375189971
375190007
378938703
378938920
378939439
387380191
387380353
387380603
387380707
387380742
387380935
387380952
387381452
387381468
387381768
387382026
387382106
387403701
387404390
387404626
387405158
387405175
387405210
387405961
387406328
387406528
387407059
387407409
387407633
387407759
387407934
387408591
387408637
387408892
387409458
387409537
387409667
387409787
387409821
387410261
387410277
387410309
387410326
387410483
387410680
387411404
387411577
387412367
387412465
387412500
387412922
387413074
387413097
387413179
387414869
387415576
387415594
387415734
387415799
387415882
387416277
387416293
387416502
387416554
387417708
387417724
387417760
387417906
387418381
389058058
389434988
389886554
389886587
389887457
390508568
390509623
390509672
390975204
390975232
390976134
391393019
392330904
392330932
392334438
392334559
392334652
392334780
392619027
392619053
393241176
393827434
394293002
395648434
395651606
395651848
395651882
395651904
395652196
395652243
395652631
395652662
395729398
395729597
396381180
396782478
396782497
398139702
398139777
398139892
398140018
398140958
398141007
398141025
398247650
398247838
400003162
400003218
400003363
400006610
400006992
401402972
401402994
401403165
401405977
401406478
401406508
405469481
405470254
405478155
405478172
405479312
405479356
405479780
405479820
405479947
405480249
405480297
405480322
405480418
405480573
405480692
405481158
405481199
405481234
405481252
405482316
405890053
406162716
406475375
406476396
406476500
406512231
407097263
407097315
407097418
407098355
407098384
407981791
408922578
408922766
408922947
408923542
408923734
408923912
409585726
409586840
409587020
409652204
410053393
410470321
411407932
411407981
411408115
411410794
411410935
411411627
411411793
411412069
411518533
411518617
412336370
413274010
413274179
413274264
413277127
413277883
413277936
413278007
414674037
414674180
414677224
414677285
414677778
415927501
415927626
418741191
418741818
418741989
418749441
418749484
418749516
418750148
418750242
418750355
418751143
418751185
418751218
418751865
418752448
418753238
418753355
418753814
418753866
418953849
418953888
419540224
421361397
421361545
421364466
421364571
421364591
421365179
421472038
421472263
421472304
423227167
423227188
423227269
423227470
423227595
423230691
423230740
423230960
423231088
423231220
423231446
424627318
424630151
424630893
425880860
428694562
428694900
428695245
428695327
428702565
428702615
428702773
428703045
428703089
428704689
428704768
428705579
428705651
428705737
428705795
428705846
428705952
428706000
428706071
428706302
428706462
428706679
428936772
428936896
428936938
430692129
430692405
430692487
430692728
430696062
430892400
430892480
430892521
432095906
432095982
433345823
433345973
433346030
433346182
436159005
436159151
436159419
436159500
436159953
436160035
436168101
436168826
436169009
436169696
436169855
436170086
436170355
436170955
436171428
436171499
436171685
441756960
441756990
441757830
441758072
441758255
441758563
441766454
441766632
441766711
441767236
441768071
441768142
441768489
441768670
441768980
441769138
441769191
441769473
445957370
445957520
445965445
445965493
445965721
445965751
445966981
445967291
445967367
445967393
445967444
445967640
445967823
445967979
445968140
445968404
445968434
445968487
445968557
445968664
445968717
445968756
445968829
449718258
458159112
458159644
458159710
458159791
458159907
458159989
458160038
458160670
458160787
458160888
458160970
458161019
458183006
458183537
458183567
458184566
458185015
458185268
458185477
458186062
458186112
458186214
458186748
458186907
458186986
458187044
458187165
458187270
458187453
458187610
458188566
458188986
458189241
458189267
458189422
458189911
458190239
458190628
458190974
458190998
458191157
458191529
458192523
458192867
458192919
458193298
458193464
458193911
458194017
458194636
458194713
458194743
458195335
458195486
458195920
458196021
458196766
458196917
458756946
459596437
460181507
460181604
462003844
462003897
462006712
462006952
462007069
462007296
462007357
462007563
462007617
462007675
462007919
462084662
462084707
462670977
462736477
463554393
463554461
464492118
464492198
464495381
464495423
464495527
464495598
464495761
464495926
464495980
464496033
464496127
464496181
464602677
466358021
466358196
466358551
466358604
466358630
466362069
467760942
467761358
467761554
467761729
467761783
467761911
469011829
471825794
471825965
471826166
471833394
471833618
471833756
471833850
471833900
471834283
471834531
471834701
471835632
471835682
471835747
471835862
471836250
471836801
471836836
471836889
471837479
471837566
472037867
472038066
472624255
472624357
472689831
473507753
474448244
474448399
474448588
474448777
474449282
474449366
474449450
474556325
474556375
476311374
476311527
476311675
476311728
476311841
476311894
476311924
476311977
476314679
476314755
476314874
481778607
481778657
481778738
481779035
481779096
481779380
481787076
481787634
481787713
481787911
481788863
481788892
481789126
481789531
481789703
481789860
481789914
481790051
481790134
481790864
482020869
482021076
483776263
483776516
483776673
483780094
483780351
483976582
485176625
486430085
486430156
486430284
489242992
489243530
489243677
489244088
489253302
489253378
489253430
489253503
489253605
489253631
489253684
489254041
489254223
489254541
489255245
489255381
489255392
489255552
489255604
489574928
489575055
489575135
489575220
489576246
489576291
492028603
492028731
494841175
494841522
494841786
494842513
494842583
494842616
494843165
494850592
494851359
494851778
494851831
494851856
494851909
494852206
494852914
494852963
494852981
494853034
494853324
499049627
499049855
499051225
499051274
499051429
499051477
499051579
499051875
499052537
499052621
499052851
499052943
502802046
502802243
502802325
511242775
511244230
511244300
511244352
511244385
511244725
511244778
511244973
511245285
511245329
511245525
511245607
511267455
511267532
511267753
511267888
511267937
511268066
511268332
511268436
511268779
511268846
511268899
511268930
511268982
511269119
511269271
511269454
511269741
511269936
511269995
511270048
511270071
511270199
511270309
511270349
511270698
511270962
511271229
511271300
511271483
511271795
511272281
511272676
511272778
511272991
511273118
511273169
511273240
511274111
511274163
511274291
511274343
511274651
511274752
511275183
511275223
511275581
511276657
511277053
511277169
511277268
511277516
511277670
511277722
511278846
511279306
511279359
511279385
511279859
511280053
511280206
511851082
511851119
512437526
512502744
514258389
514258441
514258627
514258678
514261443
514261632
514261682
514261900
514262024
514369094
515186975
516124500
516125018
516127609
516127756
516127878
516128064
516128442
516128491
516324675
516324778
517524755
517527875
517527928
517528067
517528207
518778129
518778349
521591782
521592220
521592393
521600273
521600435
521600595
521600639
521600692
521600799
521601162
521601314
521601400
521601620
521601673
521601830
521601986
521602546
521602954
521603062
521603115
521603354
521603514
521603589
521834057
521834340
521834404
521834589
523589344
523589531
523589715
523589959
523593085
523593138
523593338
523789723
524989615
524989668
524992718
524992874
529056276
529056727
529057050
529057307
529057345
529057555
529065384
529065642
529065800
529065905
529066012
529066108
529066646
529066699
529067051
529067104
529067167
529067237
529067289
529067543
529067660
529068422
529068645
529068781
529068942
529387841
529389374
529389423
531841783
534654218
534655111
534655513
534655659
534655845
534656209
534663805
534663938
534664592
534664752
534664954
534665339
534665403
534665723
534666108
534666365
534666712
534666928
534666982
538854377
538855024
538855122
538855280
538862640
538864208
538864473
538864800
538864890
538864916
538864969
538865263
538865543
538865891
542615312
542615377
542615751
551054164
551055965
551056150
551057153
551057921
551058409
551080375
551080795
551081477
551082127
551082242
551082337
551082779
551083194
551083444
551084033
551084152
551084204
551084309
551084427
551084469
551084548
551084858
551084964
551085233
551085344
551085450
551085499
551085572
551085730
551086437
551086487
551086967
551087359
551087677
551087796
551088023
551088129
551088179
551088306
551088625
551088678
551089452
551089668
551090085
551090125
551090587
551090715
551090764
551091970
551092099
551092152
551092260
551092429
551092478
551092775
551093064
551093113
551093855
551093963
551693898
553449186
553449424
553449450
553449694
553449851
553452937
553453446
553649140
553649209
553649315
554852793
554852952
556102751
556102801
556102938
556103030
556103312
558916009
558916116
558916142
558916891
558917204
558917364
558925231
558925389
558925637
558927205
558927312
558927392
558927446
558927750
559247685
559247989
559248039
559248232
559248269
559248441
559248671
559249755
564514062
564514322
564514817
564515121
564515363
564515500
564515784
564515979
564516028
564523437
564523595
564523648
564523670
564523723
564523830
564524477
564524530
564525072
564525136
564525189
564525577
564525671
564525734
564525777
564526096
564526214
564526257
564526632
564527036
568714653
568714882
568722636
568722710
568722763
568723156
568724045
568724278
568724408
568724460
568724524
568724647
568724992
568725287
568725388
568725442
568725550
568725603
568725624
568725678
568725742
568725784
572474859
572474875
580914063
580915858
580916160
580916403
580916711
580916923
580917007
580917114
580917166
580917319
580918516
580940154
580940672
580940994
580941110
580941151
580941632
580941969
580942388
580942440
580942818
580943048
580943294
580943363
580943762
580943815
580944002
580944413
580944573
580944863
580945680
580946098
580946150
580946256
580946777
580946981
580947460
580947647
580947699
580947821
580947967
580948045
580948621
580948674
580948975
580949934
580950092
580950317
580950573
580951190
580951634
580951859
580951912
580951956
580953657
580953882
581642629
581642906
581643124
581643494
581643509
581644043
581644216
581644276
581644515
581644578
586908879
586909682
586910412
586910642
586918889
586918942
586919372
586919425
586919627
586919861
586919914
586920332
586920385
586920531
586920688
586920922
586921862
587509669
591109482
591118812
591119331
591119552
591119760
591119834
591119941
591119995
591120188
591120242
591120290
591120451
591120690
591120730
591120774
594869690
594869737
594869758
594870039
594870717
594871078
603309000
603309050
603310505
603310991
603311372
603311747
603312043
603312223
603312276
603312542
603312658
603312798
603312956
603313081
603313188
603313268
603313273
603313326
603335448
603335629
603336296
603336348
603336374
603336426
603336578
603336874
603337097
603337150
603337257
603337538
603337580
603338322
603338479
603338671
603338951
603339004
603339217
603339565
603339724
603339862
603339914
603340098
603341010
603341613
603341851
603342334
603343019
603343316
603343528
603344003
603344215
603344413
603344890
603345559
603345693
603346520
603346598
603346843
603347004
603347075
603347300
603347354
603347461
603347514
603347559
603347599
604304256
604304566
604304855
604305062
604305431
604305675
604305792
604306086
604306111
604306161
604306400
604306469
604306909
604306946
604308924
604309198
611665864
611665992
620103501
620103691
620103731
620104430
620104969
620105212
620105585
620105828
620105988
620106061
620106218
620106284
620106336
620106442
620106495
620106580
620107026
620107066
620107865
620108253
620108671
620109102
620131491
620131912
620132151
620132611
620132865
620133000
620133080
620133187
620133239
620133507
620134418
620134493
620134653
620134877
620134930
620134974
620135993
620136100
620136329
620136627
620136998
620137640
620137693
620138089
620138194
620138932
620139405
620139710
620139944
620140192
620140302
620140356
620140537
620140590
620140654
620141131
620141356
620142015
620142227
620142311
620142419
632704179
632704241
632704337
632704369
632704580
632704813
632705351
632705404
632705511
632705744
632705831
632705987
632706040
632706293
632706370
632706477
632706615
632706721
632729271
632729312
632729365
632729505
632729729
632730120
632730358
632730543
632730623
632730783
632731772
632731850
632732010
632733121
632733918
632734337
632735265
632735423
632735965
632736484
632736645
632736968
632737767
632738236
632738470
632738522
632738980
632739219
643985474
643985692
643985866
643985925
643986226
643986272
643986651
643986763
643987208
643987574
643987882
643989543
669303299
669303553
669303579
669303629
669303785
669303872
669303979
669304032
669308953
669309110
669309913
669310176
669310419
669310852
669310878
669311121
669311279
669311331
669311467
669311940
669312194
669312426
669312668
669312890
669313123
669313202
669313366
669313445
669313820
669314063
669314221
669314948
669315119
669315816
669315868
669316595
669316774
669316827
669317069
669380292
669380531
669380584
669381841
669382160
669382212
669382639
669383669
669383854
669383907
669384093
669384354
669384578
669384631
669385254
669385412
669385730
669385954
669385994
669386395
669386580
669387000
669387513
669387759
669387980
669388032
669388213
669388686
669388838
669389106
669389222
669389263
669389482
669390950
669391135
669391188
669391807
669392052
669392273
669392326
669392511
669392792
669393431
669393635
669394537
669395237
669395663
669395716
669396223
669396330
669396568
669396620
669396651
669396802
669396855
669397121
669397174
669397239
669397360
669397374
669398043
669398201
669398705
669399402
669399452
669399662
669399886
669400166
669400492
669400811
669401084
669401191
669401420
669401472
669401713
669401768
669401926
669401992
669402272
669402901
669402988
669403261
669403407
669403446
669404833
669405197
669405260
669405355
669405495
669405716
669405768
669405960
669406012
669406136
669407375
669407535
669407807
669408288
669408342
669408616
669408723
669408775
669409016
669409501
669409545
669409924
669409978
669410247
669410364
669410552
669410786
669410849
669410945
669410980
669411141
669411190
669411365
669411545
669411598
669411986
669412146
669412623
669412808
669413197
669413358
669413403
669413520
669413912
669413965
669414072
669414220
669414533
669415610
669415664
669415771
669415824
669416094
669416254
669416444
669417538
669417592
669417655
669417875
669417928
669418403
669418551
669418711
669419186
669419319
669419517
669419921
669420017
669420124
669420177
669420447
669420837
669421017
669422169
669422221
669422329
669422382
669422520
669422696
669422804
669423220
669423274
669423612
673144439
679314641
685328057
685328067
689769777
695018898
702916235
709528104
712804951
712805348
721877223
725949479
727739663
728674381
728675365
730567544
743635823
743643978
752839839
756917675
759526971
774325571
774335256
779933488
779933781
779935407
784122899
784133170
787883490
787883708
796352974
796355732
796357903
796357981
796360663
796360698
807177257
807734525
811158845
812982625
820322991
821595963
821817078
823047433
826830534
828189104
828190118
828267026
838008461
838016674
839014222
841460385
853902278
853902415
861232871
861241876
868706240
874304678
874305247
874305912
878504948
882255186
890725987
890728357
898968287
908786681
912240085
914727769
924680705
924681629
924681711
926547618
927947321
932253716
939484269
945073816
945074239
945074654
945083788
949282903
961500864
961502231
961505535
961509696
961511140
963499128
969677742
975152395
975152677
975153905
975154480
977872922
981031507
987292940
988493024
992571808
992571925
998159166
1014587590
1014593596
1014594068
1014596392
1024919659
1026909872
1032381554
1032385072
1045932182
1054370688
1054372498
1054373959
1054398453
1054400842
1056965996
1062232437
1062233212
1062233441
1062242976
1067842630
1084256580
1084260535
1084260946
1084263381
1084265933
1084268985
1098186275
1106664227
1136046261
1136046917
1136047156
1136050870
1172630458
1172698237
1172703007
1172705114
1172705913
1172708445
1172708952
1172710550
1172711824
1172715643
1172720357
1172721783
1172723771
1172739336
1178416450
1180370041
1181609728
1181764853
1181764865
1187982348
1187982793
1188059798
1197801094
1197810201
1203266093
1203852575
1210027862
1211431411
1217189016
1218948225
1223302116
1228766254
1228766848
1231389977
1231497284
1233252303
1233255897
1238719630
1240717268
1240717284
1243371007
1246184282
1246193416
1246196057
1251783600
1251792447
1251793567
1251794564
1255992412
1268185805
1268213725
1268216617
1269860954
1270691377
1273138461
1273138734
1276456708
1283460287
1286284458
1286285122
1286476683
1288369015
1290857293
1299556139
1302165305
1304031484
1309507959
1309508866
1309510365
1309510437
1311496619
1312899279
1317296072
1326771409
1338963050
1338965171
1338989077
1338990181
1338992736
1338996863
1338999494
1341453148
1345298983
1345299171
1349815606
1352640313
1353493592
1357115486
1362582428
1362825335
1364583952
1375645776
1375654656
1375656906
1375656958
1402403913
1405796784
1419658378
1419666946
1431886514
1431889679
1431893667
1432498261
1445319083
1445327329
1461744709
1461748759
1461749904
1461755956
1461756399
1462448465
1471922850
1471923868
1484139753
1484140507
1484142602
1485109824
1485112596
1500911054
1500911653
1500936031
1500939185
1500943297
1500945908
1513508885
1513537989
1513541094
1550119886
1550185439
1550186235
1550188950
1550189993
1550191669
1550195257
1550200835
1550205349
1550205397
1550206028
1550210137
1550214244
1550218717
1550223212
1557124812
1558212278
1560701748
1563925795
1569389669
1569399118
1569401362
1574389601
1575438041
1585391322
1592622519
1592623125
1592624544
1592624657
1594611811
1622103004
1622105158
1622107801
1622111436
1635745442
1635754828
1641634235
1641634299
1645698500
1645708962
1645940354
1653162713
1653162959
1653171770
1658770620
1675190920
1675195144
1675200376
1679106377
1680047495
1680047977
1681443992
1687509254
1687509408
1692986288
1692987541
1693308092
1698574339
1698583619
1714976371
1715000244
1715001100
1715001903
1715005480
1715006494
1715008139
1715010280
1715011149
1723167153
1723168577
1732643338
1744835856
1744860108
1745563053
1745563157
1750828856
1750838063
1751429366
1767255889
1767257143
1768225292
1784028887
1784028939
1784056006
1784058066
1796624491
1796648247
1796653452
1807905000
1833233768
1833234185
1833308149
1833309305
1833309763
1833312069
1833324313
1833326299
1833335260
1833337714
1833341967
1836438466
1848091551
1850704554
1852570656
1858045449
1860036220
1865499796
1865508973
1865830811
1871098372
1871108589
1875297989
1875307798
1887499271
1887499481
1887524543
1887526928
1887533470
1897848290
1905312314
1905312827
1915120156
1918870961
1918871585
1927336291
1929709071
1929709150
1932359106
1935181579
1944980210
1944980359
1948730687
1957169910
1957201206
1957206390
1957899197
1963166228
1963176605
1979568346
1979593484
1979596618
1979597995
1979599630
1979600491
1979600950
1980561264
1987922375
1996387853
1996388682
1996390112
1996391028
1996394338
1996397272
2008994157
2020241982
2020243533
2045569163
2045637901
2045641575
2045643368
2045644596
2045647872
2045649982
2045650682
2045651618
2045654568
2045654805
2045655740
2045669276
2045669674
2045676238
2051632982
2057100692
2057110372
2059101720
2061751910
2070163373
2070163532
2086590062
2086592589
2086596786
2086598884
2094433676
2094434560
2094756380
2094756626
2100022540
2100023373
2100033049
2116454871
2117151264
2122428469
2122430179
2138821144
2138850550
2139813183
2139817598
2155613838
2155616018
2155617427
2155645465
2155646742
2168241552
2168242137
2168242673
2179494871
2179495718
2204821486
2204821938
2204893049
2204895132
2204902125
2204902966
2204913130
2204920389
2204931493
2211051167
2213864360
2219471305
2223671944
2235896668
2235897340
2236590670
2241856829
2241868451
2258260402
2258261143
2258283382
2258286206
2258286832
2259253121
2259254428
2259256568
2266613654
2275054442
2275054710
2275057105
2275079894
2275084974
2275085351
2275089100
2287652595
2287653071
2287677172
2287677571
2287685618
2324257561
2324257816
2324260916
2324332418
2324335489
2324339975
2324343881
2324350556
2324358411
2331436351
2331438351
2347867458
2347868281
2347868973
2348835702
2356193432
2364635832
2364663377
2377256701
2377263774
2377266150
2413839247
2413912249
2413914691
2413915483
2413924561
2413927276
2413937959
2413940477
2413947046
2431854066
2444445229
2444447450
2455699584
2455700418
2481024985
2481028932
2481095299
2481097206
2481099731
2481101534
2481102077
2481106640
2481110706
2481111402
2481116908
2481121441
2481123981
2484007624
2484014465
2531401201
2531408218
2531409482
2531411003
2531412961
2531491414
2531492950
2531494315
2531497781
2531505591
2531506478
2531509054
2531510023
2531512864
2569201903
2569205550
2569208216
2569275730
2569288949
2569293965
2569303504
2569304788
2569304950
2603045369
2603049534
2679020481
2679037126
2679229669
2679233197
2679234915
2679245123
2679246301
2679249787
2679257638
2679260577
2679260734
2679265935
2679274827
2679278723
2679280558
2679290228
2679295932
2679296646
2679301718
2679302667
2679304075
2679308827
2679313022
2679313344
2679316304
2679316979
2679320770
2679320834
2679321737
2679329898
2679337076
2679341734
