210046
516085
587391
649614
893097
1561965
1613836
2086857
2203589
2859186
2882923
2934799
3342328
3342347
3752352
3787269
3897441
4052924
4169645
4570778
4620293
4633258
5261857
6044709
6199254
6270579
6633425
6964122
7197234
8415465
8415560
9232234
9232553
9873979
10433675
10434135
10434175
11023016
11444212
11444222
11444244
11554417
11651596
11651626
12434640
12459404
12866939
12957632
12957721
13091259
13165038
13391835
13391930
13722358
13722459
13909276
14497916
14828428
15171714
15327238
15327320
15327339
15443983
15657857
15844608
16065905
16279756
17096496
17738237
18298333
18298659
18298698
18298751
18419597
18579427
18712984
18927242
19063277
19063305
19290110
19406741
19834381
19922982
20033163
20240534
21069912
21342088
21342116
21556083
21742832
21847633
22178038
22178282
22430868
22644592
22995015
22995049
22995119
23637458
24196811
24196875
24196922
24456838
24553975
24554034
24592850
24664132
24819683
24819760
25150608
25422334
25422362
25493706
25765824
25765931
26271224
26271383
26387809
26601742
26601900
26854565
26854594
27068312
27068380
27068430
27068487
27068624
27068646
27418047
27418492
28060196
28620249
28620361
28620483
28811406
28967001
29297469
29484246
29705635
29919599
29919642
30386430
30735821
30736008
30736169
30736424
30736518
31377623
31377832
31378910
31937645
31938066
31938233
32193956
32194020
32874884
33224379
33224596
33224678
33867200
34426333
34426449
34426726
34426730
34427825
34740548
34740763
34741154
34741246
35090437
35732253
35732398
35732502
36490672
37132039
37132121
37132722
37132757
37133286
38181209
38181324
38181397
38181997
38182079
38182174
38182361
38182752
38182814
38182915
38183491
38183573
40107736
40107994
40108037
40110393
41786891
41787894
41788554
41788661
41789157
41792265
41966209
42064059
42366574
42366690
42524821
42625032
42825894
42901520
42901535
43219047
43491160
43491378
43891881
44287490
44693658
44965920
45366442
45393411
45520891
45654459
45799523
45955136
46472465
46518787
46629045
46901057
47523305
48203606
48203682
48203905
48554025
48554083
48554127
49195505
49195628
49755324
49757156
49810609
49997816
50036722
50313178
50313220
50676115
50747465
51077987
51969980
52370643
52682729
52799483
53013344
53013349
53304899
53421438
54451638
54451975
55093694
55653518
55653952
55976334
56050147
56050179
56393537
56393553
56607479
56607574
57106383
57437330
57437352
57623774
57728450
57728587
57845230
57845309
58059084
58059132
58525546
58525955
58875895
59517626
59517631
60077784
60079007
60079052
60197351
60197367
60268721
60424258
60540804
60754911
61046282
61376870
61843445
62193519
62193746
62193868
62835255
63396837
63534731
63651168
63651325
63651374
64331620
64331760
64681896
64682132
65323479
65323716
65883829
65883988
65884079
66197886
66198012
66198056
66198193
66198311
66198492
66547814
66547840
66547928
66548124
66548409
67189402
67189437
67189604
67189747
67189867
67750167
67947799
67947834
67947887
68588939
68589333
68589540
68589695
68590460
69638428
69639219
69639256
69639350
69639865
69639980
71565068
71565127
71565232
71565240
71565326
73243971
73243994
73245274
73245378
73245554
73245580
73245615
73246115
73246508
73249524
74039738
74184848
74340295
74670928
74857780
74858150
74921366
74921373
75219451
75446228
75563054
76275716
76392393
76793143
77014397
77014425
77014549
77228363
77694762
77694785
77695014
77695339
77695355
78686432
78686805
79247004
79247097
79247138
79247258
79248375
79435708
79714393
79714416
79714477
79986555
79986612
80200572
80387278
80387362
80699425
81029963
81216777
82118812
82118844
82119018
82468688
83110356
83110538
83670930
83790308
83861713
84017166
84133847
84133937
84348055
84639254
84755979
85436241
85436335
85786228
85786613
86428267
86428310
86987866
86988381
86988627
86988644
87127509
87458105
87458171
87458221
87458271
87924587
87924701
87924963
87925091
88274357
88274441
88274749
88274978
88275149
88916362
88916386
88916397
88916462
89476879
89478032
89791290
89791343
90141026
90141180
90782253
90782439
90782834
91540956
92182510
92182610
92182905
92183016
92183224
92183372
93231546
93232037
93232146
93232935
93233038
93233190
93233496
93233762
95157874
96836862
96836923
96838011
96838028
96838583
96838609
96838712
96838784
96838912
96838937
96842468
97130515
97201773
97409084
97564765
97681414
98167309
98238570
98238583
98510678
99346901
99599512
99813599
99813647
100163247
100163416
100163528
100805143
101365258
101365316
101366670
101446130
101485011
101556327
101828406
102042363
102042422
102042586
102333898
103131111
103131162
103131278
103131477
103481062
104122881
104683019
104683171
104683196
104822224
104822350
105152708
105152734
105153116
105969070
105969144
105969560
106611098
106611274
106611348
106611391
107171314
107171505
107171576
107835706
107835765
107835849
107836017
107836101
108477043
108477101
108477698
108477735
108478148
109235693
109235780
109235803
109876797
109876860
109876909
109877178
109877288
109877459
109877577
109877669
109877804
109877998
109878075
109878124
110927191
110927259
110927308
110927613
110928091
110928125
112852426
112852525
112852586
114531612
114531860
114531886
114532956
114533078
114533097
114533691
114533829
114827336
114982862
114982914
115099692
115313455
115605061
115935655
116402137
116402383
116402435
116752321
116752530
116752609
117393827
117954213
118209988
118424098
119240334
120442725
120756660
120757087
120757153
121106515
121106626
121107038
121107055
121748229
121748630
121748665
123148393
123149241
124197305
124197801
124197932
124198413
124198648
124199097
124199293
124199422
124199572
126123465
126123766
126123902
126124041
126126361
127802675
127804018
127804593
127804703
127804870
127804938
127805000
127805055
127808170
127808383
127808477
128046716
128377129
128843569
128843701
128843946
128844159
129835664
129835777
130395664
130395743
130710216
130710312
131059891
131059998
131701557
131702087
132459996
133100937
133101201
133101622
133101747
133101889
133102585
134150545
134151366
134152283
134152300
134152647
134152776
136076596
136076815
136076831
136077026
136077307
136079718
137756000
137757512
137757876
137757926
137758282
137761524
137761577
138174967
138175106
138524765
138525071
139166483
139167607
140565903
140566192
140566233
140566667
140566923
140567120
140567173
140567622
141615441
141616079
141616237
141616342
141616544
141616667
141617345
141617397
141617530
141617723
143541416
143541727
143541768
143541873
143542022
143542192
143544682
145222116
145222291
145222370
145222785
145226470
146164744
146164838
146165011
146165106
146165257
146165560
146165622
146165948
146166411
146166555
147214439
147214506
147214528
147214733
147216113
147216180
147216359
149139651
149139818
149140124
149140534
149140644
149140873
149141005
149141018
149141031
149141299
149141396
149141713
149141801
150821797
153338076
153338579
153338734
153338996
153339260
153340381
153340751
153340909
153340922
153341220
153341361
153341652
153342748
153342923
153342976
153343064
153343360
156486336
156486651
156486676
156486773
156488398
156488459
156488476
156488678
156488695
156489184
156489291
156489543
156489949
156490301
156490585
156490646
156491284
156491372
156491624
156491756
156491773
156492037
156492286
156492392
156492456
156492880
156493089
156493352
162265062
162265229
162265582
162265740
162266087
162266500
162266607
162266736
162267318
162267346
162267475
162274190
162274403
162274547
167302897
167303165
167303790
167306600
167306680
167307065
167307123
167307145
167307255
167307430
167307509
167308229
167308509
167308753
167309212
167309702
167309921
167319564
167319915
167319997
167320263
167996948
168124421
168309417
168378541
168564307
169048202
169320330
169928698
169928744
169928749
170205166
170522749
170522774
170606993
171421280
171421338
171557334
171628628
171900818
171900907
172115111
172301496
172386794
172458102
172730238
172944273
173235709
173566141
174033115
174033160
174382544
174383186
174383243
175025584
175584746
175584898
175585160
175937136
175999372
176142320
176142324
176421016
176693307
177319577
177455590
177611156
177799059
178199810
178199853
178200222
178356341
178356402
178511854
178842512
179029219
179134097
179250734
179464485
179464606
179930932
179930970
179931193
179931237
180281485
180281570
180922819
180923866
181950620
182106236
182222662
182623398
182935487
183888236
184704806
184704872
185347544
185906674
185908128
185987575
186026476
186097846
186253319
186991994
187205932
187206134
187672627
188022391
188022589
188022633
188664369
189224766
189363856
189480283
190161000
190161181
190510487
190511115
190511218
190511257
191152583
191152587
191712774
191713092
191713102
192027116
192027181
192027607
192376845
192376939
192377228
192377238
193777182
194418365
194418447
194418540
194419205
194419210
194419663
194419808
194419813
195467634
195467759
195467763
195468230
195468334
195468475
195469239
195469426
197393981
197394326
197396741
199074451
199074568
199074599
199074827
199075023
199075491
199078601
199078765
199244925
199275156
199344296
199458831
199644572
199696371
199735289
199903785
199942664
200169408
200286234
200500026
200686634
200686862
200841178
200912504
201009695
201275479
201392045
201949337
202843530
202843560
202843645
203524149
203524291
203873762
203873767
203873792
204515789
204515940
204516840
205075971
205076005
205433342
205699011
206029676
206262810
206262842
206645229
206859053
207045789
207045890
207481062
207733877
207947702
207948067
207948124
208298010
209499682
209499780
209499826
209501159
209619402
209690772
209963031
210176911
210363613
210468339
210585125
211265868
211615382
211615450
211615484
211615591
212817380
212956766
213287181
213287191
213753982
214103535
214103820
214103846
214745403
215620034
215969838
215969975
215970157
215970241
215970279
216611396
216611766
217369944
218011252
218011570
218011646
218011696
218011742
218011905
218012009
218012048
218012213
218012352
218012466
219060616
219061250
219061756
219061853
219062005
219062039
219062592
219062600
219062676
220986766
220986909
220987115
220987267
220989759
222666345
222667679
222667797
222667823
222667879
222667887
222667940
222668096
222668288
222668489
223030876
223238221
223393850
223510503
223724403
223911193
223996374
224740587
225642374
225642429
225642521
225642675
225642779
225642836
226634386
227194714
227275317
227385430
227385464
227541112
227657509
227657543
228058362
228493531
228493776
228960127
228960264
228960415
229310162
229310352
229310426
229310443
229952024
230512202
230512273
230651494
230981953
230982203
231448907
231448923
231798471
232440341
233000710
233314945
233315063
233315079
233664992
233665120
233665204
234306825
235705940
235705956
235706006
235706265
235706997
235707510
236755977
236756334
236756405
236756468
236756766
236757262
236757327
238681520
238681622
240360988
240361019
240361885
240362025
240366242
240656592
240812017
241434276
241764665
241764681
242231093
242231297
242231612
242581255
243222982
243223207
243223998
244252876
244253292
244719579
245069279
246271599
246271912
246272913
246585728
246585744
246935711
246935795
247577331
247578004
248977562
248978309
248978472
250026444
250026869
250026904
250027717
250028078
250028165
251951796
251952474
251952568
251952935
251953109
251953262
251955533
253631895
253632940
253633179
253633298
253633464
253633923
253633972
253637415
254673014
255022868
255022996
255023126
255664736
256539258
256539415
256539512
256539547
256889198
256889214
256889475
257530479
257530625
257530659
257530844
257530989
258289075
258930136
258930557
258931131
258931812
259980408
259981215
259981341
259981749
259981844
261905584
261905855
261905872
261906163
261908821
263584987
263586261
263586373
263586759
263586951
263587384
263590599
264003919
264004261
264004367
264353902
264354344
264354360
264354372
264995534
264996007
264996177
264996226
264996649
266395006
266395440
266395816
266395991
266396307
266396396
267445216
267445508
267445639
267446086
267446482
267446702
267446860
269370043
269370576
269370975
271051174
271051532
271051601
271051616
271051985
271052127
271052444
271052511
271994196
271994209
271994429
271994724
271994971
271995277
271995407
271995490
271995636
273043574
273043713
273044032
273044334
273044495
273044741
273045056
273045072
274968446
274968955
274969680
274969747
274970045
274970062
274970342
274970359
274970675
276650837
276650899
277244259
277244585
277244659
279167373
279167450
279167603
279168054
279168133
279168397
279168537
279168659
279169147
279169332
279169625
279169641
279169702
279169888
279170463
279170754
279171699
279171920
279171937
279172104
282315524
282315639
282315719
282316050
282316297
282317566
282318756
282318823
282319754
282319783
282320045
282320989
282321455
282322288
282322489
282322788
288092201
288093914
288095224
288095451
288095804
288096202
288096386
288096421
288103420
293132000
293132078
293132369
293135782
293135951
293136744
293136824
293137243
293137855
293137920
293138314
293138512
293138582
293139170
293139231
293139328
293148621
293148970
293149081
293149320
293149479
293791772
294016390
294275594
294314456
294871797
295213023
295381509
295647163
295647367
295764033
296476616
296593329
296593336
297098859
297098920
297429369
298245595
298246177
298246348
298888629
299447789
299447941
299447956
299448089
299448209
299449319
299522225
299636699
299770261
299844105
300187597
300187611
300588220
300900350
300900401
301017013
301017090
301017103
301522594
301852918
302319485
302319889
302669280
302669312
303311357
304334922
304548649
305637175
305637304
305637318
305637445
305986983
305987274
305987532
305987794
306628834
306629255
307189305
307189311
307189577
307445202
307659004
307659116
308125997
308475341
308475352
308476011
309117330
309117516
309992097
309992272
310341971
310983441
310983580
310983881
310983998
310984030
310984132
310984381
311741950
311741964
312383355
312383496
312383840
312384156
312384271
312384419
313432842
313433049
313433462
313433778
313433817
313434392
313434559
315358724
315358843
315359065
315359256
317039188
317039646
317039843
317040101
317040299
317203968
317499894
317765671
317882360
318439506
318439615
318595186
318711676
318925675
319547630
319800429
319800517
320014288
320014718
320364339
321006084
321566463
321567701
321912924
322029635
322243361
322651583
322865638
323332031
323332315
323332332
323682244
323682402
323682416
324323833
324323982
324884015
324884289
324884375
324885482
325023232
325353843
325354049
325820724
326170363
327686714
327686730
327686810
327686871
328036488
328036647
328036699
328036883
328036899
328036951
328037066
328678631
329436677
330077609
330077732
330077749
330078221
330078392
330078402
330078598
330078854
330079004
330079369
331127051
331128097
331128196
331128235
331129023
331129120
331129372
331129402
333053343
333053437
333053570
334732502
334734031
334734350
334734772
334734831
334735062
334738282
335183805
335300510
335806046
335806063
335922583
335922630
336952833
337594896
338155330
338624939
339091471
339091630
339441521
339441537
339441808
340084196
340643363
340643366
340643385
340643497
340643668
340643697
340957556
340957705
340957721
340957933
340958198
341949336
341949678
341949775
343348812
343348985
343349001
343349439
343349616
343350218
343350416
344398120
344398214
344398351
344399826
344399875
344400181
344400420
344400435
346324366
346324649
346324683
346325084
346327472
348005228
348005605
348005643
348005709
348005943
348006037
348009200
348247602
348364275
348577992
349044827
349044947
349394863
349394913
350036327
350036558
350597032
350910843
350911018
351260826
351260974
351261235
351902446
351902846
351902856
351902870
351902905
351903125
351903142
352661045
352661061
353302782
353303130
353303209
354351478
354351565
354351985
354352127
354352169
354352580
354352978
354353287
354353321
354353337
354353533
354353657
354353811
356280580
357957015
357958536
357958943
357959179
357962405
357962467
358375985
358376049
358725883
358725980
359367691
359368256
359368409
360766913
360767299
360767454
360767576
360767593
361816271
361816964
361817116
361817399
361818618
361818632
361818648
363742520
363742536
363742901
363743230
363745615
363745703
365423151
365423186
365423280
365423662
365423729
365424092
365424157
365427349
366365731
366365747
366365781
366366403
366367193
367415820
367416250
367416455
367416971
367416988
367417229
369340084
369340313
369340348
369340703
369341113
369341348
369341364
369341413
369341443
369341654
369342057
369342103
369342119
369342591
371615521
371615569
373539052
373539111
373540728
373540907
373541119
373541386
373541402
373541790
373542040
373542461
373542477
373542690
373542850
373543256
373543635
373543684
373543802
373543837
373543867
373544038
376687425
376687496
376689152
376689169
376689237
376689267
376689564
376689910
376690285
376690310
376690326
376690424
376690440
376690834
376691306
376691339
376691454
376691702
376692114
376692146
376692163
376692475
376692491
376692947
376693125
376693996
376694394
376694735
382466123
382466139
382467238
382467803
382467819
382467868
382468184
382475069
382475099
387503697
387503756
387503775
387504014
387504106
387504733
387507331
387507522
387508309
387508568
387508611
387508646
387509355
387509522
387510270
387510564
387510581
387510729
387510990
387511248
387511326
387511759
387520635
387520652
387520819
387521293
387521400
388181652
388389029
388544501
388875107
389061872
389490581
389704526
389704587
389996082
390112693
390112807
390112843
390793079
390793291
390793410
390793474
391143185
391143557
391143620
391785953
392345229
392345246
392346558
392536144
393022332
393022345
393022381
393313832
393644451
393897122
394110795
394110940
394111192
394460956
394461002
394461250
395662829
395662853
396132859
396599291
396599451
396949205
396949449
396949465
398152589
398465590
398465927
398815895
399457159
399457200
399457559
400857320
400857339
400857364
401905914
401906931
401907000
401907792
401908179
401908346
401908363
403831469
403832187
403832201
403835223
405511567
405511684
405512836
405513126
405513479
405513603
405513622
405517259
405807204
405962763
405962840
406480124
406701527
407382255
407731865
407732263
407732339
408374767
409073182
409189740
409189781
409189899
409189948
409870235
409870382
410220242
410220620
410220710
410862080
411422220
411423660
411736366
411736534
411736653
411736961
412086410
412086795
412086821
412727939
412728177
412728310
412728357
414127532
414128401
414128543
415176947
415177067
415177659
415177826
415177874
415177965
415178020
415178697
415178984
415179381
417103507
417103820
417106285
418783879
418784210
418784359
418784612
418788034
418788169
419143184
420173529
420815380
421375452
421375694
421375751
421689666
421689715
421689745
421689792
421689862
421689998
421690100
422040239
422681626
422681659
422681849
422682055
424080952
424081112
424082301
424082379
425130290
425130916
425130990
425131286
425131369
425131715
425132045
425132075
425132254
427056854
427057166
427057190
427057267
428737013
428737269
428737612
428737898
428738153
428738231
428741262
429154761
429154921
429155022
429155071
429155144
429155275
429504593
429504695
429505183
430146420
430146521
431545850
431546086
431546823
431546890
431547479
431547513
432595183
432595380
432596494
432596746
432596896
432597014
432597044
432597161
432597653
434521495
434521621
436202191
436202464
436203251
436206331
437144457
437144506
437144795
437145376
437146439
437146594
438194649
438194800
438194901
438195313
438195338
438195570
438196185
440119102
440119152
440119176
440119326
440119400
440119504
440119945
440120167
440120591
440121297
440121346
440121414
442394531
442394560
442394607
442394676
444317833
444318603
444318677
444318699
444318748
444318788
444319088
444319190
444319557
444319583
444320100
444320202
444321030
444321133
444321283
444321779
444321932
444322345
444322395
444322890
444322940
444323023
447466721
447467047
447468168
447468774
447469031
447469258
447470019
447470888
447471221
447471303
447471451
447471907
447472056
447472528
447473033
447473104
447473522
453242907
453245479
453245596
453245880
453246321
458282554
458283371
458283529
458283720
458286319
458286424
458286609
458286699
458286777
458286892
458287388
458287645
458288669
458288693
458289285
458289358
458289635
458289717
458289745
458289839
458289914
458299454
458299913
458300232
459046975
459163651
459999520
459999591
459999617
460466505
460816008
460816063
461458067
461458119
461458901
462157247
462157299
462157415
462157468
462487957
462954862
463304104
463304142
463304896
463946141
463946351
463946630
463946681
464506352
465170782
465170834
465170872
465170924
465812041
465812076
465812492
465812913
465813193
466570744
467212309
467212614
467212693
468261202
468262011
468262100
468262212
468262238
468262291
468262573
468262624
468262676
468262792
468263255
471866644
471867985
471868086
471868157
471868462
471868718
471868895
472110600
472110626
472227229
472227369
473257989
473258037
473258063
473258116
473899299
473899325
473899813
474773926
474773996
475124054
475124106
475765262
475765314
475765409
475765461
475765762
475766466
477165230
477165297
477165569
477165914
477165966
477166061
477166395
477166445
477166474
478214475
478215125
478215394
478215666
478215784
478215897
478215976
478216182
480140992
480141142
480141301
480141375
481819942
481821268
481821487
481821703
481822225
482238778
482238856
482238896
482239359
482239460
482588731
483230308
483230382
483230426
483230555
483230689
483230866
483231254
483231357
483231558
484631365
484631418
484631616
485679515
485679628
485679989
485680041
485680108
485680289
485680719
485680769
485681151
485681230
487605529
487605927
487606054
487606076
487606228
487606381
487608612
489286153
489286298
489286726
489286834
489286992
489287045
490228640
490229580
490229659
490229761
490229813
491279147
491279175
491279326
491279582
491279635
491280227
493203211
493203421
493204583
493205415
493205480
493205549
493205616
493205692
493205744
493205766
494885481
495478742
495478811
495479197
495479370
495479420
495479515
497402213
497402265
497402291
497402344
497402444
497402973
497403226
497403376
497403444
497403494
497403571
497403641
497403873
497404082
497404134
497404936
497405243
497405417
497405688
497405714
497405767
497405965
497406026
497406079
497406099
497406183
497406459
497406619
500552809
500552909
500553217
500553679
500554061
500554132
500554279
500554904
500554957
500555333
500555406
500556482
500556839
500556892
500556922
500556975
500557418
500557470
506329458
506329484
506329847
506330960
511366839
511366864
511366937
511367019
511368020
511370377
511370952
511371242
511371297
511371478
511371576
511372220
511372278
511372480
511372522
511372645
511372803
511372881
511373173
511373489
511373674
511383471
511383545
511383600
511383748
511923743
511923796
512040414
512254322
512254429
512721211
513070402
513070560
513070851
513070901
513071008
513712471
513712655
513712892
513712958
514273086
514273128
514587182
514587234
514587393
514937290
514937507
514937559
515578504
516337200
516978218
516978271
516978375
516978796
516978954
516979156
516979591
516979744
518027553
518028439
518028706
518028901
518029173
518029378
518029800
518029826
518029933
519953795
519954186
519956978
521634524
521634739
521634909
521634962
521635083
521635407
521638563
521638616
522052026
522052476
522401925
522402069
522402226
523043660
523043712
523044247
523044399
523044742
524443005
524443240
524443279
524443437
524444225
524444278
524444384
524444436
524444614
524444812
525492410
525493290
525493446
525493723
525493770
525494022
525494171
525494347
527419123
527419306
527419373
527419425
529099220
529099538
529099639
529099957
529100205
530042185
530042502
530042659
530042829
530043180
530043365
530043457
530043675
531091501
531091651
531091984
531092140
531092292
531092318
531092371
531093154
531093457
533016656
533017027
533017223
533017328
533017486
533017746
533018204
533018861
535291863
535292314
535292565
537215292
537215461
537215927
537216420
537216640
537216916
537217177
537217284
537217441
537217717
537218360
537218615
537218765
537219297
537219572
537220361
540363423
540363875
540364182
540365355
540365655
540365759
540365812
540365914
540366601
540366876
540367124
540367176
540367541
540367593
540367744
540368602
540369242
540369508
540369666
540370089
540370265
540370715
546140032
546141874
546141926
546142992
546143560
546143656
546143708
546143814
546144359
546151188
551179907
551179962
551180140
551180313
551180363
551180884
551183575
551183670
551183891
551184020
551184744
551184912
551185118
551185353
551185522
551185768
551187265
551187547
551196721
551196986
551197360
551197515
551912358
552262253
552903493
552903729
552903755
552903807
552904067
552904120
552904164
552904428
552904585
554302916
554303022
554303102
554303154
554303311
554303335
554303493
554304048
554304389
555352255
555352517
555353056
555353135
555353285
555353350
555353504
555353556
555353588
555353640
555354414
555354678
557278528
557278832
557279306
558959203
558959281
558959808
558960049
558960123
558960176
558960206
559902167
559902727
559902991
559903200
559903244
559903284
559903490
559903513
559903671
559903723
560951484
560951510
560951562
560951568
560951881
560952031
560952620
560952673
560953069
560953299
560953456
562875986
562876038
562876459
562876859
562876911
562877122
562877174
562877280
562877459
562878268
562878352
565152224
565152342
567075363
567075437
567076264
567076708
567076971
567077114
567077166
567077549
567077666
567077773
567077942
567077994
567078416
567078469
567078953
567079256
567080036
567080088
567080319
570223409
570223460
570223740
570223897
570224127
570224177
570225539
570226434
570226583
570226670
570227727
570227931
570229337
570229649
570229701
570230200
576001601
576001707
576001791
576001996
576002020
576002072
576002178
576002295
576002831
576003392
576003444
576003707
576011066
576011173
576011418
576011493
576011545
581039998
581040125
581040209
581043354
581043504
581043740
581044124
581044361
581044747
581044799
581045129
581045320
581045540
581045705
581045728
581045893
581045976
581046249
581047230
581056649
581056837
581056920
581057090
581057194
582297632
583346609
583346661
583346687
583346936
583346988
583347487
583347645
583347962
583348068
583348225
583348382
585270845
585270897
585271350
585272589
585273001
585273159
585273633
585273814
585274316
585275029
589470096
589470252
589470575
589470935
589471053
589471327
589471473
589471709
589472211
589472403
589472477
589472530
589472714
589472730
589473010
589473239
589473398
589473469
589473624
589473865
589473905
589474535
589474811
592620921
592621131
592621279
592621560
592622583
592622933
592623107
592623251
592624401
592624427
592624432
592624485
592624696
592624854
598397540
598398446
598398498
598398681
598399237
598406310
603438559
603438891
603439557
603439698
603439804
603440388
603440700
603440941
603441233
603441462
603441890
603441999
603442049
603442078
603442236
603442289
603451489
606266205
606266231
606266284
606266767
606266870
606266922
606267123
606267241
606267582
606267608
606267661
606267666
606268179
606268535
606268679
606269762
606269952
606270182
606270343
606270395
606270786
606271113
606271443
606271588
606271861
606272327
609415319
609415714
609415792
609416501
609416657
609416975
609417199
609417396
609417569
609418522
609418980
609419260
609419489
609419809
609419896
609420447
609420736
609420921
609421115
609421474
609421659
609421703
615190489
615190989
615191189
615191294
615191346
615191584
615191768
615191820
615191871
615192028
615192112
615192374
615193004
615193082
615193708
615194023
615194196
615194319
615194476
615195014
615195298
615196107
615196306
615197520
620235161
620235399
620235452
620236612
620236652
620237415
620237656
622016612
622017364
622018079
622018352
622018825
627786074
627786733
627787107
627787539
627787846
627788075
627788126
627789385
627789434
627789464
627789516
627789667
627790094
627790146
627791048
627791257
627792470
627792878
627793102
627793142
627793955
627794343
627795164
627796003
627796359
627797567
627797619
627798303
627798527
627798580
627798810
627799294
627799768
627800081
627800133
627800454
627801033
627801546
627801632
627801867
627802185
637232236
637232437
637232633
637232716
637232871
637233103
637233223
637233329
637233381
637233424
637233608
637237031
637237232
637237690
637237774
637238036
637238089
637238370
637238872
637239289
637239395
637239447
637239473
637239525
637239551
637239658
637239832
637240181
637240475
637241317
637241547
637242055
637242241
637242293
637242477
637242755
637243113
637243360
637243592
637243861
637244017
637244252
637244304
637244599
637244757
637245172
637245434
637245807
637245851
637245958
637246394
637247186
637247238
637247270
637247551
637247657
637247709
637247908
637247948
637248695
637248896
637248963
637249120
637249578
637250048
637250519
637250745
637250986
637251026
637251575
637251819
637251893
637252502
637252735
637252885
637253281
637253359
654560965
654561282
654567382
654567528
654568001
654568143
654568187
654568379
654569141
654569599
654569651
654570474
654570553
654570659
654570711
654570737
654570789
654570940
654571236
654571459
654571499
654571694
654571746
654572129
654572530
654573368
654573455
654573637
654574350
654574380
654574424
654574531
654594291
654595003
654595215
654595299
669681083
669681270
669681559
669681852
669681977
669682143
669682173
669683163
669683714
669683975
669684215
669684343
669692065
669692558
669692810
669692888
669693406
669693976
669694642
669694902
669695300
669695644
669696213
669696448
669696688
669696775
669696898
669697062
669697590
669697794
669698320
669698800
669698925
669699132
669699172
669699379
669699457
669699616
669699921
669699974
669700162
669700417
669701212
669701708
669702028
669702213
669702451
669702576
669702628
669702867
669703344
669703591
669704272
669730903
669731376
669731612
669731791
669731956
669732202
669732227
669732282
669732866
669732921
669733000
669733394
669733709
676668975
680927640
687671396
693010734
697734876
698786049
700710810
714115407
714932105
716273142
727227607
727384236
729308997
730701960
735756930
739023621
752294805
753344534
753344679
757989237
763296197
782483769
782483837
782486249
785635220
796455494
796466093
797974344
809303742
815700771
821599411
822428919
829486983
833394986
838050460
840911250
841941360
849641178
852361323
857669379
859594128
861275217
861692499
880007835
893312600
896747039
899449014
900265661
900265906
901469097
909609849
916044371
918494868
918495040
922101286
932471805
934862487
937840906
939518592
947637867
956562027
956562699
956570645
963782526
979081818
980482593
981532185
986547398
990922608
993546396
998795598
1009646544
1017029490
1021346193
1023269493
1025368730
1026359957
1027761042
1033359256
1034409449
1043683235
1049459883
1055578233
1057619866
1057620921
1062275708
1062276124
1073540501
1079318319
1086664626
1088590242
1092787767
1092789645
1095935430
1106756405
1109588488
1112732481
1118510037
1131105312
1131116427
1140548397
1140561131
1140561285
1140566767
1157889645
1173008169
1173012166
1174872063
1184115246
1186441262
1188463119
1191145773
1194237309
1194237504
1197843018
1197843445
1200818016
1203669462
1206973895
1211930894
1216505139
1217757246
1218959241
1220245257
1220888004
1221761382
1228807507
1234106985
1237084644
1239179811
1239529791
1240171122
1242621531
1242622441
1251826355
1254344601
1257496341
1257496772
1263270299
1268313738
1276468161
1276936623
1284635272
1294931961
1295982446
1305936434
1323198940
1328272565
1334050382
1343291655
1348016847
1349067105
1354061314
1354703317
1360944758
1370090650
1372082937
1374009506
1376283010
1378208845
1381361379
1387133636
1392170901
1393058217
1393875021
1406296947
1408223013
1411896406
1413820242
1421171838
1426948014
1431988411
1435107728
1439762883
1440706327
1441755168
1441755216
1441756667
1443681951
1447880358
1447883244
1456807497
1466078635
1470274323
1470276135
1470277980
1473422559
1484243202
1487070806
1487073093
1490223494
1495998547
1502819598
1508591496
1508601909
1518035843
1518043047
1518047634
1518049926
1518050922
1518052263
1518056881
1550485927
1550486682
1550498235
1550504493
1554245936
1556264446
1563376737
1564777504
1567752018
1570504137
1573323204
1579097165
1588001811
1602114945
1608239162
1608239199
1608241604
1617165208
1617173364
1622219667
1622739453
1626407106
1626874145
1628425871
1631131551
1644060209
1645740949
1645741369
1647150833
1655199439
1655199883
1657122477
1657124562
1661325243
1670257806
1675291759
1685553666
1685558088
1688363091
1688363379
1695012939
1696937358
1701135492
1704288550
1704289581
1710062137
1715105218
1716822660
1718223582
1739919390
1747267083
1749192633
1749193632
1749193913
1779111594
1779112125
1784156290
1791706743
1791714050
1801151229
1801157181
1801158511
1801168101
1801168644
1833601107
1833601286
1833611754
1833615413
1833617437
1833649966
1848124036
1853421530
1856396712
1859487111
1859487621
1860886239
1863861773
1866486470
1866486699
1873660872
1891192870
1891835085
1891835181
1893234641
1894285280
1913472480
1913474838
1913476001
1916622306
1916622384
1916623445
1922400319
1928518316
1935215954
1936158858
1941408186
1943335183
1946483574
1958554158
1979694658
1991446923
1991447927
1991449983
2004044535
2004047397
2004051584
2004051963
2004055604
2004057156
2013487326
2013494507
2013498921
2013499130
2013501222
2013502233
2030823474
2030828973
2030829113
2030829908
2030851899
2045940300
2045987556
2051087956
2057143328
2057143630
2057560740
2059952340
2061003054
2062927216
2064608662
2072725293
2072726821
2075877171
2075878257
2086695164
2087420673
2089812146
2090863053
2092788536
2092790158
2094468528
2102588178
2105737419
2116554855
2116554931
2118855278
2128131972
2128132527
2128134006
2138946709
2138946860
2138949847
2150699253
2157526983
2163299205
2163304771
2163309711
2172748813
2172749922
2172755393
2190076788
2190077247
2190078262
2190080985
2205210178
2207852244
2222025183
2222025654
2225173158
2225173809
2225174874
2225177303
2237244558
2247573144
2253344577
2253345080
2253345555
2261217203
2261218417
2264363964
2270139621
2270139877
2270140941
2282734041
2282734862
2282741990
2282749878
2292179376
2292193094
2292195606
2292199752
2309542673
2309542946
2324640861
2324643189
2324646774
2324649923
2324650663
2324679862
2333999705
2337145956
2337146034
2342922723
2342924579
2342928614
2347966957
2350799334
2353944045
2359717460
2359718172
2359724049
2372313993
2372316036
2381774084
2381779499
2381780896
2399097286
2399100157
2399101570
2399122314
2414218530
2414222492
2414226688
2414230204
2414259547
2417982682
2421131418
2421133632
2426904177
2426908823
2439498555
2439504012
2439504464
2439505992
2439510468
2439512915
2448954473
2448954759
2448960831
2466280191
2466307091
2481406975
2481408286
2489887959
2489892576
2489897568
2489899341
2489900142
2489903166
2499334914
2499340353
2499341189
2516673121
2516673836
2516679917
2537140044
2554459519
2554461630
2554471403
2554494012
2582800536
2582819269
2582821644
2582830605
2582845076
2634793931
2634798984
2634805850
2634808586
2634809322
2634811068
2634811542
2634873492
2680135315
2680163158
2680169575
2680174701
2680175012
2680196272
2680199145
2680284609
