3577740
4046505
5158209
5521073
8862725
11442058
13385360
13703091
13703107
14491278
14491312
17680148
22625433
25130947
27048946
37073552
37073714
37073739
45585737
46778036
48184331
48184456
49995660
65265480
68531300
68531462
74651565
75439764
87905241
92124045
94983451
94983651
98387596
99793942
103111649
104064840
105599929
109818632
109818902
112678157
112678243
116382683
116382761
118870925
123089729
123089789
123089844
123090029
128824357
133043149
135902606
140507894
140507960
140508127
143367490
143367697
153164226
153164372
153164583
153164695
153164920
153165012
153165157
153165320
153165498
153166260
161742737
161742828
161743190
177993652
179911651
180864826
182929039
187653111
194359958
194360044
194360119
197219600
197219650
197219725
199417731
203504599
210157497
211245986
212199176
212199186
214687539
220812576
227852224
231429017
231429137
235647762
235647821
235648111
235648392
248918806
254653336
255606539
258872190
258872237
258872390
261731711
266336907
266336994
266337369
266337385
269196730
269196791
278993406
278993674
278994024
278994091
278994577
278994763
287572224
296787917
297876504
297876558
300893869
304529356
312325025
318588595
318906286
319994890
321906352
330019461
330019560
330019623
330019798
330019930
330020092
336583610
336583658
340025105
340025135
343290716
346150197
346150260
346150385
349025218
349978443
353243811
360709025
360709109
363568472
373365556
373365680
373365764
373366068
373366554
373367163
394091415
394091521
397532968
403658035
403658135
409850827
409850855
409850924
414069740
414069774
416929201
424022713
424023142
431487764
431487807
434347377
444143779
444144177
444144219
444144318
444145007
444145792
444145835
452722983
460446679
460446751
461399848
463888225
467153750
467153846
470013292
470013411
477107034
477107324
479966554
484572118
487431445
487431665
497228356
497228547
497228773
497230213
505807248
513654604
516920026
516920346
519779697
527244780
527244876
537041072
537041261
537042149
537042635
545619782
545619964
545619971
545620153
554244891
554245025
554245113
566901013
566901135
566901262
566901423
566901731
566901819
575479844
575480066
575480154
575480269
589295674
589296128
589296216
589296441
589296732
597874447
597874530
597874837
597875371
627263050
627263153
627264506
627264610
627265075
627265364
627265451
627266044
627266127
627266406
627266503
627267251
627267339
627267533
627268033
627268710
627268796
627268991
627270270
627270316
627270408
627270674
653000285
653001562
653001656
2003525937
