71678
150716
273598
615982
852879
926372
1094321
1107459
1221538
1295025
1739426
1959902
2154867
2463714
2463896
2463930
2503167
2582061
2892448
2957434
3533183
4068408
4662170
4783122
4800641
5007763
5059574
5180117
5400615
5983332
6493428
6506517
6545913
7322725
7322795
8100453
8461744
8461812
8461906
8619295
8928094
8928218
8928232
8928563
9085977
10012873
10013057
10013360
10130878
10130923
10131195
10367599
10485576
10497254
10683272
10804255
10994483
11121027
11293340
11293355
11293377
11293403
11932662
12451837
12530875
12781112
12872064
13304243
13808236
13926328
14565741
14913957
14914061
14992941
15066629
15187119
15395180
15704006
15704116
15743596
16325992
16483820
16792410
16792628
16792911
17876950
17877142
17877381
17877416
17877479
17994907
17995169
17995256
17995350
17995721
18429117
18442225
18942639
19706478
19745886
20255897
20308405
20411399
20411439
21085299
21085420
21240910
21240917
21602271
21602377
21641838
23775144
23775386
23775868
23775875
23893439
24011987
24012075
24130174
24248084
24248321
24299926
24299939
24472260
24732101
24835075
25196454
25196534
25235866
25236010
25509085
25664472
25717117
26026043
26026101
26026201
26026208
26065480
26687378
26687411
26687597
26805757
27272229
27272300
28198090
28198097
28316923
28317301
28317575
28671789
29343900
29501331
29965750
29966052
30005303
30432520
30432527
31516540
31516553
31516840
31517068
31517107
31634428
31634433
31634631
31634658
31989545
32092702
32092791
32454326
32920790
34004803
34004824
34005057
34005131
34123024
34123414
34123485
34123492
34477823
34477867
34787103
35870635
35870741
35871003
35871104
35871115
35871489
35871601
37270404
37270467
37270606
37270669
37270785
37270888
37270901
37271073
37271439
37743922
40523559
40523666
40524042
40525054
40525222
40525503
40525830
40877079
40877511
40878835
40878939
40879379
40879506
41234032
41234071
41234343
41588669
41942437
41996795
42048393
42048414
42083125
42395132
42578318
43113984
43389963
43389971
43790822
44104702
44761570
44761590
44864515
44864561
45265327
45435291
45607639
45828125
45828134
45867512
46331833
46371417
46371453
46644381
46644467
47161275
47200911
47422002
47783368
47783402
47783530
47783603
47822894
47941120
48249712
49334177
49334703
49452222
49452244
49689226
49895146
50002971
50607215
51163636
51505908
51558370
51558398
51713156
51921278
52230082
52230192
52230206
52230271
52230357
53059503
53177897
53217213
53721058
53721091
53839292
53839327
54147964
54148134
54148365
54148441
54305898
55232976
55350492
55350544
55350577
55350931
55350964
55351009
55351061
55351205
55351250
55705564
56136878
56189370
56653559
56811446
56966367
57483221
57522850
57640898
58105515
58105576
58144782
58262908
58571796
58571897
58729538
59656140
59656330
59656362
59656603
59656694
59656851
59774358
59774735
59774839
59892983
60801046
60801075
60801101
60801211
60801244
61422905
61889734
61889743
62973119
62974628
63210751
63446814
63447002
63550031
63911326
63911479
65462035
65462236
65462243
65462371
65462400
65462588
65462928
65580465
65580552
65580946
65581002
65699044
65699121
65817177
65935083
66244447
67327911
67328409
67446521
67446881
67801250
68727179
68727640
68728662
68728697
69200951
69201124
69201217
71978577
71980689
71980745
71980882
71981597
71982383
71982454
71982689
71983061
72334401
72334414
72334879
72335007
72335196
72335485
72335573
72335906
72336303
72336360
72336525
72336593
72336957
72691554
72691593
73399596
73399672
73400301
73400308
73544068
73544100
73595894
73716405
73716418
73729484
73992869
73992902
74005986
74756530
74874880
75319328
75358716
75823322
75862495
75862551
75862620
75862656
76135637
76291160
76652554
76652632
76691953
76692114
77274826
77314097
77741344
78943447
78944254
79298473
79522532
79535626
79729777
79729900
79937910
80286044
80286234
81076427
81336886
81698108
81855920
82322518
82322531
82322553
83249079
83249523
83249532
83249584
83249770
83249847
83486023
83722008
83722217
83877050
84393925
84394107
84394183
84433315
84433441
84654690
85482488
85482654
85482715
86566091
86566939
86567043
86567108
86684799
86685295
86685305
86803717
87504255
87971017
89054452
89055088
89055184
89055267
89055919
89173138
89173573
89173679
89410206
89528090
89528104
90920908
90921133
90921197
90921260
90921746
91039744
91039975
91394200
91394377
92320310
92320542
92320981
92321081
92321342
92321645
92321748
92793939
92793958
92794010
92794024
95574504
95574583
95574647
95575507
95576009
95927454
95927574
95927795
95927984
95928165
95928981
95929754
95930124
96991817
96992599
96992621
96992736
96993152
97217264
97424485
97632610
97980839
98020417
98099143
98254001
98810459
98810533
99031652
99031673
99392979
99432610
99550595
99859536
99859586
100017179
100017228
100943749
100943764
100944316
100944555
101061727
101061772
101062286
101062424
101062438
101062522
101298795
101416761
101416778
101727200
102088671
102088815
102088849
102128029
102246350
102349422
102710642
102710941
102710962
103177223
103177509
103334990
104260847
104261397
104261431
104261671
104261792
104262249
104379431
104379539
104380319
104498522
104734486
104734533
105199028
105199331
105356563
106749187
106749686
106749932
106749951
106749972
106750349
106867807
106867948
106868012
106868272
106868393
106868570
106868629
106986832
107531845
108615643
108616009
108734739
108734866
108734928
109088981
109089113
109089247
110015884
110015919
110016074
110016448
110016483
110488817
110488936
113266378
113268434
113268501
113269916
113269954
113270105
113270378
113270424
113270445
113270822
113622521
113622710
113623726
113623856
113624282
113624564
113979021
113979243
113979349
114333664
114687357
114998246
115359696
115478071
115517280
115981579
115981799
115981871
117533120
117650687
117651204
117887589
118469925
118470335
118627610
119094357
120020797
120020819
120021059
120021101
120021122
120021401
120021434
120138900
120139368
120375954
120803005
121886898
121886937
121886964
121886999
121887085
121887124
121887145
121887571
121887705
121887820
121887904
122006023
122360201
122360277
123286011
123286050
123286117
123286457
123286620
123286762
123287046
123287362
123287389
123287428
123287450
123287487
123759679
123759756
123759765
126539147
126539586
126540166
126540348
126540387
126541039
126541238
126541731
126541791
126893353
126893916
126894305
126894404
126894475
126894602
126895086
126896125
127250055
127604626
127958476
127958762
128423429
128423568
129974377
129974571
130092189
130092609
130092866
130092881
130447043
130447089
130447159
130447288
130756293
130756300
131839889
131841095
132312882
132313428
132313465
132313579
133239466
133239499
133239716
133240311
133240378
133240844
133240877
133712930
133713060
133713079
133713208
136490659
136492787
136492883
136494269
136495121
136846457
136846642
136846680
136846781
136847502
136847891
136848022
136848129
136848439
136848520
136848712
136848914
136848929
136849241
137203688
137911595
137911727
137912236
138221321
139304984
139305048
139305111
139305206
139305316
139305405
139305570
139305667
140704761
143957361
143957638
143957714
143957787
143957808
143958601
143958634
143958832
143959092
143959261
143959359
143959596
143959907
143960101
144311709
144311939
144312579
144312885
144668433
144668681
145022822
145376544
146303418
146303535
146303641
146303877
146304517
149554911
149555134
149555167
149556284
149556551
149556911
149557038
149557650
149557742
149558652
149558744
149558748
149910779
149911273
149911398
149911805
149912052
149912094
149912355
149912797
149912922
150974693
150975016
150975049
150975316
150975580
150975848
150975944
153753380
153753909
153753972
153754177
153754485
153754753
153754943
153755132
153755218
153755466
153755588
153755872
153755893
153756245
153757164
153757468
153757669
153757795
155174225
155174284
155174879
163512597
163513173
163513301
163513362
163513618
163513639
163513808
163513829
163513885
163515617
163515638
163516030
163516093
163516520
163518077
163518110
163518213
163518276
163518404
163518618
163518895
163519598
163520413
163520452
164574469
164574748
164574939
164575944
164576511
164576647
164579205
164579335
164579738
164580130
164580347
164580741
164581283
164581374
164581613
164581786
164582579
164582984
164583157
164583246
164583357
165644111
165645339
165645482
165646315
166709098
166709170
167767729
167770073
167771864
167772028
167772059
167772152
168211117
168735751
169063587
169271645
169580497
169738178
170158503
170227830
170551330
170693649
171134041
171281896
171523597
171644136
171799583
171799593
172200423
172318696
172353061
172990619
173148117
173612701
174079128
174079133
175163277
175163446
175163606
175163909
175281911
175400213
175518351
175952466
176229005
176281580
176449508
176591849
176953442
176953447
176953555
176992745
177542262
178098658
178424284
178579807
179149382
179510653
179510809
179550098
179550131
179550317
179668299
179977008
179977465
181060841
181061814
181061968
181179792
181179877
181534620
181811200
181965954
181979148
182483004
182483172
182522352
182847960
182950946
183312486
183430714
183469994
183934505
185484793
185485335
185603770
185722146
186630040
186748451
186890767
187251993
187252032
187252067
187718722
188802776
188803351
188803381
188803424
188803646
188921328
188921366
188921584
188921780
188921807
189898221
189898228
190207279
190207319
191290602
191291280
191410168
191410182
191528185
191764357
191764446
192073245
192073398
193157267
193158079
193275928
193275955
193275975
193276013
193276202
193630376
193630469
194556620
194557164
194557761
194557824
195030278
197807755
197807855
197809454
197809854
197810143
197810261
197810378
197811209
197811510
197811700
197811798
197812117
197812215
198164632
198164951
198165466
198165567
198165757
198165771
198166135
198166149
198166175
198166324
198166338
198520601
199227929
199229004
199263922
199667200
200081850
200546216
200546465
200585843
200625184
200703957
200941083
200941100
201135275
201652191
201652334
202017225
202520976
202521132
203261272
203570280
203570466
204654691
204655254
204891242
205127625
205404122
205611471
206075625
206076120
206115257
206115475
206388373
206388435
206543917
206944832
207527358
207527452
207527476
207994050
209077501
209078534
209196464
209196613
209196796
209315121
209551206
210262605
210380741
210380760
210845004
210845013
210845327
210884646
211311597
211311846
211469357
212396290
212513776
212513849
212513957
212514240
212868956
213491148
213799900
213800291
214884656
214884847
214884972
215002144
215002331
215002369
215002752
215121130
215239291
215666123
216750184
216750432
216750566
216750918
216751284
217223396
218149464
218149558
218149685
218149889
218150497
218150561
221400746
221402290
221402402
221402480
221402578
221403634
221403723
221403807
221404043
221404157
221404234
221404952
221405015
221756740
221758274
221758519
221759086
222113466
222113795
222467987
222891505
223928305
224083109
224083176
224238649
224599948
224600196
224639583
225222066
225222211
225688481
226772778
226773024
226773259
226773387
226890992
226891369
228178456
228540010
228540102
228579349
229006305
229006412
229006578
230090806
230090827
230209042
230209332
230563643
230563692
231185719
231494636
232579547
232579704
233051674
233051849
233051921
233052063
233360806
234445167
234445298
234445363
234445653
234445832
234563637
234563702
234563891
235844199
235844596
235844631
235845051
239097025
239097215
239097286
239097335
239097498
239098067
239098775
239098840
239098970
239098987
239099088
239099199
239099389
239099534
239099747
239099812
239451146
239451550
239451578
239452608
239452628
239452727
239452904
239453148
239454223
239808171
240162746
240516452
241228388
241810800
241850498
242277560
243361609
243361695
243361738
243361913
243361950
243362344
243362386
243362408
243479538
243479974
243480514
243834780
244299348
244765688
244765721
244765753
245850674
245967930
245968119
245968677
246323137
246632147
247834355
248188748
248189256
248189303
249115831
249116187
252366607
252368363
252368592
252369175
252369613
252369635
252369973
252370466
252370537
252722888
252723378
252723569
252723631
252723960
252724305
252724627
252724637
252724872
252725052
253787640
253788071
254252433
254252494
254410156
254410173
254718997
254719127
254719148
254876628
254876665
254876779
255803814
255921859
255921865
255922049
256158285
256276452
257669034
257669803
257669893
257670020
257670123
257787579
258142043
258142439
259068736
259068775
259068801
259069247
262321325
262321471
262321560
262321688
262323079
262323327
262323560
262675937
262676749
262677747
262677924
262678170
262678280
262678424
263032852
263740687
263741373
264050467
265134561
265134839
265134872
265607028
265607176
265607223
265607548
266533633
266534890
267006996
267007304
269786544
269787270
269787528
269788648
270140541
270140887
270140949
270141163
270141261
270142306
270142523
270142567
270142855
270142877
270851889
270851980
271205834
271206124
271206163
271206393
272132281
272132408
272132471
272132726
272132835
272133089
272133186
272133364
275384735
275384863
275385312
275385579
275385696
275386328
275387155
275387290
275387579
275387889
275739665
275741627
275741911
275742108
275742223
276803370
276803544
276803990
276804417
276804644
279582564
279582597
279583672
279583796
279584412
279584734
279584776
279584798
279585080
279585598
279585695
279585716
279586123
279586857
279586890
281003363
281003594
281003885
289336201
289336499
289341229
289342093
289342127
289342321
289343034
289343055
289343419
289343471
289343699
289343995
289344505
289344548
289344569
289344708
289344729
289345531
289346845
289347255
289347801
289348314
289348867
289348889
289348988
290403353
290404333
290404347
290404458
290404608
290404649
290405803
290406919
290408624
290408668
290408757
290408930
290409011
290409393
290410169
290410630
290410748
290411465
290411995
290412586
290412627
291473273
291474193
291474414
291474836
291474951
292537580
292538316
292538328
293599148
293599412
293600294
293600628
293600823
293969911
294414348
294917888
294957636
294997075
295127413
295386612
295507165
295559612
296063490
296063538
296181720
296336511
296389072
296853409
296853447
297114097
297475721
297941941
299026720
299026857
299026920
299144223
299144367
299144875
299144938
299145021
299263246
299381341
299499360
299499472
299723478
300086371
300447672
300447696
300447885
300487222
300812776
300915690
301537814
301899201
301899363
302365546
302366025
303449834
303449851
303449924
303450125
303568790
304077925
304077991
304634538
304855523
305216919
305216940
305217028
305217092
305217101
305256369
306767650
306768205
306885913
306886035
306886337
306886365
306886566
306886593
307004647
307705365
307862853
308171704
308171708
308171831
308329508
308329595
309256560
309256593
309374408
309374847
309729020
310038015
311122609
311122849
311240399
311240627
311595323
311595428
312521634
312521737
312521757
312521826
312522798
315774305
315774475
315774545
315774908
315776178
315776402
316128300
316129012
316129085
316130185
316130246
316130594
316130787
316130961
316485317
316485546
316839720
316839761
317193787
317194053
317418138
317470700
317625488
317625542
317678046
317833580
318181859
318181899
318260775
318454876
318610426
318610520
318663036
318971965
318972135
319232548
319594001
319751576
321144932
321145233
321381613
321617894
321928258
322329241
323069384
323378454
324581040
324581068
324581369
324699347
324699384
325400109
325400143
325866601
325866711
326950848
327069179
327069450
327069550
327069650
327423931
327733055
327733089
328817019
329290169
330216170
330216510
330216742
330216928
333469228
333469588
333469687
333469836
333470208
333470507
333470651
333471268
333471533
333822913
333823003
333823102
333823823
333824929
333825120
333825490
333825590
333825617
333825926
334180083
335043727
335199344
335718314
335821374
336182728
336182890
336649458
337734095
337852300
337970421
338206587
338828751
339137788
340221650
340221885
340221969
340222473
341004049
341004093
342087699
342088821
342560817
342560836
343487439
343487828
343488098
343488163
343488516
346739833
346740263
346740796
346741055
346741432
346741654
346741778
346742522
346742627
347094100
347094159
347094199
347094556
347094621
347094656
347094920
347095953
347096216
347096262
347096929
347451089
347805557
347805661
348624299
348781872
348782055
349090802
350175264
350175360
350175501
350175759
350293974
350530202
350648232
350957074
352041067
352159815
352159952
352160033
352513972
352514260
352514355
353440998
353441169
353441295
353914214
356693245
356693276
356693467
356693820
356694289
356694447
356694749
356695108
356695765
356695914
357047388
357047884
357048064
357048099
357048186
357048679
357048760
357049239
357049334
357049592
357049916
357404288
357758931
358112645
358112935
358113073
358113255
359506239
359506947
359624937
359978983
359979187
360905409
360905438
360906008
360906181
360906281
360906665
361378701
364159293
364159991
364160014
364160283
364160386
364160513
364160578
364160671
364160735
364513889
364514623
364514866
364514901
364515038
364515127
364515232
365223848
365577641
365578048
366504343
366505111
366505229
366505411
369756509
369757116
369757718
369757895
369758062
369758574
369759200
369759225
369759259
370111676
370112620
370112701
370112873
370113367
371175042
371175061
371175243
371175330
371175367
371176157
373954213
373955101
373955483
373955783
373955943
373956134
373957013
373957110
373957278
373957621
373957685
373957717
373957816
375375401
375375452
375375854
383708093
383713229
383713252
383713521
383714202
383714514
383714868
383715731
383715964
383716318
383716435
383716507
383716859
383717396
383717461
383717554
383717618
383717974
383718230
383718326
383720123
383720347
383720636
383720701
383720890
383721242
384775595
384776596
384776700
384776828
384776961
384777029
384777297
384777366
384777483
384777533
384777579
384777814
384778831
384778949
384779210
384779442
384779615
384781431
384781633
384781805
384781900
384782848
384782946
384783132
385846506
385846568
385846730
385846980
386909634
387971401
387971721
387971931
387971950
387972219
387972256
387972585
387972785
388960831
388960943
389790101
389790223
390011442
390412357
390839389
390839457
390839657
391923630
391923691
391924051
391924237
391924279
392042399
392160577
392396553
392707159
392759662
393107829
393729978
393848160
393848203
394156979
394157165
394157205
395241566
395241790
395242019
395359359
395359439
395359466
395478311
395714059
395714262
396178766
396178921
396336606
396645372
396803124
397729734
397729857
397729869
397730279
397730481
397848308
397966648
398084681
398511719
398511778
399595675
399595695
399596074
399596117
399596230
399596652
399714451
399714731
400068445
400068550
400068651
400995219
400995929
404246264
404247797
404247952
404248359
404248885
404249145
404249240
404250154
404250304
404602130
404602249
404603160
404603543
404603645
404603794
404604203
404604612
404604770
405313340
405313469
405667408
405667513
405978188
406339497
406339651
406378926
406497248
406600290
407428017
407428296
408512544
408512743
408630348
408630792
408631134
409607545
409916776
410074176
411000064
411000969
411001089
411001315
411118771
411119487
411473791
411473830
411473896
411782680
412866615
412867028
412867514
412985057
412985499
412985719
412985787
413339810
413340095
414266234
414266568
414266672
414267067
414267174
417517195
417518951
417519207
417519494
417519559
417519778
417520065
417520276
417520493
417520622
417521339
417521438
417872940
417873230
417873480
417874406
417874886
417875902
418229558
418229925
418230261
418584561
418937356
418938078
418938745
419403429
419560785
419869612
419869802
419869945
420953901
420954108
420954299
420954729
421071963
421072672
421426772
421736205
422820198
422939125
423293041
423293216
424219405
424219716
424219772
424220561
424220592
424692827
424692995
424693037
427470468
427472598
427472664
427472794
427472950
427473604
427474239
427474321
427474352
427474543
427474738
427474869
427826421
427827825
427828720
428183120
428183177
428891624
428891862
428891986
430284571
430284765
430285118
430285752
430758016
431684863
431685032
431685097
431685411
432157838
432157930
434936996
434937444
434938113
434938347
434938621
434938998
434939644
434939676
435291470
435292016
435292987
435294156
435648448
436356609
436356781
436357077
437283643
437283955
437284145
437284249
440534850
440535175
440535287
440536691
440536849
440537045
440538190
440538459
440889962
440890506
440891198
440891966
440892532
440892665
440892867
441954067
441954159
441954387
441955025
441955598
444733583
444735612
444735952
444736633
444736655
444737379
446154542
446154833
454486859
454487009
454489520
454491859
454492562
454492657
454493838
454494383
454494484
454495091
454495160
454495352
454495637
454496527
454496593
454496795
454496890
454497476
454497636
454498701
454498967
454499671
454499806
454500417
455554413
455554550
455554811
455555209
455556219
455556765
455558157
455558385
455558856
455559285
455559511
455560248
455560541
455560652
455561319
455561757
455561867
455561948
455563034
455563226
456623771
456625404
457688331
457688380
457688487
457688591
457688613
458750096
458750422
458750956
458751048
458751842
459114840
459423637
459463033
459684362
460512273
460512305
460512368
460512595
461596948
461597162
461715036
461715241
461833536
462069468
462691647
463000778
463000898
464085615
464202855
464203398
464203615
464439899
464439917
464557921
465950816
465951209
465951482
465951580
465951772
465951840
466069677
466423791
466423914
466424303
467350126
467350358
467350505
467351478
470601400
470602900
470603075
470603254
470603514
470603974
470604007
470604267
470604845
470605459
470957208
470957587
470957722
470958674
470958702
470958769
470959154
470959293
470959872
470959996
470960008
470960144
471668611
472021564
472022754
472022848
472487366
472487625
472644987
472953982
474037940
474038130
474038234
474156587
474156705
475904298
475904675
475904783
476022469
476023236
476377355
477303422
477303450
477303968
477304572
477304798
480554673
480557728
480557873
480558548
480558590
480558653
480910528
480910643
480910893
480911166
480912149
480912596
480912863
481267612
481621802
481621940
481976187
483368817
483369306
483369579
483842275
483842361
484768505
484768610
484769305
485241908
485242136
488021640
488021760
488022552
488022585
488023083
488023269
488023965
488375542
488375895
488377165
488378261
489440848
489441205
490367644
490367756
490367853
490367916
490368489
493618974
493619118
493619299
493619401
493619492
493619871
493620147
493620743
493621168
493621234
493621601
493621641
493622437
493622500
493974910
493975628
493976076
493976179
493976584
493976643
493976974
495038008
495038888
495039014
495039218
495039572
495039668
497817210
497817280
497817679
497817835
497818168
497818761
497819370
497819433
497819440
497819850
497820913
497821677
499238162
499238279
499238417
499238543
499238735
499238933
507570984
507575894
507576319
507576767
507576914
507577596
507578086
507578149
507578210
507578722
507579092
507579142
507579205
507580221
507580732
507580846
507581159
507581254
507581600
507582898
507584171
508638408
508638625
508639161
508639895
508639952
508640326
508641758
508642047
508642264
508642804
508643034
508643092
508643689
508644462
508645388
508645426
508646163
508646418
508646635
508647176
509708070
509709430
509710047
509710305
510772631
510773218
511834333
511834553
511834897
511835446
511835556
511835960
512300347
512458009
512458140
512458236
512767024
512767089
512924707
513851378
513851441
513851715
513969301
513969875
514633146
514633338
515718040
515718300
515836129
516190332
516190559
517116588
517116773
517117135
517117198
517117913
517590119
520369177
520369294
520369461
520369815
520370151
520370957
520371121
520371327
520371664
520723816
520724884
520725112
520725919
521080839
521435015
521435082
521787820
521788609
521788702
521789209
521789341
521789437
523182032
523182291
523182474
523655421
523655625
524581623
524582375
524582571
524582750
525054948
525055003
527834156
527834358
527834484
527835123
527835799
527835993
527836861
528188715
528188830
528189286
528189946
528190058
528190127
528190393
528190691
528190934
528191215
528191513
528545731
529253477
529253693
530180428
530180487
530180550
530180809
530180872
530181367
533431998
533432202
533432307
533432648
533432749
533433859
533433958
533434397
533434508
533434612
533434987
533435050
533435552
533788861
533788995
533789334
533789467
533789753
533789927
533790110
534851153
534851217
534851346
534851566
534851878
534852474
537631048
537631124
537631410
537631699
537632925
537633697
537634053
537634933
547389037
547389227
547389275
547390169
547390950
547391405
547391471
547392257
547392572
547393955
547394059
547394393
547394584
547395615
547395741
547395805
547396783
547397634
548451532
548452086
548452406
548452515
548452814
548453607
548455045
548456163
548456298
548456402
548456862
548457026
548457792
548458563
548459008
548459142
548459773
548459884
548460234
548460424
549521139
549521235
549522267
549522687
550585911
550586110
551644865
551647036
551647493
551647815
551647929
551648043
551648106
551648235
551648587
551649128
551649224
553041703
553041893
553041980
553042638
553042671
553515172
554441852
554441915
554442364
554442554
554442631
554442748
554914848
554915041
557694222
557694732
557694795
557695974
557696583
558048445
558048647
558048827
558049049
558049094
558050051
558050259
558051081
558051274
558759805
559113578
560040101
560040290
560040376
560040674
560040846
560040972
560041122
560041419
563292577
563292846
563293323
563293401
563293527
563293591
563293819
563293907
563294024
563294678
563295049
563649107
563649660
563649793
563649918
564711061
564711367
564711481
564711669
564711938
564712607
567490318
567490738
567490927
567491532
567491877
567494116
567494220
577244328
577244427
577248901
577249990
577250055
577251079
577251207
577251269
577251290
577251355
577251859
577251923
577252087
577252315
577252432
577252932
577253196
577253242
577253465
577254412
577255095
577255158
577255990
577256053
577256351
577256639
577256702
577256952
577257333
578311232
578311304
578311639
578311768
578311875
578312215
578312417
578313019
578313153
578313396
578313799
578313911
578314938
578315264
578315695
578316266
578316410
578316629
578316738
578316958
578317146
578317366
578317609
578318260
578318675
578319232
578320099
578320215
578320300
578320434
579382419
579382700
579382787
579383077
579383136
580445476
580445544
580445704
580446148
580446231
581504679
581506729
581507691
581507814
581507950
581508256
581508370
582435324
585686441
585686820
585687009
585687213
585687564
585688588
585689500
585689626
585689690
585689767
585689997
585690309
585690513
585690576
586043824
586043958
587105790
587105926
587106049
587106564
587106730
587107143
587107537
587107825
589885389
589885960
589886213
589886596
589886722
589886786
589886824
589887014
589887106
589887404
589887535
589887599
589887762
589888593
589888692
589888959
589889390
591305728
591306590
591306764
599643710
599643861
599644164
599644710
599644773
599646039
599646252
599646315
599647290
599648200
599648300
599648384
599648575
599649130
599650372
599651069
599651195
599651422
599652270
600706543
600706635
600706937
600707150
600707501
600707777
600707866
600708162
600710006
600710597
600711077
600711200
600711917
600712097
600712324
600713028
600713229
600713753
600714055
600714377
600714598
601777900
602840264
603899598
603901325
603903039
603903265
603903514
603903561
606681842
606681941
606682497
606682686
606683650
606684698
606684824
606684899
608103025
616437090
616438330
616439195
616439471
616439588
616439667
616439955
616440072
616440480
616441620
616442221
616442600
616442791
616443081
616443346
616443556
616443886
616444153
616444329
616444446
616444854
616445909
616445995
616446185
616446476
616446752
616447307
616447877
616448199
616448325
617502742
617503938
617504641
617504847
617506082
617506679
617507991
617508178
617508506
617508694
617508819
617509016
617509115
617509909
617510034
617510139
617510207
617510414
617510815
617511333
620694231
620694559
620694736
620695161
620695585
620695714
620695873
620695966
620696145
620697359
620697452
620698556
620698658
620699006
620699066
620699870
620700044
629031405
629031684
629033506
629033808
629034391
629035092
629035281
629035916
629036796
629037201
629037483
629037747
629038619
629039569
629040250
629040702
629040828
629041056
629041676
629041802
629041987
629042273
629042357
629042942
629043041
629043394
629044359
629044476
629044932
629045733
633295346
633296315
633296545
658292443
658293012
658293113
658293485
658293595
658293859
658294069
658294168
658294520
658294637
658307914
658308014
658308098
658308289
658308365
658308844
658309142
658309429
658309652
658310021
658310126
658310353
658310698
658310870
658311250
658311440
658311536
658312557
658313454
658314484
658314760
658315312
658315396
658315523
658315586
658315600
658315663
658316204
658316405
658316867
658317423
658317992
658318513
658319113
658319382
658320051
658320717
658321021
658321591
658321844
658322539
658322741
658322840
658322917
658323107
658323128
658323514
658323709
658323808
658324184
658324646
658324763
658324849
658325219
658325435
658325662
658325931
658326181
658327071
658327632
658327935
658328460
658328481
658328544
658329071
658329353
658330053
658330254
658330509
658330572
658331078
658331141
658331309
658331876
658332262
658332457
658332558
658332932
661495156
661495697
661495752
661497466
661497573
661497908
661497974
661498500
661499150
661499452
661499586
661500101
661500289
661500692
661500851
661501504
661501802
661502393
661502801
661506071
661506291
661506406
661506994
661507209
661507342
661507663
661508403
661508506
661508730
661508775
661509043
661509106
661509433
661509558
661509637
661509836
661510286
661510354
661510461
661511003
661511953
661512030
661512357
661513063
661513250
661513901
661514058
661514764
661514899
661516172
661516474
661517188
661517322
661517407
661518026
661519410
661519522
661519612
661519746
661520115
661520328
661520450
661521313
661521447
661521520
661521964
661522029
661522151
664704342
664704426
664704701
664707685
664708709
664709218
664709596
664710137
664710458
664710583
664710716
664710849
664710881
664710969
664711280
667897704
667898581
667899943
671082569
671083067
671083345
671084005
671084182
671084310
671084610
671084898
671085226
671085828
671086097
671086252
671086379
671086590
671086728
671086849
671087364
671087525
671087804
778703407
801258850
815838067
868894249
887033749
957811375
986685256
1011955468
1061011846
1066964128
1161638551
1161645770
1184372202
1192398940
1214275516
1227544959
1228963717
1254761825
1276163875
1289316443
1289434272
1293671198
1304096739
1308631437
1308632421
1312489317
1358108670
1369890816
1392637808
1408640594
1418435938
1428188268
1428198830
1428200588
1480452610
1481515239
1481515335
1501499927
1509835860
1539120431
1542325690
1551887899
1551889414
1551890965
1599212749
1605874063
1657541152
1663157673
1671498042
1671499676
1680109789
1694099695
1701550308
1711311151
1712377617
1727213459
1742232169
1742238780
1767821713
1780365165
1825426831
1831818736
1842680100
1846861765
1852279150
1896981649
1913889176
1976962730
1992703795
2009553253
2034572978
2034575212
2037761692
2037762505
2037764620
2040965878
2055877871
2056234627
2073142455
2082904822
2112759388
2151955797
2156204728
2193837689
2197018810
2206592645
2232202353
2234330758
2313257737
2313267934
2313269867
2316446675
2322845413
2334413329
2345240419
2360972982
2365224148
2373568747
2373569905
2402837953
2432409690
2440749765
2440757361
2491141858
2523601028
2533178416
2558189763
2558191555
2646023056
2655580816
2655582925
2655626597
2655635971
2655641746
2684344843
