point 0,0
0100111110100101101111110001
011011110111110110011101011
0111011101110111001110111
0111111001011111111101101111
011111110101110111111011011
01111111111110110111111111111110
100110101011111111010001010
10100111101110101101010
1011001111111011001101111
101101111101111011011110101
1011101001011011101001111
101110101111111111001111011
1101001101111111001101111
1101111101111111111001111
111000100010011100011011001
111011100111110011001111
1111000011111101100101111
111100100111111111001111111
11110011111111111011111111
1111010101010111101000101011
111101010101111110101010
1111011101111111100111111111
1111011111110111111111
111111100111111111100110
11111111011110110110110111
111111111011111111110011011

point 0,1
001101010010010111011100000
00110101110001111011100
010001111101111001111010101
01101111111111111111111111111
011100011011111111000111111
0111001011111100111
0111001101111111110000011
011101110101111011101111
011111011101101111111010001111
0111111001101001111111111010
10100110001101110000000110
1010011000111011011000011
1010011001111110110001
101001110010100011011001111
101101100101101101000101110
101101100111001101000111111
101101100111111111001001
10110110111110111110111100
10111000010111110000111
101111100111111110110001111
101111101111110110110111111
11000110110111100011011101
11100110011111001100011111
1110011001111111011011110
11100110111111100110111101
11101110011111110110110011111
1111000000010101110010100110
111100100111111001001111
11110010110110111100000101
1111001110101111101001101
111101000110110100100111
111101000111110110010001
1111010011010111110110110
1111011000101111011001101
11110110010000111110111011000
111101100110111101100110
11110110111101110011011111
1111011101111011110111000110
1111011101111110111011
11110111111111111101101101
111110011011111111001101
111111100100011011001011
1111111001111111101100111

point 0,2
001110011101100111111110
001111010011011010110011
001111010110101100011110
0101011011110001011011111
0111001011011111001001111
01110100110010110111110011
01111100110110011111011101
011111110101000111111010110
1011001110011101101111101
101101001011111111011001
10110110111110110101111101
10110111111111110110111111111111
10111010011110111100011
101111110010011001110100000
1011111101111111111001
11000111000101110011100011111
1100111000011111111100110
1101111000111101111101111
11100111111001110010011100
1110111000111111011000011
1111001101111101111001001111
11110100001001111011000101
11110100111101111010011100
11110111111101111101111010
111110000100111111000000111
1111101101011110111001
11111111111111111111100111

point 0,3
0011010110111110110101101111
0011111100100111111011001
100111011011111111111101111
1010011000111101001101011
1011000100101100010011
101100110111111101000111
10110011101011100110111001111
1011011010111011011110011
1011011011011111111001011111
1011011011111110110110111111
1011110110110110110111100101
101111101001111101100111111
11100010011111110110011110
1110011010100110110110111
111100011111111111000110101
11110010111011111101111110
111100110100111111001101001
1111001101001111111001101001111
111100110101111110110110111
1111001110111100111111
111101010110111110011001111
111101101111111000000011
1111011101110011100111011101
111101111111111011001011101
111110100111000111101011110
11111011110011111100111011
111111100111111101100111

point 0,4
0011011110111000100011111
01100011001111001101110111
01110111001010011010110101
011101111100111011110011
01111000111001100100111
10101011110111101010111101110
101101001111110110100111111
10110110111011011010111
10110110111111111011010111111111
101101111110110111110111111111
101101111111111011011111111111
10111101111111101101001011
11110010001111111100100011
1111001001111111001101111
111101110111111111011111111101
111101111111111011111111
11111011000011111111010001011
11111110011111111101001111
111111110011101111010011

point 0,5
001010101101110110111
001100010110111011000001111
00110100101101100110101101111
10100110111111011011011011
1010100110111111111011110111111
1010110111111111010100111111
101101001111011011011111
110111110111111111101001111
111100001111111100001111111
11110001001011110001001111
111100011011111110101100
111100100111111100000111
1111001001111111111000001111
1111010111111011110101111110
111101111111111111011111111
11111010001111111000010111
111110101101111111010110111
11111100001011011110000101

point 0,6
0110001011111111010101
1001110111111101100001111111
1010011011101000110111
10111010100111010101001011
1110001101110111100011111101
1110001111110111110001111101
111000111111111110000111
111001110111111111101100011
11101001101111110010000
1110101001101111110001001111
111010110101111110100001011
111100010010111100100011
111100010111111000101
111100101111111110011111111
1111001111111111110011111
11110011111111111100111111111
11111010011111100000111
1111101011011111100101101

point 0,7
01110001011111110000001111
1000011100111111011011100111
10100111001111101001110010111
10110001011111111000011011111
110110100011110110111100011111
111010110001111011101011
11110000011111111000001111
11110000111101111010111
1111000011111111100110111
11110001001011101000010110110
11110010011111111001001111
111100101111111111001111111
111100110001111110011100111
111100110101111100000111
1111001111111111100111111111
111100111111111111001011111
111101110011110110111001111
11111110001111111111000111

point 0,8
01110010011111110111011011111
0111001010111011100101011
0111001101111110111000101111
01110110111011110110110
1101011100111110101110110111111
11101001000011111001101011
111010111111011111111011011111
11110010101111111100110101111
1111011010001111110110110111
1111011011111101110010011111
111111111011111111010111101

point 0,9
01101110011111111101100011111
01110011011111111110111011111
01110111100111011101000001
111001100101101100101110001
111001101100111110110101111
1111001001001111001001001
11110010100111111100101011
11110010111001110011101111
111100101111111110010111
11110110000111111100101011111
111101101000011101100000
111101101001111011000001
1111100011111111110010011111

point 1,0
001101111001101101111101
01011110001101111011110011
0110011101111111011111111111
01110111110111111110101001110
011111110010010011010101000
100101110111111011101111
1011000101111011010111110
10110100011111011011001001
10110101011110110111011
10110110001111011010101111
1011011001011001001
10110110010111110110011111
101111000010101101010000
1101011101101011011111101
1101111001110111111000011
11110010111111111010111
11110011011011111100110110
11110011101110111100111001111
111101000101010011101010111010
1111010011111111101100111011
11110110011001110011001101
1111011001111110010011
1111011101111101101100111
111101110111111111011000011
11110111101111111110111100
111101111101111111111111011
11111001111011111111001100
1111101100111110010111
1111101100111111101001111
111110110111111110110111
11111110011111110110111
111111101111101001111111111111

point 1,1
010011100011111101100110011
01010101000110101010
0101111110000010111111100
011100011110011010101110
10110101010111101101110100
101101010110101100110101
10110110010101101100101111
101101100111011111110111110
1011101100111111111110001011
1011111101011101111110111
11010111111010100011100
11100100001110111111001
1111001001110110010011
111100110110111110011011011
11110100010111111010000010
1111010101011111010101011
111101010111111101110111
1111010101111111101110110011
111101100110111110110001110
1111011010011111110110100
1111011011111110001011
111101110011111010011100111
1111011101101100101110011100
1111011111111011011101111
111110101110111111111010110011
1111101110101111110111011
1111111000101111101011101

point 1,2
001101011101111101010111011
0111001001000010010111001
01111011010111110110111
1010110000011111111110000110
101101101101110110111110111
101101101111101101101111
1011011101110110011011101
101101111110001111010111100011
101110100111101110100111
1011101011001010101111001
10111010111111111010111110
101111110110001111110110
101111110111111111100111
1100011101111111000100101
11010111111101011111
110111110001111111111000111
1110010100101111010001110
1111000011101111111000111111
11110001011111001111000101101110
11110001110111111110000011111
1111001110100111011110101
11110011111111111101010111
111101010101011110100111101
111101011000111100111110011
1111011001111111011001110
111101101100111110110010011
1111011011011110011010
111101110111111110010011111
11111010010110111100100101101

point 1,3
01110000111111111111
0111011110001011101111000
011111100010111100100011
1010011000111110011001110
1011001001110110110011
1011010011111011010011111110
10110101101101111011011111
10110101111111010101010111
10110110011111110101011101
101101100111111110100011110
10110110111101111011111111
101111111011111101111111111011
11100011011111101010011
11100110001111110011000110
111001111111111010111110
111010010111101010010111
111011101001111111101011011
11110011011111111100110111111
11110101011100111010001110
111101111110011110111110111
1111011111101111111011101111

point 1,4
00111100101010110110101111
0101011001001011101100100
1010001011001001001111
10111000011110111010010111
10111101101111110101111
1110010101111111110101111
11100101101111100101111011
11110000011011111011000111
1111000101011101101111001
1111001100111111111001100111
11110011111110011001101111
1111010001001111110100010011
111101100100111111110010011
1111011010101101101011010
1111011101111100100111
1111011101111111101111111110
1111011111111111100001110
1111101001000111100000100
111111100010111111100010111

point 1,5
10100011111011010111010
1011000101101111101011111
101101110111111110011111111
101110100101111111100001011
101111100001101101110101
111101001110111100010111
1111011101111110001111
11111010110111110101101111
11111111101001011100111110011

point 1,6
01000111010110011001
10110101111101100011111
101110000101110111000000
10111000110001011100000011
11010111110111000101011
1110000011101010000011101
111000101111010111101011100
111001010000111100101011
1110100110101110101111111
111100100000111110010110011
111100100011111110000111
1111001011111111110011111111
111100110011110110011011111
111100111111111100111
11110100010111110010011011
1111010111100110011110100
111110000101111111100001011
11111010110111100101100

point 1,7
0111101101010010111101101010
1010001111111111001011011
101110111011011100111111101
1101010010111111100011011
1110000100101111110000100101
11100001001101110000100100
111000111111111110101011011
111001110101111010111101101
11101001000111111100011001
111100010011111111011110111
1111001000011111110111100111
1111001001111111100100111
11110111011011111001101101
111110010010111111100100101
111110011110111111100111101
1111101111011111110110101

point 1,8
00101010011111110011100110
0110001011111110100010111110
0110011001111110110011111111111
0111011111100110011101011111
101000000111111010001011110
1010000011110111010000011101110
1101000111111110100011111
111001011010111001011010
111001110010111111011110101
11101001001011111100011001011
111100000100111110010010
1111000001111110011111101
1111010001001111110100010011
111101000111111110100011
11110100011111111010010111
111101111011111111101101
111110010011111111101101111
1111101001011111111010010111
11111010111101111111011111

point 1,9
00110110011111011010011011
001110100011010111010011
001110100101110111110000100
0101001110111011100111011
010110100011011110101011
011100101010111001010111
101001101111101101001011
10101110011111111101110111111
10110000111111100000111111
101101100101110011011001111
101101101111111111011001111
101101110111111110111111111
1110001001111101100100111
11110101111101110100011111
11110111111111111011001111
111111000101111110100010011
111111010101111111001011

point 2,0
100101110110101001011101101
1011010011111111111011111
10110111011101011111001011
1011100101110011101001010100111
101110101111110111010011
10111100011111111110111
110101101111111101101101
1110001101111011011100101111
111001010110111111111010001
111001100111010110011100110
11110001010111111011101011100
111100010110111110110110010
111100100101111111100001111
111100110110101111110111011010
1111010000011111111010000111
11110101011001111010011011111
1111011000111111001000011
1111011001010111110010010111
111101110101011111111001011111
111101110101111110111010111
111101110111100111001001111
111110000011111111100011
111110100001011111111010000101
11111010011111111100000111
111110101111111101011
1111111000001111110110010011
1111111001011111100111011111
11111110011101111001001111
1111111100001111111110011111
11111111010111111011101011

point 2,1
0011111001111110110111010111
01110111000111101010
101101100101101011011001001
1011111111110110110111111111100
11100111011111111111111111
1111000101010011111000101010010
111100101101111111001101011
111101010111111110101011
1111011101001111011011101
111110000001111111000000101
1111100001010111111010010101
1111110111111111010111011

point 2,2
00010001011111101100010001
001111101001111111110111
011111110111111111101101111
10100110110111010111001001
1010101011101010001011
10110100010110110101010
1011010101011011000011111
101101101011111111011111111
101101110101111101101110101111
101111100101111111111000001111
101111100111111101000111
101111110111110111111011111
11011011011111110100011
1111001001111111001101011
1111001011010111110010110101
1111001100011011111010011
1111010000110111110100011101
11110100111110110100011111
1111010111110101101100111
11110110011111001101110
1111011011111111110111
111110101111011110000111101
111110110101111101101011
11111100010111111110001011
11111110010111111111001010
11111110011111111111011111
111111110111101111001

point 2,3
01110010110110111011001
10010101101101010101100110
101101011001011011110010010
10110110110111111011011011
10110110111111101101111
10111001011110111101111110
101110101001111011101000111
10111100110111011100010011
110110110111100110110101
111100101111111100011110
11110011011111101100011
111101000111111100000011111
11110110010111111011000011
1111011001111111011110111
11111001110111011110001101011
111110100111111111110001011
111110110000111110011110011
111111111101111111110100111

point 2,4
00010111100100110010000110
010101101110101011011
01100000101111111001001011111
0111011011111110110111
011101110111010101010111
011101111110111011111
100001011011100001011011
100100101110111001111111
101011001101111110111
1011010010011111100001001
101101100001111011001000011
10111000010111111011100001011
110101100001010011110000101
1110010011001011111100110110110
11100111011111111101110111
111010100101111110010010111
11101100011110111011001101
1111001000111111110110011
11110010010111111100100101111
111100101111010110010011
111100111110110111110
11110100000111111110100100111
1111010001011111110100110111
111101111011111101100011
11111000011111111000111
111110100101111110101001011
111110110111101111101101111011
11111011100011111111111010111
11111110100111111111010011
1111111111101111110110111

point 2,5
00011011011111001011101101
10111011011101111110110
1110001001111111001000111
1110100010011111110000000111
111010110001111111101110011111
11101101111111100101111
11110010011111111010011111
11110010110011111001001011
111101101111111100100011111
111110000101111111100001001
111110101101111100101101011
111110111111111110110110
1111110001111011111011111
11111111010011111111110111111
11111111011011111111110110111
1111111101111110111010110011111

point 2,6
01100101111101011001011110
0110011111001011001111110111
111001000110011101101000110111
1110101100101111010010010
111100110111111111110001111
111100111111111100111111
111101010110111010111111
111101100110110011001111
111101100111110110011
111111000111111110001

point 2,7
001100001111010110010111101
001100110111000100011111
001110101111000110010011100
011001111001000110011101000011
100001001010111000000011101
101000100111111110001001111
1010011001101111111001100111
10100111011111111111111
10110010111111110110111111
10110110111111101100111111
1011011111111111110110101111111
11100010001111111101010110001
11100110001001110011000101
1110011011011110110100
111001110110111111001111100
11100111111111000111111
11101000001011111011000010111
11101110011111111011110111
11101110111111111101101111
1111011001011010011001001
11110111010011111001110100111
111101111111000110111111101
11111110001111110111001111
1111111000111111101100011
11111111010111111111010
1111111101111111111110011111

point 2,8
001100111101111110001110011
01100001111111001010010
0110001100111001110000
100101110011111011111100101
1010001001111111010011001111
10101111111110101011110111
1011000100011111011010110011
111010011001111101011110
1110110010101111110110000101111
111011100111111011100111111
1111000111110111110000111111
111100111110110101101111
1111001111111111001111111
1111001111111111110011111
11110111010011111101010111
11111111001101011110110011

point 2,9
001101100111110110100110110
0111111010111011100100111
011111101111111111111110111
1000011100111010011100111
101000111101111101111101
10100110011111111101001111
1011011111111111101101110111
1011101010011110111011011011
10111110100111111110100110
1011111011110111110111111
11100110001110110011001111011
1110100101001111111000001
1110101110111111101010111111111
111011101111110111011111
111011111111101001100001
111100011101111111000111111
11110001111111111101100011111111
1111001010111101111010101111
1111001011011111111001001011
111100110111111101011011
111100110111111110010011
11110110001011011101100001
11110110100011111011010000
11110110111111011110110111111

point 3,0
01110110101111011010101111
1010100011011111101000110011
101100100111110110011111
101101011101101011011011101
1011010111110101101011100101
10110110011101101101101
10111010010111111111111111
10111111110011111111110
11100001111111111110010111011
111000100010111110011000111
111001101111111001101011
11101011011111010111010011101
1111000001101111000001101
11110001010111111111010111
11110011011111001001111101
111100111111111110010111111
1111010011010111011011101010
11110110110111100010010101
1111110000101111101101100111
11111100111111111011101011
11111110000111111001000111
11111111011111111010101110

point 3,1
01110111011101011011111110
1010011000011101001100001
111100000101011110011010110
1111000010111011110010111
1111001000111111100100010111
111100111111111001111111
111101010110101011110011101
111111100101111111101011
11111111010111111101101011
111111110101111111111110100
111111111111111111111001

point 3,2
01110011000011111101100001
101001100111110110110011101
1011001000011101100110011110
10110010101011110110110001011
10110110001011011101000111
101111110111101011111101111
11100010011111000100111
111000100111111100010011111
111001100111111110011101111
111100010111101110111011111
11110010000111110111010100111001
111100100101111110010011111
1111010001011111101000101111
11110111111111111001000111111
11111011111111111111110111
1111111011111111111110100

point 3,3
0011111000100111101101010
01100011011111110011110111
10100010111111110011111
1010010011111101011001011111
1011000001111110000011111
1011010101111011011111111
1101010101011110101001
110111010011101110110000111
111100000111111000101111
1111001001111111011001110
1111010111111111101011111
11110111110101101111101
11110111111011110111111
111110111111111111011111111011
1111110111111111110101111111
111111110111111110101101

point 3,4
1001010001001110111010000010011
100111110111111101101111
1011001001001101010101001
10110101011011011010111111
11000101101010001011011
1101100010010001111010011
11011111010111101111101111
1110011100111110011111111
11110000011111111110010011101
1111000011111111111001111111
11110001111111110000110111
1111001101011111110010010011
1111010101011111101100101
1111010110111110111101101110
11110110001101111011000011
1111011101001111110101001
11111000101111111110101111
11111001000011111110011011
111110100001111111101000011
1111111011011111111110110111
1111111011101111111110000111
1111111110111101111110

point 3,5
0111010011110011100011111
101000110001101010100011111011
101001110011110100111011111
101101000011111110101001111
101101110110110111011010110
10111000011101111100101111111
10111011111111110110111
11011010111010111001011010
111000100100101110011000001
111001110101111110011001011
111011000101101010110001011001
11101110011100110100110010101
11110000010011110010110011
1111001001111001001
11110011000101110110111000
1111010011111111101101110111
111101100101111110100001
11110110111101111011001110
11110111010010100111010
11111000011111100001110
111110101111111100001101
1111111010111111111110101011
1111111111101111111111110

point 3,6
0111101101001111111011110
1001010011011100000110101
1010001101101110100011011011
10101111011011110110001111
1010111110111110111111011111
10110011011101000110111
10110111101010110111101011
101111100100111111111101111
110001100111101100100110
1110111010011111110110100111
1111000101011110100010011
1111001001011111001001
11110010011111100100111
1111001101011111000101001
111100111110111111001111111
11110100010111101010001011
1111010001110111111011001111
111101011111111111010001111
111101100011111111011001111
1111011001111111111010101111
1111111001111111111010011111
111111110001111111110001111
111111111111111111101011111

point 3,7
01100001111111100011111
011101100000011010110100011
10100100011111101011111101111
1010010010011111001000001
101001110100111100010010
10110011011010100011010011
10110011111000110001011010
1011100001111101110000110
101111010111101111010111
10111110100111111110001010
11100010011111111000000110
11100011110111110000000111
111001100101111001110110111
1110011011011110011011101
11101110111110111011111111
1111011001110111111011011101
111101101001111110110111111
1111011011111111011011111
111101101111111110110010101
11110111101111111011111111
1111101011101111110001111011
1111101101001111000111101
1111101101011101111011011001
1111101110111111110010000
1111101111100111111101111111

point 3,8
00111111011110110001111111
01110100010110111010001011
10101100011010111111011
1011001111101111001111111
10111000010111111000110111
101111101111111111111111
1110000111111100100001111
111001000001011110110100111
1110011000001111101001100
111010100111111111101001111
1110110001101111101100001101
111100100001111100010001
1111001110111111100111111
1111001111111111101011111111
11110100001111111101101101
1111010001111101101001111101
1111010111111111000011111111
111101101011111110110110
1111011011001111011011001111
11110111011111110111011
1111011111001111101111010
111101111111110111110111111111
11110111111111111101111111110
1111100111101111111000000100111

point 3,9
011100011111111100011111
011111100111111111110111110
101101100101111111011001011
10111110111011011111011101
1110001101111111000101111
11100110011111111001100111
1110011110111011110010
111011000111111111101011111
11101110010111111101001010111
1110111111111110111100111
111100100101111001011
11110101111111111010111111
1111011001011111110001111111
1111011001101111111011101
1111011101011111110111010111
1111011111001111001100100
1111111010111111001111001

point 4,0
0110001011011111100100110110
0110101000010111111110100001011
0111110110110110101101011
101100010111011000101111
101101010111101111110010111
10111000111111111111000111
1101000011000011101000011101
110100001101000110100001101000
11011010011011110110100111
11101101010011100010101011
1110111000010111010101000001
1111000111111111111010010111
111101000111111111011001111
11110111001111111100110001111
11111100101111111111010111
111111100111011111001111
111111100111111111000101

point 4,1
011100001110101110011101
011100100011111111100001
01111011011110111101011110111
01111110011001011011010010
101000101101010100000110111
10100110001111111000000111
1011001000111110110110001111
101101011101101111111100111100
101101100001111111011000011
101101110001110101101110100
1110011001011111100110111111
111001101010111111110101010111
111010010001011110100100010111
1111001001011111111011010111
11110011111111100111111
1111010011111111001011111
111101101011111111011010111
11111100111011111101011
1111111001111111111111111101
111111101001111111101100001

point 4,2
01100100011011001000011
0111101110001111011101010
1011011111110110110111111
10111110101101110110100101101
110101101111101101011011111
111000000111111111010101111
111001100000111100010000
111100100110111110110011
11110010011111111010010111
1111001011101110001001101
11110011111111100111111
111101010111111101011101
111101010111111110000011111
11110101110101101101111111
111101100111010110011011
111101101010111111100000011
11110111010111111001011111
1111011101111111111111001110
111111100101111111010011
1111111010111111111101011
1111111101011111111011101101111

point 4,3
0111000001111111110010011111
1000011001011100011100001110
10010111001101111110100
10100011011111010001101011
10100110010111111010011001011111
101100000110001011111001110
1011000001111111100100111
1011001000111011100100011111
10110010001111011110011
101100111101111101111001
10110110011011110010011101
1011111000010011010111010
11010011001111100101110011111
1110001001001110001001000
111000100101111100010010111
1110011001101111111001101
11101010011111111001011011
111100000101111110010011111
11110100011111111110100011111
1111010110111111110111111111
1111010111111111010111111
111101101101111000101101
1111011011101111011011110
1111011011111101000111
111101110110111101011101101111
1111011101111111111011101101111
1111011111101111011001101
111110011011110111011111110
111110101111101010010
111110111001111111010100111
1111111011010111111100111
1111111011011111111110100111
1111111011110111111110011101

point 4,4
00100100011001111101000110010
01110011001111110101101100
01111110011001111110011011
1001010100110110010100001111
10011011011010100110110110
1010001001011010001101011
10101110010101100001100001010
1011001000011111011000001
10111000111111111000010111
10111011011111011011000001
101111010110111111011
11010110111001011110110111001
1110001111011110011011011
1110010001101110010001101
11101110110111111110010100111
111100111011111110111010
111101000110111101100100
11110101111111111110011011111
1111011000111111001001111
11110110001111110100111
1111011100000111111111100011
111101111011111110111001
11110111111101011011111
111110110111011111001111101
11111100111111110000101111
11111111001111111111011100101
11111111101111111101110111

point 4,5
00111011011110110011111111111
0111010110010011101111001
101001110101101011010100
10100111010111101101110101111
1011000001110111111011011111
1011011011101101101100110
10110111010110100110010
10110111101011011011110101
111001111010111100111101011
111010100011011000100
111011100011111011111101111
111100011111100111101111111
111100110101111111101101111
111100110110011001100011
1111010000110110101000011111
1111010010111111110100111111
11110100111111101001111
1111010101110111011001110
11110110000011110111001111111
1111011011111111101101110
11110111010111110111011111
1111011101101111011101101
111101110110111111011101101
11110111011111111001100111
11110111011111111110100011111
11111100010111110111010111
1111111100111101110010
11111111011111111110010

point 4,6
0011011111101110010111111001
011101001111100111010011
1010001011011110111011111
1010011011111111000101011
10101111010111110011101101
1011011101110101101110111011
10111011010111011001101011
1011110001010111100010101
101111100111111100101011
101111110100111011110101101
111000101011101110000100111
11100110010010111101001010011
111001111010111110011110101
11101011011011011011101001
111011101111111010111111111
111100010101001111101101
111100100100111000100101
11110010010110110100111
111100110111110011110100111111
111101011111111111111110
11110110010011110110010
11110110111111110011010111
1111100001111011111100100111010
1111100001111111110000001
111110011101101111101111011
11111011111111111100101111
11111110110111100101101
111111101110111111001101111
111111110101111110110111

point 4,7
011101110111010100111011111
011111111111101111111111111
10100110100101101001101
101100101111011001111111
101100101111110110010111111
10110011111110110011111011
101101101110111000010110
101101110001110110001010
10110111010111101111110101
10110111110111010111011011
1011111111111101101111111
1110000000011110000011111
111011110011111111001011
11110000101111111110000011110
1111000111011011111010011011
111100111111110101
1111010001110111110110011111
111101001111111111100110110
1111011110111011111111111
11110111111111110111111111
1111110011011111111000101
1111110100111101111101000111
111111011000100111110111001
11111101111111111110101111
111111110101111111111110101111

point 4,8
01110111111111111101110111111
1011001110111101100010111
101100111110101101101010
101100111111101101111111
10110111111110101101111111
11101011010111111001011101
111100011111110001111111
1111001011111111001011111
1111010011011111110111111
111101100011110111101111
111101111111111111101011111111
1111011111111111111111011111
111110110011110110111
11111100111111111101001101
111111110110011111111110110111
111111110110111111011101101

point 4,9
10101011010111010111101
10110110000111111101110101
1011110011111011011111111
111000110101011101001010101
111001010011110111101000011110
1110100000001111010000101
111010010011111111010010011
111010011011111010111111
111011000001111100000000111
11110000011111111101010111
11110010111101111100101111
111101001011111110011011
11110100111110111110100111110
111101010111011111011100110
1111011001111111011001
1111011010111111110000110
1111011101101111101110011
11111000010011111111101000111
1111100010111110110101
111110100011111111101000111
111110110010111111100100111
111110110011011011001
1111101100111111101000111
1111111111111111110111111111

point 5,0
0111101001010011010000101
0111110011111111011111000111111
01111110010101111100010
01111110011111101111110110101
101001100001101101100001
110101010101111110101111110
111010000001111110100000001
1111000010011110111101010111111
111100101110111110001000101
11110011011111111001111001
111101001101000111111000010011
1111010101101111101011111
111101011101111110101110
111101011111111101011111
111101100001101001100001
11111000011111111110100111
1111101001111111101001111
111111000001111111111010011111
1111110101000011111100010110
1111111001111111111100010111

point 5,1
0101000001001011011000100
0111000001111101111010011111
01111010011101111101100101
0111101110101011111111000
0111110000011111101101000000100
0111110000100111110000101
01111101011110111101000101
011111110101111111101011110
0111111101101111111101101
101100101010111100101111
1011001011011011001011111
101110100111111011101001111
1110101110011110111111010
11110110101111111101101011111
1111100011111111111111110001111111
11111001111111111110011111
111111000010111111100001001
111111000110011111110011
1111110010001011111110000011011
11111101011000111100100101
1111111101101111111110100101
11111111101011111111101011

point 5,2
0110110001110100111110010100
01110011011101110001101001
01111110010111111111101010
01111111000010111111000111
101101101011101011110010111
11010110011110111110110011010
11101011110111110111001111
1111000001111111110011011111
1111010010111111110100111111
11110100110110101101010101111
1111011100001111011100001
111111000110111111000100011
111111000111111111110001111111
11111101110111111110111111111
11111110101111111110101
11111110111111110100011

point 5,3
000111100011111001111001101
01101110101000110101111100
011101000001101111101001110
01110100110011111111110
01111001110100111000011010
011111100111111011100111011
101100100001110110000010
1011101001111110111010011110
1011110111101111010111111
101111111000010011101110
11100100011011110110101100
11100110010101100110011
111001101110111111011001101
111100010111111110101001
111100101101111011001001
11110010110111111000011011
111101000110111111101111110111
111101011101111111010010011
11110110001110111101110111111
111101100110101111010011011
11110110011111111011010111
11110110110111111011010011
1111011011100111110110111101
111101111111111111111101111
1111100010101011010010111
111110011111110111000101110
11111100101001111111101001111
1111111001001111111100110
1111111001101111111011111
11111110111011111101111110

point 5,4
0111001100010011101101011
01110110011011111010001101101
01111110011011101111111011011
1011011011111011011010111
1101011111011111110010110111
1101101011111111111010111111
111011100111111100110111
111100011110111110010110
111100100111111100100111
11110011110111111101111101
1111010101101111101010110
1111010101101111110111111011
111101011111111010111111
1111011000111101100001
1111011001001111000101111
1111011001001111100110100111
1111011001110111101110110110
11110110110011110010110
1111011011101111101100110
111101101111101111011001101
111111010111111111111001111
11111110110110111111101101101

point 5,5
00110011111111011100111111001
01100000010001011010100100
01111110011011011111100110110
101000000100111111100100100111
10110111101010110101001
1011101111010101110101111
1110010111111111100101011
1110011001110111011001111
111101011011000111010110111
1111011001110111101100111011
111101101111101100001111
1111100001011111111100110
1111101011101101110000011
11111011010101111101100011
1111101111111111110111111111
11111100001100011111000011
1111111001111111000001

point 5,6
0111111101100111111011011
10110100111111111000111110
1011101001011111110000001
1011110001011111111000110
11100110100011110000000001
1110110101000111111111011111
11101110111111101110111
11110011010111110111101111
11110100001111110110111
11110100110111111011001011
11110101001111110101101
1111010110000111101011010
1111011001101111110110011011010
11110110011111100110011
111101110111111101000111
1111100011111111010000011
1111101001111111110010111
1111101111011111010111101
1111101111110101111010011
11111101001111111111110111111

point 5,7
001100010101110111001101011
001101110110001111010110
0110001111001100011
01100111110011010111111
0111101111111011110111111
01111100000111101111100110111
101000010111111100001011111
1011011111011111001111111
1011111110011111001010011
11100110111110110000110101
111011011011111101010101
111100010011110010100000110
111101001111011111011101111
1111010101100011011000100111
1111010111011011101010111
11110110110111100111110
111101101111011111010111111
111101111110111011011111101

point 5,8
01110000011111101010111111
101000101111101010111101
1011010001111111111110011111
101101011111111100001111011
110100011111111101111101111
1110011011111111111010011
11101110111111111010101101
1111001011111111100101111
11110101101111111011010111
11110110011101111101100111
11111010111110111011111111111
1111101100101111110111000
1111101111101011111111111101111
1111110010111110111011100111
11111100111101111110111110111

point 5,9
110110010001111111000000111
111000001101111010001111111
1110010001111111100101011111
111001100011111100111011111
111001100111111001100111
11101111100111111011111001
1111001000111111000001111
1111001100011111011101011
11110011101110111001110111
111101000010110110000111
111101101111111100110011
1111011110111111100111011
1111011110111111101110111
11111001101111110000110111
111110111101111101010110
11111110001111111111011101

point 6,0
0101110101101011010101010111
01101000011111111100001111
011110000110110111100000001
0111100101111111001001001
0111110001101111110010000101
110000000101000110000011101010
1100011000111110111100001
11100000000111011000001101
1110000001111011000001111
111000010110101111100000101101
111010010101011111010010101
11101010011111111101010011111
11101101010101111101101010111
111011100111111111000
111100100000111111000000001
11110011011111111100111001
11110100000101111101000011011
111101001111111101111010000111
1111010111011111010111011
111110000100101110110000101111
11111000101111111111001011011
1111100111010111011101111
11111010010011110000111111
1111110000011111110010111
111111010111111111111101011111
11111110000100111110010010
1111111000111111111011110
1111111001001111110010111
11111110011111111111001

point 6,1
001111111111100110111111110
0110011011111011100110101110
011001110101100111010
011101101110111110110111
011101111011101111011101
011110010010111111000000011
011110100111011111110011111
011110110110100111100001101
011111011111111110111111
011111101111001111110110110
011111110110100111100101111
101110110011111111101011
1110111001111111011100111
11110001011111100010111
11110111001111111100111011111
1111011111011111101111001
11111000111010111101101001111
11111100000101111110101001111
11111110010001111010001010

point 6,2
0011111001100011111001100
0011111111111001111110111011
011010110110111100001110
0111001000111111101010001110
011101101011010011101111110111
01111101011111111110001110
01111101111111011110011110110
1011010000011011011000011
110101011011111110111101111
111001111110011111011001100
1110111110110111111111111
11110011111011111100011111011
111101011000111111111001
11110101101101111011110111
1111100011011110110111
111111001111110111111001101110
111111100111011111111110011110
111111101110111111011110

point 6,3
01110001011101110111001
01110100011101110100001111
01111010011111111101111
1011001000011011011000011
110101000111111111100100101
1101010100111111111000100111
110110010011111010001011111
11100101011011111100111011011
1110010110000111110100100001
1110100101111111011010111
111011100011101111110001111
11110010110111111001100011
1111010010011111010000111
11110101011101111101000010011
111101010111111111100010111
111101101110111101101110
1111011100011110111111001111
1111011101101111110111011011
11111101110101110110000110
111111110010011111111110010011
1111111100111111101000001111
111111110011111111111100111111

point 6,4
010111000001010111000011
0111001000011100100
10011101101111100110010011101
10110100011111011010001111
1011100011101110111011110
1100110001111110110000111
1110011001110111110011001110
1110110101111111111101100110
1111000100111111011100110
11110010010111100110000101
11110011011111110011011101
111101100110011110110111
1111011001111111001101
111110010100111111001110
111110010111011111111100101110111
11111011111111111110100111
11111100101111111111110000111
111111110111011111110010
1111111101110111111110001111

point 6,5
011001000110010110011011100
01110001011101110001011101
0111111000011110111110010111
101100111010111001101111010
1101101001101111100100100111111
1110010001111110000000111
11101000001111111000001111
111100000111011111100100111
111100100101111111101011
1111001011111111011101111
11110011010111111110011010
11110011110110111001111
111100111111110110001101111
1111011010111101101010
11111101100111110000101
11111111001111111111001111
1111111101111111111111011111

point 6,6
0010001011110101100111011
011001000101011001100100
0111111001111101101110101
10010111111111101100111111
10110000001111111010010011
10111010110111110111101
1011101100111111111110011
11100000010111100100010
111000000111111111100011110
111000110101111101101001
1110011010011111001101111
11110000011111110100101111
1111000011111111111000010111
1111001100111011011110111
111100111101111110011101111
11110100101111111010010111
111101101010111101101010
111101110101111100110111
11110111011111111001111110
11110111111110110111011
111101111111111111111101111
1111011111111111111111011111
11111000111111110100011111
1111100011111111100011111
11111001011111001110001111100
111110100111111110110011
11111010101011111111101001
1111110010111111010010111

point 6,7
01110011011111110011111111
0111011010111010111000001110
01111101010011011111010010
101101001011111111010010110
1011110001111110111100011111
101111110111111001010111111
111001111101011110000111011
1110011111110011111011
11101110111111101110111
1111000000101111110000101110
111100010111111111000001111
11110100000001111010000001
11110100001111111001011111
1111011110111101110101101
111110110101111111101000011
111111100111111110011111
111111110101111110011011
11111111011011111111011101

point 6,8
0111110111111111011011100
111000110001111010110001
11101010111011111100111111
111100110101111111010011111
111100110111101101110
11110100101111111110100101111
1111011010111110010011111
111101111111111101111111
111110011001111110011110111
111110110001111111101110011
11111110111111110111011111

point 6,9
001100010111011110011101
011111111111111111101111111
1011000101111110011010
101100011111011111000111110
10111110111111111111011011
11100010001111111000001111
11100110101011111101101101
111100000111111111010000111
111100101011111110101001
1111011010001111001110011
11110111011101110101011
11111000101111101100101111
111110001011111111100010101
11111001001111011110110111
1111100101011111001100011
11111001011101111111001111011
11111010011111111100111
111110110111111100100111
111111001101111111100110
11111111111010111111111110

point 7,0
0110010010111101000101111
01110111001110011101100001
011110010110011110010110
101101000011101011110001111101
101111110101111011111110111
1100011100111110100100011
110100100111111101101001111
111100111111111111111011101111111
11110101000111111101000001
111101111110110111111100001
111101111111111111010011111
111110011011101110001101011
11111010110100111011001010
1111101100101011110110011
11111100000001111111100010000
11111111011011011011111100101
11111111011011111111110110111

point 7,1
01010111001011010111001001
011011011011110000110100
011100001011111011110001011111
101101011011111110011001
10111110011001111110011
11001110000111110011100001
1110000111111011110011111110
11100011010110011000111111
11100110010111111111101011
111100010011111111001001
1111001000111111111110010011111111
111100100111111110010011
111100111111011111101010111111
1111010100111111111110101001111111
11110101010111111111101110001111
111101101011101110010011111
11110110101111101100011
1111011101111111011101111
1111011110010111011111001
111110000011111110100011111
1111101001011111111010011111
111110100110111111111011111
111111000111011111111100010100
1111111011111110111101010111111
11111110111111110110111111
11111110111111111101111

point 7,2
011100000110111001000110
01110110111100111110010111111
0111101111001011110010001
011111111010101111111000001
101101111101101101111101
1111001111111110000111
111101000110011111001011101
111101110110111111101100101110
11111000010111011110000110
1111100110101011110101010
11111010011111111010001
111110101011111110101011
11111011101111111111100111
11111100111111111111000011111
1111111011111110100101111

point 7,3
011101010111011111001111110
0111011101011011111110101
0111110010111100101111
01111101111010111100111
0111111001110111110111110110
11010110010111011100011111
111101110111011110001101
1111100010001110110001100
1111100010001111110001010
1111101000110111001000111
1111101001111011111100111
1111110100011111111001001111
111111100000111101101110
11111110010111110010000011
111111100111111111110101111110

point 7,4
0011010101111011111010111
0111011101111111110101
011111010111111111010011
10111010011111011101001111
10111110001101111101101110
1111001010111111000011111
1111010000110110000001
111101010110111101110011011
1111100001011111110000101
11111010010111110110011
111110110001111111101000
11111100011110101110011101
111111010100111011100010001
111111010111110111001111
1111110101111110110010111

point 7,5
011100010111111101010111
0111000111011111111000111011111
0111001110111111011111111
011101011011111111100010001111
011110100110110011110100010011
011111110001001001100011
0111111101110110101101111
10010110011111011011001111
1101111000110110111110011
1101111001011101111001011
11110000011111111110000111
111100010011111101010011011
1111001010111001111110011100
1111001100101110011011
11110100011111101100111
111101100110111001100110111
1111101101110110101001111
1111101101111111101000011
111111110011111111110111001111

point 7,6
011001111100111001110110
0111011111110111001111101
011111000010110111111110111
01111111100001111111101011
1111000000111111000000111
11110000111111111000011111
111100010011111111000101111
1111001101111011110111011111
1111010001111111111110111
111101100101111111001011111
111111010011111111010000111
1111111110011101111100111

point 7,7
0011100111110011100111111
010110001100111111110000100110
011000111110100110001101111
01110001101111101110010111111
01110001101111110111001111
0111010111101111101111111
011110001100011110101111
101110110101101011101011101
10111110011111111010111001101
110101010011101010101011111
110110011011111110010011111
11110010111111011100111111
111100110001110100010001111
11110011001111110100110011
11110011011011111110001011
1111001111111111111001101111
1111010001111111110100011101
111101101111111111011000111
111101110111111011101101
1111101000111111101110111
1111101111110111111011111101
11111100011111110000011
111111001111111111000110111
11111101000111111110100111
1111111011000110011101101

point 7,8
00111001110001110010101
01110000101111110001011011
01110001111110111010111111
011100111100111011101111
011110011011101011110011011
0111101110101111111111
1011000101010110011010
1011111011111011111111111111
1111010111111111110101011111
111110011010111110011011
1111101111101111111111111011
111111111111001011101101110
11111111111111110111011111
1111111111111111111101111111
111111111111111111111111111

point 7,9
0011110001101110111010011011
01010101001111110101010011
101100011001101100110101
101110111111111111111111011
11101111111111110111111111
11110001011111010101011110
111101011111111011101111111
111110001110111111111111101
11111001101100011110011011100
1111100110111111110011011
111110011011111111100100111
111110110101111110111111
1111110111111111111111111111111
111111111011111110010101111

point 8,0
0111001100010101110001010
011101101011111011100111011111
0111100001110101111011001101
01111010010001011111010010111
1110110100110111101101001001
111100110101011100110101
111100111011111111111101111
111101001011111100101011
11110101010111011110101010111
111101011111111111110101111011111
111101110011111011100001
11110111010111101110101
11111111010101111110110110011

point 8,1
00111100001111111110001110
01101110111101111110010
01110011111110111101101010
01110111011111111111111001011
0111110010111111111001101111
011111010110101101101101
0111111001110000111111001110001
0111111110111111011111
10010000011110010010011
101100101111101100101101
10110111001111111010000111
10111101111110010110
110100101001101000100000011
110110010011101010000101100
111010110110111000110110
1111001001010111110011010101
1111010001110111101000111
1111010111110111111110001001011
1111011001101111011001100
111101101010110111011010111
1111011101011001110111011101
111111011001111111111111
1111111010111111111110101111
11111111011110111101101110

point 8,2
00011010011110110000001
0111000001111011110000101101
01110011100111111011100110111
011101100110110111111111101
011101110001101100111001111
10011000110001100101010100
1011100001011111100110111
1101001000010101100001101
1101001101111111110010010111
111100001111111110101101101
111100010011111100110111
111100010101111111101000101
111100011111111111110001111101
111100101111111001011101
11110011001111111110000011
1111001110111111101011
1111011011111011100000111
1111100011011110001101111
111110100010111111010001
111110100011111110100011
1111110000010111111000001
11111111001010111111110010110

point 8,3
010100010111010111010101010
0101110101111101010001010
01100010010011110101000001
011100110101111001111111
01110100001101001111010011111
011101110111011101010011
011110110011011111000111
01111100111011111101001111
1001111101011111111101111
1011101100101101110110010
101110110110110111011001
10111110111101111101111
10111111110111101101010101111
1100001101111110100110111
11010001001111111010010111111
110100011101110100111001
110100100011111111001001011
11100000001110111101000011
1110001101000111101000001
1110001111101111101110111111
11100111001011111001101001
1111000000111111000000111
11110000100111110110001100
111100010100011110001010000
11110100111111111000010111
11110101001011111101010110111
111110000001111110101000
111110000010011111000001001
111110011011111111110011111111
111111010001111111111010001111
11111101001011111101101111
1111111011011111001111
11111111001011101111010110011

point 8,4
010101001011111111001011
01011100100101011011100100111
01110010011110101110010011110
01110111011111110111101110
1101000100011101110001011001
110100010011101010101001
110111001001110111010011111
111100000011111010001
1111000101110111100001111
1111001100111111110111011
1111001111111111010111
1111100101111100010110
111110100111111111010011
1111101100101111111111001011
1111101100111111001100110
111111100111110000010
111111111101111111111100100

point 8,5
000000010001011001110100010
0010011100011111111110011
0111101001111101101010001
0111111100000111111100101
1101110001111110110111000111111
11100110011111011110111
111010000011111101000111
11110111001111100110101
1111011111111111011111110
1111101000110111110100011
111110111111111111011101111
1111110100111101101101011
1111111100010111111110001101
11111111001011111111000
1111111111011111101010010111

point 8,6
011101100111101111111100110
011110110111010011100110101101
1110011111111011001111111111
1110100000111111101101011111
1110111000010111011000011
1111000101111111111001101111
11110011011111111011111111
111100111011111001110111
111101100011111111101100111
11111000000111111100101011
111110100111111111001101111
11111011000111111100101011
111111010111011110101001

point 8,7
0101111011011111111111111
01100101010011001010101
0111001100100111000000101
011100110111100100011110111
011110010010111100101
0111110001011010111001001
01111111010111111111010111
011111111011111101111
10110111111011110111101
1011011111111111101111110
1101100100111011111010111111
11100001011011111000001110
1110000101101111100001011111
11110000010111111000111110
111100111001111111001110111
111101011111111111110101111
111101110011111111111001111
11110111011111111101110111
1111101011111111111111110111
111110110011111111000100111
1111101101010010111111100011
111110111011111111111110011
111110111101110111110
11111011111111111111011111
1111111110101011101110111

point 8,8
0011100110100111001101
01001010111101011101
011011011111011011111010111011
0111001110011111011110
011110011111111110010111
0111100111111111111100110111
011110101110011110111101
0111101100111111111101101110
01111100110100101111101111110011
101110010101011001000101
1011100101111111110010111
10111111011111111111101111
11100011110110111000111011
111000111111101110111111111
11101010101111110111011
11110001111111010011111
1111001110011111100111001
11110111011101110111011111
1111011110111001110111111110
1111011111111111111010111111
1111100011011111000111110
11111001001111111110010011010
111110011111111111101111110
11111011001011111100110001
111110111011111110110011
11111101111111111110101111
111111110111111110001011111
11111111011111111111110111
11111111111111111111011111

point 8,9
01110111001111111101110001
01110111111111011111111111
01111001010111111001010
011110011111001111001111110
0111110010110001110100011
0111110111010111111111101
0111110111101011111100111
110100111111111110111111
110110011001111101100110011
111100010111111111100010111
11110001111111011101011111
111100110011111001100111
111101011011101110100110011
1111100101111111001001
11111001101011111101111011
11111001101101111100111111
1111100110111111001101
111110011101011111001110
11111011011111111101100111
111111010011111111010111
11111101101101111101110110
111111011011111111011101100
111111011110111011111001111010
111111011111101111111110111111011
111111011111111110111111

point 9,0
000100010000010111010011
01010011101001011101111011
0110101100111110111111010111111
0110111101111100110101
0111000110100011100011010
011100011010011100011010
01110001110000111001100011
011100101011001110000101100
0111001010111001110010101110
01110010111011100101011
01110011111011100111011
011101011011111111000110110
01110110001011101100001
01110110101111111001110111
01111010001101110110101
0111101110111111010101011101
101111110011011011110111
110101100011110011100110
111100100010111100100010
11110011011110111001101111
1111011000111110110011111
1111011001111101111011011111
111101110010110111101110010
111101110010111111101110111
11110111010111110111011
11110111010111111111101111
111101111010111111001110111
11111001101110111100110100
111110101010111111010111
111110110111111111011011111
1111111000111111101101111111
111111110111110111010
11111111101111111100111011

point 9,1
00111111001011111011111101111
0101010110001010100100100
011100100011111000010111
011101010000111111110001
011101110001011011101110101101
0111100000001101111010001111
011110000110011110100110
0111111100001111111110100
01111111011111001111110111111
011111110111110110111011011
1011100101001101110010100111
1011111100101110111111001011
11010111001111110111010111
111000010011111000001101
11100011011111101000011110
111100011010111100111010
1111001100101011011000101
111101000011111110101001111
11110111011011111111100110
1111011101111101110111011111111
1111011101111111101100101
111101111110111111011011111110
111110100100111111100001001
11111010011111111101001111
11111011000111111101101010
11111110011011100010011
1111111111110110111011111

point 9,2
001110111010110111011101011
01011010011101101001001
01110000101111111100011111
011100101011111111011000
0111011000011001110111001000
011101110000011111011000010
01111010011111011110100111111
0111110101101111110101001
01111111000111111110101010
110100100101111110010010111
11010010011010110000111
11100010000011111001100101
1110101100101110111100100
111100010111111111001001
1111001001111111111001001111110
1111010000110111010000111
11110110011101111001000100
11110110111111110110011
1111011101101111011001010
1111011101101111110111011011
11110111011111111001100101
1111100101101011110010110
1111101100111111011001001
1111101101001011100110000111
11111111111111110001011011

point 9,3
011100000011100110000011011
01110001000110101110011110110
011100011101101001110000001110
0111101001011001110010011110
0111110101011111011100110110
10010001101101100100100111010
101101100111101110000011
1101001111011100111010100101
11011010010111110100010
1101111101111110101110011101111
11101001011110101101
111100000001011111100111001
1111000001011001110110010010
11110001111010000001100110010
111101011111011110101101101
1111100000110111111000011111
11111010001011111101000001
11111010100011111101010001
11111101001001110111111001001
111111010010101110101001011
111111110010111110111111111011
111111111110111111111111101

point 9,4
011101111001110111011110111
011110100100100111101001011
011110100100111111011001101
101100011001111110000100111
110101010111001001000101110
1101100001011110110010110
11011100011111101101110001111
1110101101110101000011111
111010111111100000010011
111100000101111110000101011
111100110011111001100110
11110100100111111101001001111
111110000101111100001
111110001011111111000101
111111011110111111011110
1111111101111110101111001

point 9,5
00010001011100101000101110
0101101101111011001011101
011110100110110110111000111111
1101110101111101110101110
1110001010111110011011111
11100100001111111001000111
11101011001101111111000001101
11101011011111010110011111
11101111001110100111000110
11110100010111111110000111
11110101001111011110
1111010100111111100111001101
111111010101111111101010110

point 9,6
01101010111101111010111
011100100111111111001111111
0111011000101110001000111
0111011100110111111101111
011110011111011111011111
011110011111101111010001
01111101001011111010011
011111010011111000100111
01111110101010110001011111
100001101111101011101111100
1011011111110101010011111
1110001000111000100011
111000111111111101011101111
111001100111111100100011
11101001000111111111111000111
1110101101111101110110011111
111011010111111111111100011
11101101111111011001001011111
1110111001111111101110001111
111101101011111000100011
1111011110111111101000011
1111100000011111110001101111
1111101000111011111011000111
111110111011111111101110111
1111110100011111011010001
111111010011111011000011
1111111100111111110111101111

point 9,7
011001010110110010100111
0111000110110111000100
011100100010111110111001000101
0111001110011101110011000
0111010111011111101010111
0111100111110111100111111
01111101001101100111110101110
0111110101111101100101111
101100101011111101101011
1101100000110100110011
11011001001111101100100111
1110001000111100010011
11100011011111111100111111
11100101001111110011010111
111010011111011111001101
1111000100111111100110011
111100011111111100111100111
11110010110111100111111
11111001001111111101100110
11111001111100111110011011101
1111100111110111010011111011
11111010001111111001000111
11111100000111111110100111
1111111100111011111101111
1111111101110111111111010101
11111111111111111111111011

point 9,8
010110011100101100111
011001100101101100111010110
011100011001111000110110
01110110101111111111100011111
01111000011111111000100111
01111001110011110011101
011111001110101111100111011
01111101101101111110100110
0111110110111111101011
0111111100010111111100101010
01111111101011110111010
101001011101010111101101
1011001100111101110011001
1011101110011110111100
111010010011111101001111
11110111010111101110111001110
111101111010101010100111
111110010011011111011001
11111011001111111101100111
1111101111111011110111011111
111111000010111111011110
1111110100111111101001
1111111000111111101100111
111111110011111111110010
111111111111101111001111110

point 9,9
00110001100011100111001
0101010100111010101010011
010110011001111011001100
0111100101011111011111
01111001101100111100110111
011110011011111110011001
0111110100101111111011110
01111101101110111100100111
10101010111010111100111111
1011000101111111111110011111101
110110010011111110011001111
110110011101101011001100
1111000100111101000110
1111000101111111110110111111
11110011101111100111011011
11110011101111111111101110111111
1111010111101110001010
11111000110101111110101111
11111001001111011001101111
11111001001111111011001
111110011001011110011001
1111100110111011111001101110
1111101011111111110111111
1111101101010111111110111111
111110111100111111100111011
11111011111111111110011110
1111110111110001111111101111
11111101111111110110111111
111111110011111111101101111111
11111111010100111101101010
11111111011111111110111
111111111111101111111111011
11111111111111111011010

