9.6310,0.0059
9.7710,-1.9799
9.7810,-4.0520
9.7910,-4.0731
9.8010,-2.7515
9.8110,-3.3976
9.8210,-1.4939
9.8310,-2.0484
9.8410,-1.3006
9.8510,0.0171
9.8610,1.6480
9.8710,1.5597
9.8810,3.6186
9.9610,2.4654
9.9910,2.9663
10.0110,4.2357
10.2510,5.0305
10.2710,4.9682
10.2810,5.1492
10.2910,6.0536
10.3010,5.7656
10.4110,5.4550
10.4310,5.5824
10.4410,6.2979
10.4510,6.4218
10.4610,6.8280
10.4710,7.5402
10.4810,7.4692
10.4910,6.3919
10.5010,7.1465
10.5110,7.1430
10.5210,8.4529
10.5310,8.4706
10.5410,9.6883
10.5510,9.1083
10.5610,9.1286
10.5710,9.0094
10.5810,9.1286
10.5910,9.9058
10.6010,10.0904
10.6110,10.4824
10.6210,9.7679
10.6310,11.4798
10.6410,10.4369
10.6510,11.2194
10.6610,10.1517
10.6710,11.2115
10.6810,12.7897
10.6910,12.5920
10.7010,13.9377
10.7110,15.9016
10.7210,15.7134
10.7310,14.9745
10.7410,14.8217
10.7510,15.3924
10.7810,16.3333
10.8110,16.9920
10.8210,16.5376
10.8310,16.9837
10.8410,17.3909
10.8510,15.9468
10.8610,13.2977
10.8710,11.3038
10.8810,11.5652
10.8910,10.7451
10.9010,8.8349
10.9110,8.4239
10.9210,8.4364
10.9310,7.3981
10.9410,7.7339
10.9510,7.4444
10.9610,7.6338
10.9710,7.3251
10.9810,6.4365
10.9910,7.3256
11.0010,6.8978
11.0110,5.6986
11.0210,4.1031
11.0310,4.1400
11.0410,4.4878
11.0510,3.9070
11.0610,3.8599
11.0710,4.5355
11.0810,4.2479
11.0910,4.0492
11.1010,3.1907
11.1110,4.5597
11.1210,5.4784
11.1310,4.3745
11.2410,5.4115
11.3510,4.4644
11.3610,6.0488
11.3710,5.2311
11.3810,5.3111
11.3910,3.8568
11.4010,5.3528
11.4110,4.3707
11.4210,3.7892
11.4910,3.2185
11.5010,1.6493
11.5110,1.6295
11.5210,0.6686
11.5310,1.9992
11.5410,1.3563
11.5510,1.2938
11.5610,1.8722
11.5710,3.0075
11.5810,3.8528
11.5910,4.2333
11.6010,4.5459
11.6110,4.6627
11.6210,2.5550
11.6310,1.6129
11.6410,1.7673
11.6510,-0.3138
11.6610,-0.0230
11.6710,-0.7066
11.6810,-0.9856
11.6910,-1.3469
11.7010,-3.1752
11.7110,-2.0010
11.7210,-3.4401
11.7310,-4.7166
11.7410,-4.1561
11.7510,-4.6254
11.7610,-3.9283
11.7710,-3.5192
11.7810,-3.4472
11.7910,-5.4241
11.8010,-4.6845
11.8110,-6.8502
11.8210,-5.7730
11.8310,-7.7057
11.8410,-8.4656
11.8510,-9.2325
11.8610,-8.8962
11.8710,-9.3901
11.8810,-9.0563
11.9010,-8.6314
11.9210,-8.2529
11.9310,-7.7926
12.0210,-8.4600
12.0410,-8.4166
12.0610,-8.2911
12.0710,-9.1493
12.0910,-9.9030
12.1520,-10.8729
12.1620,-11.4773
12.1720,-13.0581
12.1820,-12.8225
12.1920,-13.1324
12.2020,-13.5725
12.2120,-13.3860
12.2220,-13.0389
12.2320,-10.8251
12.2420,-14.2136
12.2520,-14.3258
12.2620,-13.5501
12.2720,-13.5062
12.2820,-13.9516
12.2920,-11.9282
12.3020,-11.5993
12.3120,-12.3261
12.3220,-13.0495
12.3320,-12.6120
12.3420,-10.9637
12.3520,-11.8107
12.3620,-8.9045
12.3720,-9.5076
12.3820,-11.4636
12.3920,-10.5343
12.4520,-12.1320
12.4620,-11.8633
12.4720,-12.0746
12.4820,-11.6857
12.4920,-12.2324
12.5020,-11.8748
12.5120,-11.3878
12.5220,-9.6529
12.5320,-7.9441
12.5420,-8.9136
12.5520,-7.5620
12.5620,-7.9212
12.5720,-9.0982
12.5820,-8.4959
12.5920,-7.9818
12.6020,-6.9939
12.6120,-6.4702
12.6220,-6.0019
12.6320,-6.2279
12.6420,-3.6905
12.6520,-2.8594
12.6620,-2.0777
12.6720,-3.6252
12.6820,-3.5397
12.6920,-3.3889
12.7020,-3.8326
12.7120,-5.1592
12.7220,-4.7049
12.7320,-3.0729
12.7420,-3.9319
12.7520,-4.3467
12.7620,-3.8907
12.8020,-4.9008
12.8120,-4.7773
12.8220,-2.9223
12.8320,-2.0464
12.8520,-3.3423
12.8620,-3.0714
12.8720,-3.6677
12.8820,-3.7436
12.8920,-2.6442
12.9020,-2.9256
12.9120,-2.9661
12.9220,-2.4048
12.9320,-3.6389
13.0020,-4.1618
13.0120,-4.5911
13.0320,-3.1982
13.0420,-4.1299
13.0520,-4.8225
13.0620,-5.1657
13.0720,-4.4349
13.0820,-3.1248
13.0920,-2.4291
13.1020,-1.2018
13.1120,0.0146
13.1220,-0.4808
13.1320,-0.3983
13.1420,-0.1524
13.1520,-0.0420
13.1620,-0.5200
13.1720,0.0866
13.1820,-1.2343
13.2420,-0.3653
13.2520,0.6987
13.2620,1.4858
13.2720,1.5036
13.2820,0.1307
13.2920,1.5489
13.3020,1.6867
13.3220,2.0266
13.3320,2.0862
13.3420,1.2241
13.3520,0.0114
13.4120,1.5674
13.4220,1.2146
13.4320,1.7855
13.4520,2.8356
13.4620,1.8563
13.4720,0.8870
13.4820,2.4519
13.4920,1.7028
13.5020,1.2371
13.5120,1.7746
13.5220,1.1665
13.5320,1.4805
13.5420,2.0283
13.5520,3.2439
13.5620,1.9494
13.5720,2.5452
13.5820,2.5522
13.5920,2.3577
13.6020,1.7935
13.6120,2.8002
13.6220,2.8428
13.6320,2.8006
13.6420,3.0440
13.6520,2.2522
13.6620,2.5075
13.6720,4.0022
13.6820,2.8453
13.6920,1.3668
13.7020,-0.0941
13.7120,-1.1923
13.7220,1.2982
13.7320,0.0051
13.7420,-1.1337
13.7520,-1.6833
13.7620,-1.9283
13.7720,-2.7557
13.7820,-3.6214
13.7920,-3.7610
13.8020,-2.3606
13.8120,-1.2934
13.8220,-1.6933
13.8320,-2.8902
13.8420,-2.0180
13.8520,-2.4692
13.8620,-1.3646
13.8720,-0.6346
13.8820,-0.1099
13.8920,0.2153
13.9020,-0.5335
13.9120,-1.7627
13.9220,-2.7696
13.9320,-3.8457
13.9420,-3.9599
13.9520,-3.7343
13.9620,-5.3194
13.9720,-5.0538
13.9820,-6.3914
13.9920,-6.4453
14.0020,-7.6380
14.0220,-6.8273
14.0320,-5.5192
14.0420,-4.4037
14.0520,-3.4225
14.0620,-3.9503
14.0720,-3.2822
14.0820,-3.3644
14.0920,-2.4708
14.1020,-2.9791
14.1120,-4.6251
14.1220,-5.1413
14.1320,-6.1684
14.1520,-6.4342
14.1620,-6.4095
14.1720,-9.0170
14.1820,-9.8195
14.2020,-10.5234
14.2120,-9.7729
14.2220,-9.6576
14.2320,-9.7484
14.2420,-8.4565
14.2520,-7.6434
14.2620,-7.6037
14.2720,-8.0045
14.2820,-7.2097
14.2920,-8.0154
14.3020,-8.7371
14.3120,-10.5424
14.3220,-9.4796
14.3320,-10.3679
14.3420,-11.4303
14.3520,-10.0986
14.3720,-8.8198
14.3820,-8.6635
14.3920,-9.2547
14.4020,-9.9303
14.4120,-10.7046
14.4220,-10.3816
14.4320,-10.5402
14.4420,-10.7165
14.4520,-8.5210
14.4620,-8.6053
14.4720,-7.3878
14.4820,-7.9832
14.4920,-7.4435
14.5020,-9.9404
14.5120,-10.8616
14.5220,-11.3826
14.5320,-13.2710
14.5420,-15.6193
14.5520,-16.4555
14.5620,-15.9310
14.5720,-14.2410
14.5820,-13.4722
14.5920,-13.3397
14.6020,-13.0564
14.6120,-14.1489
14.6220,-14.4304
14.6320,-13.9746
14.6420,-14.1072
14.6520,-14.4477
14.6620,-14.7718
14.6720,-14.6524
14.6820,-14.8829
14.6920,-13.3856
14.7020,-14.0270
14.7120,-13.9538
14.7720,-13.1798
14.7820,-15.3845
14.7920,-16.1351
14.8020,-16.0701
14.8120,-19.3596
14.8220,-19.1778
14.8320,-21.1027
14.8420,-21.1965
14.8520,-21.5848
14.8620,-21.1987
14.8720,-22.3888
14.8820,-20.4345
14.8920,-19.7405
14.9020,-17.6410
14.9120,-17.6043
14.9220,-17.8241
14.9320,-18.7807
14.9420,-19.9328
14.9520,-20.2727
14.9620,-20.9851
14.9720,-18.9859
14.9820,-20.6848
14.9920,-21.5518
15.0020,-23.5488
15.0120,-22.5499
15.0220,-24.0130
15.0320,-23.4005
15.0420,-25.9906
15.0520,-26.1410
15.0620,-25.2742
15.0720,-25.2936
15.0820,-24.2890
15.0920,-24.4240
15.1020,-25.3172
15.1120,-26.2816
15.1220,-25.7400
15.1320,-25.4886
15.1420,-26.9851
15.1520,-25.9417
15.1620,-26.9572
15.1720,-27.6468
15.1820,-26.9172
15.1920,-26.0385
15.2020,-26.7828
15.2120,-26.0986
15.2220,-27.1078
15.2320,-29.4928
15.2420,-29.3868
15.2620,-29.7062
15.2820,-27.9295
15.3120,-28.1824
15.3220,-28.4431
15.3320,-26.6381
15.3420,-27.6977
15.3520,-28.9102
15.3620,-28.7495
15.3720,-27.7344
15.4020,-26.4616
15.4120,-27.8072
15.4220,-27.5756
15.4320,-28.1617
15.4520,-27.8198
15.4620,-28.6451
15.4720,-26.7671
15.4820,-27.8739
15.4920,-26.7403
15.5020,-24.3647
15.5120,-24.4034
15.5320,-23.9517
15.5420,-23.7242
15.5520,-21.2488
15.5620,-21.8963
15.5720,-22.1203
15.5820,-20.5213
15.5920,-20.4949
15.6020,-21.5549
15.6120,-21.3763
15.6220,-22.1268
15.6320,-21.6256
15.6420,-22.0734
15.6520,-22.2154
15.6620,-20.6001
15.6720,-19.3561
15.6820,-19.8198
15.6920,-19.5628
15.7020,-17.7742
15.7120,-16.9974
15.7220,-17.7825
15.7320,-18.5391
15.7420,-20.9673
15.7520,-22.6597
15.7620,-23.7892
15.7720,-23.8632
15.7820,-23.1075
15.7920,-23.4725
15.8020,-24.3659
15.8120,-23.4847
15.8220,-23.5344
15.8320,-21.9134
15.8420,-21.1082
15.8520,-22.1004
15.8620,-21.8829
15.8720,-20.3208
15.8820,-19.9040
15.9120,-20.6046
15.9220,-21.8418
15.9320,-20.8581
15.9420,-21.3043
15.9520,-20.3410
15.9620,-19.3899
15.9720,-19.5699
15.9820,-19.6037
15.9920,-19.9671
16.0020,-19.7730
16.0120,-19.1689
16.0220,-19.4880
16.0320,-18.7089
16.0420,-19.7011
16.0520,-18.9412
16.0620,-18.2591
16.0720,-18.0929
16.0820,-17.5866
16.0920,-17.6153
16.1020,-16.3722
16.1120,-15.9719
16.1220,-15.9399
16.1320,-14.7677
16.1420,-15.0664
16.1520,-13.3405
16.1620,-13.1002
16.1720,-13.2440
16.1820,-13.8127
16.1920,-14.5134
16.2020,-14.6876
16.2120,-14.5656
16.2220,-14.7962
16.2320,-14.2233
16.2420,-14.8111
16.2520,-14.8029
16.2620,-14.6222
16.2820,-14.1442
16.2920,-13.6779
16.3020,-13.6876
16.3120,-13.6110
16.3220,-14.0973
16.3320,-12.8813
16.3420,-13.2458
16.3520,-13.1209
16.3620,-12.8511
16.3720,-13.6667
16.3820,-13.5391
16.3920,-14.2639
16.4020,-13.6532
16.4120,-14.5770
16.4220,-15.3905
16.4320,-16.0010
16.4420,-15.7820
16.4520,-15.3542
16.4620,-14.2477
16.4720,-13.8093
16.4820,-12.6447
16.4920,-12.1628
16.5020,-10.9986
16.5120,-10.9955
16.5220,-9.9038
16.5320,-8.4813
16.5420,-10.2825
16.5520,-10.9010
16.5620,-10.9196
16.5720,-9.3484
16.5820,-8.7057
16.5920,-10.5862
16.6020,-9.9751
16.6120,-10.9357
16.6520,-11.1555
16.6620,-11.5418
16.6720,-9.1425
16.6820,-9.0701
16.6920,-8.1590
16.7020,-8.6493
16.7120,-9.5082
16.7220,-10.5436
16.7320,-11.9658
16.7420,-10.7498
16.7520,-11.3962
16.7620,-10.5529
16.7720,-10.9678
16.7820,-10.3039
16.7920,-8.9879
16.8020,-8.1123
16.8120,-8.6027
16.8220,-9.0122
16.8320,-9.2722
16.8420,-10.5118
16.8520,-13.7072
16.8620,-14.2733
16.8720,-14.1480
16.8920,-14.0844
16.9020,-15.0128
16.9120,-16.5149
16.9220,-17.7617
16.9320,-18.3374
16.9420,-20.6176
16.9520,-21.9463
16.9620,-21.0104
16.9720,-21.6672
16.9820,-21.2324
16.9920,-20.6240
17.0020,-21.4703
17.0120,-22.8646
17.0220,-23.4056
17.0320,-21.9887
17.0420,-21.9018
17.0520,-22.1201
17.0620,-23.2114
17.0720,-23.3974
17.1020,-23.9152
17.1120,-24.3723
17.1220,-24.1999
17.1320,-24.0330
17.1420,-23.1677
17.1520,-22.3185
17.1620,-20.5632
17.1720,-20.7283
17.1820,-21.7515
17.1920,-22.0610
17.2020,-22.5784
17.2220,-22.4087
17.2320,-23.6785
17.2420,-23.0479
17.2520,-22.3813
17.2620,-21.1393
17.2720,-19.9691
17.2820,-18.9966
17.2920,-18.7644
17.3020,-19.1980
17.3120,-20.6205
17.3220,-19.9451
17.3320,-18.9437
17.3420,-21.2971
17.3620,-22.0760
17.3720,-22.6093
17.3920,-23.0717
17.4120,-23.4433
17.4220,-23.1371
17.4320,-23.7368
17.4420,-25.4743
17.4520,-25.9880
17.4620,-25.8750
17.4720,-26.2094
17.4820,-27.2144
17.5020,-27.0392
17.5120,-26.8543
17.5220,-26.4882
17.5320,-26.3099
17.5420,-27.2751
17.5520,-26.4735
17.5720,-24.1567
17.5820,-24.2221
17.5920,-23.9087
17.6120,-23.4537
17.6220,-21.7751
17.6320,-21.3471
17.6420,-20.1818
17.6620,-19.3216
17.6920,-17.8051
17.7120,-17.9212
17.7320,-19.1964
17.7420,-19.1810
17.7520,-19.3371
17.7620,-19.1709
17.7720,-20.6335
17.7820,-20.6690
17.7920,-22.2427
17.8020,-23.0206
17.8220,-21.9949
17.8420,-22.8991
17.8520,-23.4098
17.8720,-23.8447
17.8820,-22.8692
17.9020,-23.7422
17.9820,-22.1984
17.9920,-23.1326
18.0020,-22.3785
18.0220,-21.2833
18.0320,-20.5607
18.0420,-18.5562
18.0620,-17.7359
18.0720,-17.4236
18.0920,-15.4095
18.1120,-16.2734
18.1220,-17.8559
18.1320,-17.6874
18.1420,-20.5088
18.1520,-18.5938
18.1720,-17.0783
18.1920,-15.7065
18.2020,-16.5808
18.2120,-15.4431
18.2220,-15.3926
18.2420,-15.1807
18.2520,-15.3582
18.2620,-15.6374
18.2720,-15.1328
18.2820,-15.0294
18.2920,-15.3678
18.3120,-15.4631
18.3220,-15.8052
18.3320,-16.0750
18.3420,-14.4788
18.3620,-14.3183
18.3820,-13.4000
18.3920,-13.4192
18.4020,-14.3358
18.4120,-13.4662
18.4220,-13.6932
18.4320,-13.8869
18.4420,-13.5721
18.4520,-14.0454
18.4620,-13.4382
18.4720,-16.2140
18.4820,-15.0015
18.4920,-14.6075
18.5020,-15.1795
18.5220,-15.4243
18.5420,-14.5037
18.5520,-13.2730
18.5620,-14.5608
18.5720,-13.9479
18.5820,-13.4004
18.6020,-14.1553
18.6120,-14.7236
18.6220,-13.0955
18.6320,-11.3300
18.6520,-11.4812
18.6720,-10.4674
18.6920,-13.1422
18.7120,-12.6081
18.7320,-12.0572
18.7520,-11.6939
18.7620,-11.5167
18.7720,-10.6415
18.7820,-11.3256
18.7920,-11.8522
18.8120,-13.4691
18.8220,-15.0783
18.8320,-13.9070
18.8420,-13.5723
18.8520,-12.1123
18.8620,-11.9060
18.8720,-13.0499
18.8820,-13.1757
18.9020,-13.4890
18.9220,-15.7735
18.9420,-17.0865
18.9520,-16.4528
18.9620,-17.0718
18.9720,-18.0530
18.9920,-20.1119
19.0020,-20.7551
19.0220,-20.8593
19.0420,-20.0708
19.0620,-20.0947
19.0820,-19.8454
19.1020,-20.2495
19.1220,-20.0703
19.1320,-19.9366
19.1520,-21.4385
19.1920,-19.8844
19.2120,-21.6301
19.2220,-21.8291
19.2320,-22.5717
19.2420,-24.0360
19.2520,-22.6170
19.2620,-22.0876
19.2720,-21.6693
19.2820,-22.9735
19.2920,-22.0824
19.3020,-22.9340
19.3120,-21.6031
19.3220,-22.9929
19.3320,-20.1070
19.3420,-22.1773
19.3620,-22.7112
19.3720,-22.6127
19.3920,-21.2362
19.4020,-21.2402
19.4220,-21.4700
19.4320,-21.9444
19.4420,-22.5905
19.4520,-21.8430
19.4620,-23.2823
19.4820,-24.5342
19.4920,-23.8573
19.5120,-23.9336
19.5320,-22.1143
19.5420,-23.2764
19.5620,-22.2452
19.5720,-21.4321
19.5920,-19.4209
19.6120,-17.9975
19.6320,-19.5720
19.6520,-19.1614
19.6720,-19.3596
19.6920,-17.4933
19.7020,-17.5613
19.7120,-17.7615
19.7320,-18.8900
19.7420,-20.1992
19.7520,-20.9572
19.7620,-22.5128
19.7720,-21.3327
19.7820,-21.1798
19.7920,-19.4282
19.8120,-18.3340
19.8220,-17.9169
19.8320,-16.8766
19.8420,-15.0452
19.8520,-15.9539
19.8620,-15.5955
19.8720,-17.2015
19.8920,-17.8946
19.9120,-17.3309
19.9220,-17.7034
19.9320,-18.0383
19.9420,-17.4978
19.9520,-16.5920
19.9720,-14.9966
19.9820,-14.0450
19.9920,-11.8194
20.0020,-14.5898
20.0120,-15.7968
20.0220,-14.4010
20.0320,-14.8174
20.0420,-13.2248
20.0520,-13.9384
20.0620,-15.5665
20.0820,-18.0703
20.0920,-17.0895
20.1120,-18.1366
20.1320,-18.9904
20.1420,-17.1834
20.1520,-17.9097
20.1620,-18.3547
20.1730,-17.3202
20.1830,-18.5525
20.1930,-17.6856
20.2030,-16.3876
20.2130,-16.0941
20.2230,-15.6139
20.2330,-16.1246
20.2530,-16.5666
20.2630,-16.7101
20.2930,-17.4572
20.3030,-18.8167
20.3130,-19.8537
20.3230,-20.2929
20.3330,-19.4672
20.3430,-17.4528
20.3530,-17.0069
20.3630,-16.5336
20.3730,-16.0125
20.3830,-16.2871
20.3930,-15.6799
20.4030,-15.4087
20.4130,-14.4827
20.4230,-15.0089
20.4430,-15.1539
20.4530,-13.9008
20.4630,-14.2483
20.4730,-13.2166
20.4830,-12.9389
20.4930,-11.3005
20.5030,-11.7157
20.5130,-11.5197
20.5230,-11.8587
20.5330,-11.8318
20.5430,-11.3483
20.5530,-10.2193
20.5630,-10.4032
20.5730,-10.0177
20.5830,-9.6560
20.5930,-10.0083
20.6030,-9.9389
20.6130,-7.8373
20.6230,-5.9540
20.6330,-4.7657
20.6430,-4.0034
20.6530,-5.5053
20.6630,-6.1220
20.6730,-7.5051
20.6830,-6.3194
20.6930,-6.8628
20.7030,-7.4477
20.7130,-6.5002
20.7230,-6.3376
20.7430,-5.8158
20.7530,-4.9438
20.7630,-6.4552
20.7730,-7.1948
20.7830,-6.1889
20.7930,-6.6919
20.8030,-8.2111
20.8130,-8.2356
20.8230,-10.1188
20.8330,-8.4076
20.8430,-9.6006
20.8530,-8.4846
20.8630,-7.3911
20.8730,-8.2655
20.8830,-6.3607
20.8930,-6.3056
20.9030,-6.9839
20.9130,-5.5785
20.9230,-6.7420
20.9330,-6.7394
20.9430,-6.4709
20.9530,-6.7370
20.9630,-7.6788
20.9730,-6.8459
20.9830,-7.3853
20.9930,-8.5797
21.0230,-5.9549
21.0330,-7.5778
21.0430,-8.3166
21.0530,-8.4615
21.0630,-9.1890
21.0730,-9.3306
21.0830,-9.6507
21.0930,-9.3490
21.1030,-8.3198
21.1130,-8.3952
21.1230,-8.1994
21.1330,-9.5098
21.1430,-8.7508
21.1530,-7.8198
21.1630,-8.0897
21.1730,-8.2899
21.1830,-9.3863
21.1930,-7.3699
21.2030,-6.5082
21.2130,-7.5462
21.2230,-8.9994
21.2330,-6.9365
21.2430,-6.0267
21.2530,-7.1359
21.2630,-7.0567
21.2730,-6.7391
21.2830,-5.2436
21.2930,-3.4534
21.3130,-2.6282
21.3230,-3.9550
21.3330,-3.1587
21.3430,-4.0401
21.3530,-3.5299
21.3630,-2.8648
21.3730,-3.6482
21.3830,-3.0527
21.3930,-3.7218
21.4030,-4.3058
21.4130,-5.0288
21.4230,-5.6853
21.4330,-7.0997
21.4430,-6.6322
21.4530,-7.6695
21.4630,-7.0397
21.4730,-7.9425
21.4830,-8.8907
21.4930,-9.0666
21.5030,-10.2101
21.5130,-9.7861
21.5230,-9.3918
21.5330,-9.1016
21.5430,-9.4196
21.5530,-10.5113
21.5630,-10.0982
21.5730,-11.0099
21.5830,-9.9379
21.5930,-11.3335
21.6030,-11.7208
21.6130,-11.0012
21.6230,-11.7240
21.6430,-13.0309
21.6530,-12.0024
21.6630,-10.8718
21.6730,-10.4355
21.6830,-10.2522
21.6930,-9.0225
21.7030,-7.9155
21.7130,-7.0457
21.7230,-7.4773
21.7330,-8.7143
21.7430,-8.0698
21.7530,-6.6956
21.7630,-8.8437
21.7730,-11.0695
21.7830,-10.3818
21.7930,-10.3940
21.8030,-8.9759
21.8130,-9.0472
21.8230,-7.7958
21.8330,-7.0170
21.8430,-8.0968
21.8530,-9.3509
21.8630,-9.0921
21.8730,-11.5621
21.8830,-12.9507
21.9130,-13.3081
21.9230,-12.1360
21.9330,-11.9381
21.9430,-11.5328
21.9530,-12.3276
21.9630,-11.8955
21.9930,-12.9330
22.0030,-13.7090
22.0130,-13.3547
22.0230,-13.6776
22.0330,-13.8359
22.0430,-13.1597
22.0530,-15.0753
22.0630,-13.9532
22.0730,-13.8853
22.0830,-14.2664
22.0930,-13.2105
22.1030,-14.0372
22.1130,-12.3142
22.1230,-11.7834
22.1330,-11.3410
22.1430,-12.6148
22.1530,-12.5977
22.1630,-12.4142
22.1730,-11.7306
22.1830,-10.7483
22.1930,-11.9725
22.2030,-13.0013
22.2130,-13.5695
22.2230,-13.2307
22.2330,-11.7037
22.2430,-12.1960
22.2530,-11.9503
22.2630,-10.6737
22.2730,-11.0877
22.2830,-12.7180
22.2930,-12.4753
22.3030,-12.4067
22.3130,-11.3982
22.3230,-10.9336
22.3330,-12.0402
22.3430,-10.8190
22.3530,-9.7270
22.3630,-8.5891
22.3730,-7.8102
22.3830,-7.2734
22.3930,-6.9756
22.4030,-8.1131
22.4130,-8.4630
22.4230,-9.1633
22.4330,-9.0535
22.4430,-7.5564
22.4530,-8.0380
22.4630,-9.5596
22.4730,-9.0486
22.4830,-8.9407
22.4930,-9.6427
22.5030,-9.7080
22.5130,-10.5678
22.5230,-11.8156
22.5330,-12.1346
22.5430,-11.6693
22.5530,-11.5043
22.5630,-11.3721
22.5730,-10.8334
22.5830,-11.1790
22.5930,-11.2684
22.6030,-9.4400
22.6130,-8.8021
22.6230,-8.8939
22.6330,-7.8449
22.6430,-7.6086
22.6530,-7.6829
22.6630,-9.0386
22.6730,-8.1416
22.6830,-8.0241
22.6930,-8.1097
22.7030,-6.6843
22.7130,-8.6604
22.7230,-8.3684
22.7330,-8.7401
22.7430,-8.1530
22.7530,-10.2801
22.7630,-10.6490
22.7730,-10.3455
22.7830,-9.3332
22.7930,-8.8809
22.8030,-9.2853
22.8130,-6.0789
22.8230,-7.8112
22.8330,-6.9737
22.8430,-6.9621
22.8530,-6.7696
22.8630,-5.9735
22.8730,-5.9309
22.8830,-5.9073
22.8930,-5.5425
22.9030,-6.2103
22.9130,-5.6484
22.9230,-5.2793
22.9330,-5.2281
22.9430,-4.9319
22.9530,-5.8510
22.9630,-6.5771
22.9730,-6.5246
22.9830,-5.7677
22.9930,-5.6344
23.0030,-6.6371
23.0130,-5.5726
23.0230,-5.3078
23.0330,-4.8364
23.0430,-4.5342
23.0530,-5.9359
23.0630,-5.0667
23.0730,-4.6728
23.0830,-5.9186
23.0930,-6.9930
23.1030,-8.6024
23.1130,-8.4449
23.1230,-7.9185
23.1330,-6.6257
23.1430,-6.7504
23.1530,-6.7597
23.1630,-6.0120
23.1740,-6.4819
23.1840,-7.6139
23.1950,-7.6658
23.2050,-8.9996
23.2150,-9.7703
23.2250,-9.4691
23.2350,-9.1696
23.2450,-9.6825
23.2550,-8.4990
23.2650,-8.0577
23.2750,-9.0297
23.2850,-7.2128
23.2950,-7.0655
23.3050,-8.6445
23.3150,-7.2658
23.3250,-6.7752
23.3350,-7.6998
23.3450,-8.1703
23.3550,-7.4388
23.3650,-7.9616
23.3750,-8.6847
23.3850,-10.8816
23.3950,-8.9008
23.4050,-7.3650
23.4150,-6.7077
23.4250,-9.1126
23.4350,-9.3443
23.4450,-9.3065
23.4550,-7.7077
23.4650,-8.7972
23.4750,-9.1664
23.4850,-10.1181
23.4950,-10.7853
23.5050,-9.5619
23.5150,-11.0069
23.5250,-9.0943
23.5350,-10.4154
23.5650,-9.9245
23.5850,-10.1794
23.5950,-9.0573
23.6050,-9.3158
23.6150,-7.6345
23.6250,-8.6025
23.6350,-8.5743
23.6450,-9.2729
23.6550,-9.0029
23.6650,-8.4647
23.6750,-8.5455
23.6850,-7.4043
23.7050,-6.6082
23.7150,-4.4501
23.7250,-2.3891
23.7350,-3.5970
23.7950,-4.7186
23.8050,-3.8917
23.8150,-3.3058
23.8250,-2.3784
23.8350,-3.2209
23.8450,-2.0562
23.8550,-2.2057
23.8650,-3.7330
23.8750,-2.4593
23.8950,-2.0840
23.9150,-2.2594
23.9250,-2.4175
23.9350,-1.4486
23.9450,-2.2519
23.9550,-1.8740
23.9650,-2.5181
23.9750,-3.8971
23.9950,-1.4968
24.0050,-2.3271
24.0150,-1.6611
24.0250,-2.2510
24.0350,-0.9720
24.0450,0.2531
24.0550,0.1255
24.0650,1.1920
24.0750,1.6441
24.0850,0.5212
24.0950,1.8012
24.1050,1.6326
24.1150,2.6445
24.1250,1.3255
24.1350,1.4703
24.1450,2.8908
24.1550,2.9528
24.1650,3.0514
24.1750,2.7927
24.1850,3.0157
24.1950,2.3750
24.2050,0.8664
24.2150,1.4738
24.2250,0.4917
24.2350,0.6057
24.2450,0.8925
24.2550,1.6021
24.2650,3.1654
24.2750,3.0267
24.2850,3.2634
24.2950,3.6516
24.3050,3.7610
24.3150,4.4090
24.3250,4.0589
24.3350,1.9073
24.3450,1.2258
24.3550,0.5147
24.3650,-1.1797
24.3750,-0.9173
24.3850,-0.6536
24.3950,-1.0867
24.4050,0.3018
24.4150,0.8289
24.4250,-0.7413
24.4350,0.5864
24.4450,-0.1516
24.4550,-1.6466
24.4750,-2.2588
24.4850,-1.6284
24.4950,-1.1770
24.5050,-1.6988
24.5150,-1.0755
24.5250,-0.7327
24.5350,-1.5488
24.5450,-1.3018
24.5550,-2.9823
24.5650,-3.2958
24.5750,-2.5789
24.5850,-2.2705
24.5950,-1.4310
24.6050,-2.1514
24.6150,-2.5757
24.6250,-2.2712
24.6350,-2.1578
24.6450,-2.7701
24.6550,-1.7834
24.6650,-3.0350
24.6750,-2.5444
24.6850,-2.2934
24.6950,-4.1448
24.7050,-3.8482
24.7150,-2.1736
24.7250,-2.4496
24.7350,-2.8739
24.7450,-2.9613
24.7550,-2.6470
24.7650,-2.3467
24.7750,-2.1801
24.7850,-2.0678
24.8050,-1.4469
24.8150,-2.0716
24.8250,-1.8865
24.8350,-0.3227
24.8450,-1.2308
24.8550,-2.0058
24.8650,-1.4745
24.8750,-2.2883
24.8850,-0.8046
24.8950,-1.7671
24.9050,-2.3736
24.9150,-1.8109
24.9250,-2.8140
24.9350,-3.6251
24.9450,-3.1803
24.9550,-3.5113
24.9650,-1.9218
24.9750,-3.5565
24.9850,-2.2838
24.9950,-3.8615
25.0050,-3.4752
25.0150,-4.2473
25.0250,-4.7581
25.0350,-5.6281
25.0450,-4.7338
25.0550,-4.5367
25.0650,-5.5731
25.0750,-5.8766
25.0850,-5.5057
25.0950,-5.5112
25.1050,-6.6611
25.1150,-7.1999
25.1250,-7.6406
25.1350,-8.4813
25.1450,-6.6422
25.1550,-5.3321
25.1650,-5.3383
25.1750,-4.1983
25.1850,-4.9693
25.1950,-5.8339
25.2050,-4.7138
25.2160,-6.1519
25.2260,-4.3688
25.2360,-6.6015
25.2460,-6.0346
25.2560,-5.6360
25.2660,-5.7371
25.2760,-5.7016
25.2860,-4.4916
25.2960,-5.0919
25.3060,-5.4582
25.3160,-6.4070
25.3260,-6.2195
25.3360,-5.3707
25.3460,-6.0503
25.3560,-5.0113
25.3660,-3.4926
25.3760,-4.7306
25.3860,-4.3630
25.3960,-6.1617
25.4060,-5.5456
25.4160,-4.6512
25.4260,-6.5437
25.4360,-7.2003
25.4460,-7.1646
25.4560,-6.2072
25.4660,-6.2737
25.4760,-4.8710
25.4860,-5.5101
25.4960,-4.3241
25.5060,-3.7451
25.5160,-4.0030
25.5260,-4.2580
25.5360,-4.4869
25.5460,-5.4644
25.5560,-6.9359
25.5660,-7.4860
25.5760,-6.9672
25.5860,-7.0542
25.5960,-6.9335
25.6060,-8.4701
25.6160,-6.9326
25.6260,-7.7470
25.6360,-5.8121
25.6460,-6.1744
25.6560,-5.5413
25.6660,-7.0166
25.6760,-5.7079
25.6960,-5.0978
25.7060,-5.0558
25.7160,-5.8056
25.7260,-6.0901
25.7360,-6.8579
25.7460,-6.6258
25.7560,-7.8517
25.7660,-8.8026
25.7760,-7.9724
25.7860,-8.1601
25.7960,-9.5148
25.8060,-9.1039
25.8160,-8.5407
25.8260,-9.1700
25.8360,-8.7549
25.8460,-9.0429
25.8560,-9.3758
25.8660,-8.9312
25.8760,-9.5233
25.8860,-10.0819
25.9160,-9.2476
25.9260,-8.8234
25.9360,-8.2368
25.9460,-7.1837
25.9560,-5.2938
25.9660,-7.6420
25.9760,-6.4495
25.9860,-8.1100
25.9960,-8.2025
26.0060,-7.3359
26.0160,-8.2085
26.0260,-6.9022
26.0360,-7.5601
26.0460,-7.3136
26.0560,-6.3816
26.0660,-5.3437
26.0760,-5.8074
26.0860,-6.2938
26.0960,-5.9957
26.1060,-6.2020
26.1160,-6.3501
26.1260,-4.8440
26.1360,-4.7404
26.1460,-5.9895
26.1560,-5.7102
26.1660,-3.9509
26.1760,-5.0569
26.1860,-3.9268
26.1960,-3.9090
26.2060,-2.6955
26.2160,-0.9935
26.2260,0.7955
26.2360,1.0388
26.2460,2.4456
26.2560,4.0479
26.2660,5.1116
26.2760,4.9684
26.2860,4.9776
26.2960,4.1821
26.3060,2.1714
26.3160,0.6342
26.3260,0.5237
26.3360,1.6643
26.3460,1.9912
26.3560,2.2948
26.3660,3.7501
26.3760,4.7621
26.3860,4.8724
26.3960,5.0951
26.4060,5.3465
26.4160,4.1069
26.4260,5.0624
26.4360,5.1678
26.4460,5.2808
26.4560,5.4331
26.4660,7.6776
26.4760,6.8220
26.4860,6.1443
26.4960,7.2242
26.5060,8.0608
26.5160,8.2295
26.5260,10.0221
26.5360,8.9982
26.5460,9.8186
26.5560,8.2850
26.5660,8.6843
26.5760,8.8144
26.5860,10.4289
26.5960,11.0623
26.6060,11.4159
26.6160,12.6250
26.6260,12.4926
26.6360,12.4087
26.6460,12.1029
26.6560,12.7801
26.6660,13.2610
26.6760,13.7165
26.6860,13.8304
26.6960,14.2035
26.7060,14.1160
26.7160,14.2787
26.7260,15.5138
26.7360,15.7656
26.7460,15.8367
26.7560,15.0602
26.7660,13.8931
26.7760,13.5848
26.7860,14.6088
26.7960,15.3945
26.8060,15.6643
26.8260,15.7317
26.8360,14.2618
26.8460,15.7863
26.8560,13.9740
26.8660,16.2516
26.8760,15.7253
26.8860,15.6259
26.8960,15.5019
26.9060,12.3556
26.9160,12.5632
26.9260,12.1847
26.9360,13.6230
26.9460,13.4076
26.9560,14.0109
26.9660,12.4744
26.9760,13.3295
26.9860,14.0543
26.9960,13.4050
27.0060,13.7055
27.0160,12.6689
27.0260,12.0117
27.0360,12.2293
27.0460,11.4054
27.0560,12.4527
27.0660,13.1509
27.0760,11.4802
27.0860,11.1139
27.0960,10.4534
27.1060,10.9651
27.1160,10.3587
27.1260,13.3635
27.1360,11.5714
27.1460,10.6043
27.1560,10.5023
27.1660,11.2990
27.1760,11.4086
27.1860,12.6971
27.1960,12.2958
27.2060,13.0672
27.2160,12.5061
27.2360,11.6316
27.2460,11.5021
27.2560,11.8485
27.2660,12.2815
27.2760,13.2449
27.2860,13.6933
27.2960,14.7166
27.3060,14.4663
27.3160,14.5357
27.3260,13.8695
27.3360,13.7892
27.3460,14.6450
27.3560,14.2942
27.3660,14.4487
27.3760,13.5261
27.3860,12.5277
27.3960,14.5885
27.4060,13.7120
27.4160,14.3013
27.4260,13.1051
27.4360,12.5665
27.4460,12.5890
27.4560,11.8979
27.4660,11.2685
27.4760,12.9330
27.4860,13.1925
27.4960,13.0737
27.5060,13.4586
27.5160,11.7040
27.5260,9.5413
27.5460,8.5389
27.5560,8.7613
27.5660,11.7470
27.5760,9.8407
27.5860,10.3189
27.5960,10.5935
27.6060,11.1984
27.6160,12.7181
27.6260,12.8940
27.6360,13.7763
27.6460,14.0849
27.6560,15.0752
27.6660,15.8254
27.6760,14.9048
27.6860,12.5212
27.6960,11.7886
27.7060,10.2433
27.7160,10.2080
27.7260,10.2044
27.7360,12.4102
27.7460,12.9956
27.7560,13.0493
27.7660,15.9231
27.7760,14.9502
27.7860,13.8047
27.7960,12.9062
27.8060,11.2572
27.8160,13.1242
27.8260,11.4707
27.8360,11.5437
27.8460,10.5815
27.8560,10.9970
27.8660,12.1077
27.8760,10.6779
27.8860,9.6932
27.8960,8.4322
27.9160,8.1599
27.9260,7.2853
27.9360,7.3628
27.9460,5.4336
27.9660,4.8445
27.9760,6.1312
27.9860,6.1116
27.9960,6.1495
28.0060,7.0439
28.0160,7.8829
28.0260,9.7775
28.0360,10.1511
28.0460,10.5301
28.0560,11.1766
28.0660,11.4359
28.0760,10.7939
28.0860,10.1406
28.0960,10.4172
28.1060,10.4100
28.1160,9.6600
28.1260,9.9106
28.1460,10.9614
28.1560,11.4139
28.1660,10.7122
28.1760,11.0786
28.1860,11.8421
28.1960,10.9371
28.2060,10.1256
28.2170,9.3659
28.2270,10.9013
28.2370,11.7091
28.2470,11.1551
28.2570,10.8262
28.2670,11.8195
28.2770,10.3311
28.2870,9.6628
28.2970,9.6251
28.3070,9.8080
28.3170,9.5696
28.3270,8.8920
28.3370,8.0461
28.3470,7.5319
28.3570,6.5158
28.3670,6.8513
28.3770,7.9252
28.3870,7.5070
28.3970,7.0436
28.4070,7.1589
28.4170,10.0528
28.4270,7.6920
28.4370,7.0962
28.4470,6.9777
28.4570,5.4156
28.4670,6.3888
28.4770,6.0669
28.4870,4.7292
28.4970,4.7220
28.5070,4.2722
28.5170,4.8394
28.5270,3.7289
28.5370,3.8086
28.5470,3.5946
28.5570,5.5547
28.5670,4.1456
28.5770,4.3235
28.5870,5.1150
28.5970,5.8523
28.6070,5.3594
28.6170,5.9842
28.6270,6.1773
28.6370,6.2550
28.6470,7.6019
28.6570,8.2736
28.6670,9.2340
28.6770,10.7329
28.6870,9.8889
28.6970,10.3351
28.7070,10.0091
28.7170,9.3897
28.7270,10.5570
28.7370,9.1471
28.7470,9.4689
28.7570,7.7026
28.7770,5.4076
28.7970,6.0223
28.8070,6.9168
28.8170,6.0555
28.8270,7.8780
28.8370,7.0960
28.8470,5.7290
28.8570,5.4756
28.8670,6.0651
28.8770,5.2900
28.8870,8.5250
28.8970,8.8983
28.9070,9.2436
28.9170,8.1644
28.9270,8.2068
28.9370,7.9942
28.9470,7.9031
28.9570,5.5053
28.9670,5.3458
28.9770,5.5695
28.9870,6.1838
28.9970,5.6755
29.0070,8.4492
29.0170,8.7179
29.0270,8.1408
29.0370,5.5289
29.0470,3.1500
29.0670,3.2814
29.0770,3.3147
29.0870,2.7486
29.0970,1.5482
29.1070,2.1969
29.1170,2.4731
29.1270,3.1036
29.1370,3.0662
29.1470,2.1308
29.1570,2.2281
29.1670,3.2702
29.1770,1.1470
29.1870,1.6876
29.1970,2.3239
29.2070,2.8773
29.2170,2.2751
29.2270,2.9136
29.2370,4.0209
29.2470,2.9004
29.2570,3.2630
29.2670,1.0937
29.2770,1.6342
29.2870,1.4013
29.2970,-0.0604
29.3070,1.1408
29.3170,1.1285
29.3270,0.5263
29.3370,2.3086
29.3470,3.5518
29.3570,5.0720
29.3670,6.8467
29.3770,6.1481
29.3870,6.2501
29.3970,5.9337
29.4070,6.5621
29.4370,6.5102
29.4470,5.6886
29.4570,5.2500
29.4670,5.2105
29.4770,4.3772
29.4870,4.7445
29.4970,4.4965
29.5070,4.6169
29.5170,4.1522
29.5270,4.0035
29.5370,3.3153
29.5470,3.2634
29.5570,2.9155
29.5670,2.4904
29.5770,2.4732
29.5870,2.0454
29.5970,3.7490
29.6070,4.8046
29.6170,4.5384
29.6270,5.1543
29.6370,5.2971
29.6470,4.2352
29.6570,1.7396
29.6670,0.3418
29.6770,-0.8913
29.6970,-0.8212
29.7070,0.3156
29.7170,-0.7100
29.7270,-0.3588
29.7370,-1.2822
29.7470,-1.8312
29.7570,-0.8160
29.7670,-2.5804
29.7770,-2.5181
29.7870,-1.6828
29.7970,-0.8677
29.8070,-2.2693
29.8170,-1.9255
29.8270,-3.1209
29.8370,-1.5015
29.8470,-1.4765
29.8570,-1.5130
29.8670,-1.4819
29.8770,-2.5290
29.8870,-2.3189
29.9470,-2.0130
30.1670,-2.2158
30.2670,-0.8032
30.2870,-0.7849
30.2970,0.9917
30.3070,0.5236
30.3170,-0.0448
30.3270,2.2260
30.3370,2.1464
30.3470,1.0833
30.3570,0.2932
30.3670,0.6610
30.3770,0.5137
30.3870,1.1060
30.3970,0.5872
30.4070,0.6640
30.4170,0.6752
30.4270,1.6489
30.4370,-0.8863
30.4470,-0.6971
30.4570,-1.1911
30.4670,-2.6828
30.4770,-2.0046
30.4870,-1.1842
30.4970,-2.3680
30.5070,-3.9657
30.5170,-3.0028
30.5270,-3.7420
30.5370,-2.5236
30.5470,-1.1031
30.5570,-0.4681
30.5670,-1.5030
30.5770,-0.8830
30.5870,0.4403
30.5970,-0.7627
30.6070,-1.6537
30.6170,0.1331
30.6270,-0.3151
30.6370,0.1670
30.6470,-2.3364
30.6570,-1.8984
30.6670,-3.6706
30.6770,-3.4619
30.6870,-1.6016
30.6970,-2.5373
30.7070,-3.9013
30.7170,-4.0042
30.7270,-5.1417
30.7470,-6.4835
30.7570,-6.8912
30.7670,-8.2030
30.7770,-6.9179
30.7870,-6.1398
30.7970,-6.5538
30.8070,-6.7591
30.8170,-9.7119
30.8270,-7.7463
30.8370,-7.5207
30.8470,-6.4365
30.8570,-7.4597
30.8670,-5.3786
30.8870,-6.0154
30.8970,-7.1515
30.9070,-7.1114
30.9170,-6.9012
30.9270,-5.2074
30.9370,-3.7923
30.9470,-4.3635
30.9570,-3.6277
30.9670,-1.5928
30.9770,-0.0936
30.9870,-0.3054
30.9970,-1.1129
31.0070,-1.9298
31.0170,-2.3966
31.0270,-4.3612
31.0370,-4.0753
31.0470,-4.8354
31.0570,-5.6172
31.0670,-6.8447
31.0770,-5.0682
31.0870,-7.4561
31.0970,-8.9083
31.1070,-9.1154
31.1170,-9.9299
31.1270,-8.4820
31.1370,-7.9131
31.1470,-8.2030
31.1570,-10.1251
31.1670,-9.2252
31.1770,-9.4517
31.1970,-9.1769
31.2070,-9.7163
31.2170,-10.2176
31.2270,-10.5209
31.2370,-9.7979
31.2480,-9.6565
31.2580,-10.9243
31.2680,-11.1395
31.2780,-11.9844
31.2880,-11.8539
31.2980,-10.6074
31.3080,-8.4107
31.3180,-7.6394
31.3280,-9.8129
31.3380,-9.4221
31.3480,-10.1681
31.3580,-9.3628
31.3680,-8.0723
31.3780,-8.3371
31.3880,-10.7314
31.3980,-10.6147
31.4080,-10.9896
31.4180,-10.5660
31.4280,-8.3337
31.4380,-7.0243
31.4480,-6.6895
31.4580,-7.7648
31.4680,-8.6362
31.4780,-7.5917
31.4880,-5.8469
31.4980,-4.9687
31.5080,-5.1275
31.5180,-5.3760
31.5480,-5.4368
31.5580,-7.1384
31.5680,-5.3197
31.5880,-4.3047
31.5980,-4.3492
31.6080,-4.9019
31.6180,-6.0792
31.6280,-4.8995
31.6380,-2.5201
31.6480,-4.7031
31.6580,-3.8332
31.6680,-3.5763
31.6780,-3.0507
31.6880,-3.5320
31.6980,-4.2217
31.7080,-4.2694
31.7180,-4.1877
31.7280,-2.3417
31.7380,-1.3277
31.7480,-1.1266
31.7580,-2.7182
31.7680,-1.1267
31.7780,-4.0724
31.7880,-2.1051
31.7980,-2.1274
31.8080,-1.0831
31.8180,-1.2343
31.8280,-2.0466
31.8380,-1.4126
31.8480,-0.8289
31.8580,-1.0236
31.8680,-2.0242
31.8780,-2.5834
31.8880,-4.2459
31.9080,-5.0276
31.9180,-5.5517
31.9280,-6.7805
31.9380,-7.6275
31.9480,-10.4555
31.9580,-10.2116
31.9680,-11.5180
31.9780,-13.0708
31.9880,-10.9162
31.9980,-9.5153
32.0080,-11.4138
32.0180,-12.5480
32.0280,-12.8828
32.0380,-11.8141
32.0480,-9.9834
32.0580,-11.4041
32.0680,-11.7715
32.0780,-13.8590
32.0980,-14.5108
32.1080,-13.4409
32.1180,-14.1974
32.1280,-14.1282
32.1380,-13.5736
32.1480,-12.5542
32.1580,-11.9477
32.1780,-11.9229
32.1880,-11.8455
32.1980,-13.4712
32.2080,-13.5834
32.2180,-13.1694
32.2280,-12.0834
32.2380,-14.9842
32.2480,-14.9681
32.2580,-14.6315
32.2680,-14.5361
32.2780,-14.0303
32.2880,-13.4576
32.2980,-13.2791
32.3080,-12.0603
32.3180,-12.7633
32.3280,-12.2340
32.3380,-13.7523
32.3480,-15.0494
32.3580,-16.1594
32.3680,-16.7603
32.3780,-19.6868
32.3880,-19.6406
32.3980,-17.9167
32.4080,-17.9535
32.4180,-18.0232
32.4280,-17.7527
32.4380,-16.9234
32.4480,-15.9510
32.4580,-16.0027
32.4680,-15.0059
32.4780,-15.5281
32.4880,-14.0587
32.4980,-14.3166
32.5080,-13.0442
32.5180,-14.1598
32.5280,-14.8711
32.5480,-13.8384
32.5680,-12.7963
32.5880,-13.1769
32.5980,-12.0837
32.6080,-10.5310
32.6180,-10.7292
32.6280,-11.1994
32.6380,-11.7317
32.6480,-11.2211
32.6580,-9.0475
32.6680,-8.5978
32.6780,-8.9091
32.6880,-8.8524
32.6980,-8.6981
32.7080,-8.2168
32.7180,-9.5290
32.7380,-10.0471
32.7480,-6.8386
32.7580,-7.0358
32.7680,-5.1737
32.7780,-5.7287
32.7880,-5.1560
32.7980,-5.9751
32.8080,-5.3369
32.8180,-5.4170
32.8280,-6.1531
32.8380,-6.8591
32.8480,-6.8400
32.8580,-7.0136
32.8680,-8.8060
32.8780,-9.2465
32.8880,-8.1872
32.8980,-7.5446
32.9080,-7.7638
32.9180,-8.2598
32.9280,-10.8058
32.9380,-11.2705
32.9480,-10.9829
32.9580,-10.1132
32.9680,-9.7268
32.9780,-8.6998
32.9880,-10.9171
32.9980,-11.9991
33.0080,-14.1812
33.0180,-13.8487
33.0280,-13.7374
33.0380,-14.4169
33.0480,-14.5271
33.0580,-15.1050
33.0680,-14.7783
33.0780,-15.8775
33.0880,-15.8428
33.0980,-15.3462
33.1080,-16.2911
33.1180,-17.3800
33.1280,-18.5664
33.1380,-17.6195
33.1480,-16.7899
33.1680,-17.2010
33.1780,-17.1412
33.1880,-16.2451
33.1980,-15.2206
33.2180,-14.4689
33.2380,-13.8942
33.2480,-12.9468
33.2680,-12.6613
33.2780,-12.0973
33.2880,-13.7520
33.2980,-14.2267
33.3080,-14.5799
33.3180,-15.5367
33.3280,-15.8777
33.3380,-15.7865
33.3480,-16.0685
33.3580,-17.2118
33.3680,-17.0800
33.3780,-17.3048
33.3880,-16.1022
33.3980,-16.7688
33.4080,-16.9834
33.4180,-16.4947
33.4280,-16.6880
33.4380,-17.9827
33.4480,-19.1650
33.4580,-20.5580
33.4680,-21.0797
33.4780,-21.8294
33.4880,-21.5248
33.4980,-20.8792
33.5080,-19.2071
33.5180,-18.2829
33.5280,-17.0512
33.5380,-16.4553
33.5480,-15.7217
33.5580,-15.5314
33.5680,-15.5290
33.5780,-16.4757
33.5880,-16.4234
33.5980,-18.2895
33.6080,-16.6190
33.6180,-16.7426
33.6280,-14.8673
33.6380,-13.4840
33.6480,-12.5981
33.6580,-12.5496
33.6680,-11.7868
33.6780,-12.6488
33.6880,-13.4960
33.6980,-13.6470
33.7080,-13.8210
33.7180,-13.5002
33.7280,-12.8392
33.7380,-11.8206
33.7480,-11.3416
33.7580,-10.3116
33.7680,-9.6919
33.7780,-10.3094
33.7880,-10.6652
33.7980,-12.0606
33.8080,-11.7913
33.8180,-10.4958
33.8280,-11.3360
33.8380,-10.4540
33.8480,-8.9541
33.8580,-8.8086
33.8680,-7.4314
33.8780,-7.4910
33.8880,-8.3560
33.9180,-6.8986
33.9380,-6.7280
33.9480,-5.3973
33.9580,-6.1171
33.9680,-5.8511
33.9780,-4.9055
33.9880,-3.6831
33.9980,-3.3531
34.0080,-3.7028
34.0180,-4.2593
34.0280,-3.9442
34.0380,-4.9729
34.0480,-6.6713
34.0580,-7.0538
34.0680,-7.4967
34.0780,-6.7769
34.0880,-6.7757
34.0981,-6.9805
34.1081,-7.8473
34.1281,-7.9741
34.1481,-7.0640
34.1581,-6.0312
34.1681,-5.9544
34.1781,-5.5026
34.1881,-5.4330
34.1981,-6.1637
34.2081,-7.0958
34.2181,-6.4975
34.2280,-4.8385
34.2380,-6.0183
34.2480,-5.6706
34.2680,-3.5756
34.2780,-2.3219
34.2880,-1.5275
34.2980,-2.8540
34.3080,-4.9973
34.3180,-4.6659
34.3280,-5.7182
34.3380,-8.1006
34.3481,-9.1801
34.3581,-8.3775
34.3681,-9.5460
34.3781,-11.0937
34.3881,-9.5893
34.3981,-9.2551
34.4081,-9.6178
34.4181,-9.9225
34.4281,-10.6085
34.4381,-11.0948
34.4481,-11.6267
34.4581,-11.3753
34.4681,-12.0174
34.4780,-11.6144
34.4880,-12.0913
34.4980,-12.5714
34.5080,-14.4327
34.5180,-15.5825
34.5280,-15.2486
34.5380,-15.7493
34.5480,-16.7968
34.5580,-17.2447
34.5680,-17.9594
34.5780,-18.0953
34.5880,-16.7995
34.5981,-17.0689
34.6081,-17.4201
34.6181,-17.3949
34.6281,-17.9829
34.6381,-17.9083
34.6481,-18.8460
34.6581,-18.7918
34.6681,-21.0239
34.6781,-19.1419
34.6981,-19.2001
34.7081,-18.2299
34.7181,-17.2212
34.7280,-18.4603
34.7380,-16.8363
34.7480,-16.2524
34.7580,-16.3059
34.7681,-16.8628
34.7781,-15.0524
34.7881,-15.7201
34.7981,-16.6616
34.8081,-15.4472
34.8181,-15.4615
34.8281,-16.4889
34.8381,-17.1745
34.8481,-18.3169
34.8581,-19.4261
34.8681,-19.0620
34.8781,-18.9235
34.8881,-19.6716
34.8981,-20.4030
34.9081,-21.7359
34.9181,-24.1251
34.9281,-25.3672
34.9381,-25.5098
34.9481,-26.7653
34.9581,-26.6056
34.9681,-25.3016
34.9781,-22.6796
34.9881,-22.9049
34.9981,-23.8631
35.0081,-23.9508
35.0181,-24.3241
35.0281,-26.3855
35.0381,-26.3150
35.0481,-25.3573
35.0581,-26.1476
35.0681,-25.5816
35.0781,-25.9559
35.0881,-24.7351
35.0981,-24.9545
35.1081,-24.8912
35.1181,-24.6272
35.1581,-25.4437
35.1681,-25.2345
35.1781,-25.5128
35.1981,-25.1630
35.2081,-26.5953
35.2181,-26.2051
35.2281,-26.7645
35.2381,-26.7861
35.2481,-26.0736
35.2591,-24.4129
35.2721,-23.5393
35.2821,-24.6035
35.2921,-24.3743
35.3021,-24.5474
35.3121,-23.2642
35.3221,-22.5536
35.3421,-23.2813
35.3521,-22.1545
35.3621,-21.9952
35.3721,-23.2687
35.3821,-24.0021
35.3921,-24.1330
35.4021,-24.7825
35.4121,-24.9948
35.4221,-24.3231
35.4321,-24.3402
35.4421,-24.3948
35.4521,-23.8313
35.4621,-23.5694
35.4721,-23.2009
35.4821,-22.7882
35.4921,-22.7886
35.5021,-22.7353
35.5121,-22.9032
35.5221,-22.0907
35.5321,-21.5198
35.5421,-21.4469
35.5521,-21.6100
35.5621,-21.8664
35.5721,-22.5290
35.5821,-22.5745
35.6021,-22.1257
35.6121,-21.7322
35.6221,-21.4991
35.6321,-21.2656
35.6421,-20.7765
35.6521,-19.3335
35.6621,-16.5131
35.6721,-15.2458
35.6821,-15.4650
35.6921,-15.5632
35.7021,-14.5028
35.7121,-16.1307
35.7221,-17.6996
35.7321,-16.9455
35.7421,-16.9295
35.7521,-19.3324
35.7621,-20.0311
35.7721,-20.2458
35.7821,-21.0955
35.7921,-21.6426
35.8021,-22.5112
35.8121,-23.0543
35.8221,-21.1124
35.8321,-20.5264
35.8421,-18.0612
35.8521,-18.7507
35.8621,-20.4449
35.8721,-21.2155
35.8821,-21.2930
35.8921,-21.9097
35.9021,-22.7968
35.9121,-21.1505
35.9221,-20.8274
35.9321,-20.3575
35.9421,-20.6928
35.9521,-20.1435
35.9621,-20.2492
35.9721,-19.7366
35.9821,-19.5783
35.9921,-20.1545
36.0021,-20.0426
36.0121,-19.2554
36.0221,-19.6963
36.0321,-19.1332
36.0421,-19.8449
36.0521,-19.5674
36.0621,-19.5814
36.0721,-19.2477
36.0821,-18.1077
36.0921,-19.3931
36.1021,-20.9954
36.1121,-20.6982
36.1221,-19.7674
36.1321,-19.5550
36.1521,-17.6200
36.1621,-17.4648
36.1721,-17.4954
36.1821,-18.6553
36.1921,-18.3716
36.2021,-19.9714
36.2421,-21.4813
36.2621,-21.3447
36.2721,-20.0753
36.2821,-21.8187
36.2921,-20.3043
36.3021,-18.6606
36.3121,-19.7976
36.3321,-20.1937
36.3521,-19.5764
36.3621,-18.9757
36.3721,-21.6986
36.3821,-20.2876
36.3921,-20.2508
36.4021,-19.9426
36.4121,-18.4217
36.4221,-18.4708
36.4321,-19.1389
36.4421,-21.1775
36.4521,-21.7968
36.4621,-21.9503
36.4721,-20.3109
36.4821,-19.0804
36.4921,-20.1488
36.5021,-22.1727
36.5121,-20.7582
36.5221,-20.1095
36.5321,-21.1290
36.5421,-21.2255
36.5521,-20.7157
36.5621,-20.8997
36.5721,-22.3905
36.5821,-24.0085
36.5921,-23.9062
36.6021,-23.9930
36.6121,-23.1627
36.6221,-22.8288
36.6321,-21.9741
36.6421,-22.3442
36.6521,-22.9939
36.6621,-22.7991
36.6721,-23.4152
36.6821,-22.8500
36.6921,-23.7399
36.7021,-25.8262
36.7121,-25.1616
36.7221,-25.9741
36.7321,-26.3741
36.7421,-26.9779
36.7521,-27.1882
36.7621,-27.8319
36.7721,-28.3208
36.7821,-29.2270
36.7921,-30.0155
36.8021,-29.1527
36.8121,-29.1277
36.8221,-28.4069
36.8321,-29.5243
36.8421,-31.2587
36.8521,-32.1175
36.8621,-30.4578
36.8721,-30.5970
36.8821,-31.2977
36.8921,-30.9094
36.9021,-31.3838
36.9121,-31.6816
36.9221,-33.9379
36.9321,-33.6965
36.9421,-34.3290
36.9521,-33.1992
36.9621,-32.6743
36.9721,-33.3673
36.9821,-34.8629
36.9921,-35.3686
37.0021,-34.8548
37.0121,-35.7654
37.0221,-37.2957
37.0321,-36.5840
37.0421,-37.0773
37.0521,-37.0831
37.0621,-39.2221
37.0721,-36.9355
37.0821,-35.8997
37.0921,-35.9928
37.1021,-36.1977
37.1121,-35.1616
37.1221,-35.1358
37.1321,-35.9718
37.1421,-36.0537
37.1521,-34.4281
37.1621,-35.4787
37.1721,-34.5793
37.1821,-34.4400
37.1921,-36.1537
37.2021,-35.7944
37.2121,-37.0607
37.2221,-36.4885
37.2321,-36.7768
37.2421,-36.3712
37.2521,-36.4957
37.2621,-37.9362
37.2931,-37.3037
37.3031,-37.9080
37.3131,-36.4562
37.3231,-36.6720
37.3331,-36.3242
37.3531,-34.4397
37.3731,-34.5274
37.3831,-34.7607
37.3931,-33.9932
37.4031,-33.7981
37.4131,-35.3160
37.4231,-34.9352
37.4331,-35.1301
37.4431,-32.6729
37.4531,-32.3877
37.4631,-32.2680
37.4731,-30.6397
37.4831,-29.7633
37.4931,-29.4839
37.5031,-30.6866
37.5131,-29.3638
37.5231,-29.7200
37.5331,-31.2379
37.5431,-30.9752
37.5531,-31.5289
37.5631,-32.6511
37.5731,-32.7931
37.5831,-33.0284
37.5931,-31.8070
37.6031,-30.5344
37.6131,-29.2783
37.6231,-28.5360
37.6331,-28.5631
37.6431,-26.9605
37.6531,-27.5547
37.6631,-27.7428
37.6731,-27.1629
37.6831,-25.3229
37.6931,-25.6370
37.7031,-23.8518
37.7131,-25.5310
37.7231,-24.8704
37.7331,-23.4784
37.7431,-22.8849
37.7531,-23.1573
37.7631,-23.1613
37.7731,-22.3857
37.7831,-20.8673
37.7931,-18.7780
37.8031,-17.3452
37.8131,-16.7647
37.8231,-16.1546
37.8331,-14.4588
37.8431,-15.0673
37.8531,-13.6624
37.8631,-14.7590
37.8731,-14.5835
37.8831,-14.5818
37.9531,-12.7594
37.9631,-11.7741
37.9731,-12.0283
37.9831,-11.1040
37.9931,-11.7140
38.0031,-9.6590
38.0131,-10.0725
38.0231,-10.2435
38.0331,-9.9371
38.0431,-10.4188
38.0531,-9.0924
38.0631,-8.8033
38.0731,-7.9866
38.0831,-7.7268
38.0931,-7.0523
38.1031,-6.9516
38.1131,-7.4825
38.1231,-6.0387
38.1331,-5.0584
38.1431,-6.5591
38.1531,-5.9287
38.1631,-7.6240
38.1731,-8.6498
38.1831,-8.0053
38.1931,-8.5122
38.2031,-9.8406
38.2131,-9.3970
38.2231,-10.0824
38.2331,-11.2710
38.2431,-12.0007
38.2531,-11.6156
38.2631,-12.4213
38.2731,-11.9818
38.2831,-12.6353
38.2941,-11.7048
38.3041,-12.5435
38.3141,-13.2990
38.3241,-13.6916
38.3641,-12.3782
38.3841,-13.5779
38.3941,-13.8922
38.4041,-13.1257
38.4141,-13.5407
38.4341,-13.8620
38.4441,-14.1634
38.4541,-15.2963
38.4641,-15.4526
38.4741,-13.8426
38.4841,-12.6919
38.4941,-12.0144
38.5041,-12.5142
38.5141,-12.0583
38.5241,-11.8229
38.5341,-11.1152
38.5441,-10.3990
38.5541,-9.1805
38.5641,-7.8057
38.5741,-9.5581
38.5841,-9.4178
38.5941,-8.1879
38.6041,-7.3010
38.6141,-6.6160
38.6241,-6.2422
38.6341,-7.1956
38.6441,-8.2320
38.6541,-8.6122
38.6641,-9.3187
38.6741,-10.3077
38.6841,-10.4802
38.6941,-10.5845
38.7041,-12.5714
38.7141,-13.4847
38.7241,-11.9861
38.7341,-12.0483
38.7441,-12.4230
38.7541,-12.1443
38.7641,-10.9294
38.7841,-10.6935
38.7941,-10.5603
38.8041,-9.4203
38.8141,-9.3570
38.8241,-7.8195
38.8341,-7.6963
38.8441,-7.7724
38.8541,-7.3916
38.8641,-9.9977
38.8741,-8.0869
38.8841,-6.4352
38.8941,-5.0227
38.9041,-6.8128
38.9141,-6.2634
38.9241,-5.1466
38.9341,-3.7766
38.9441,-6.2398
38.9541,-6.9110
38.9641,-7.2292
38.9741,-6.8766
38.9841,-7.7925
38.9941,-7.6153
39.0041,-8.3693
39.0141,-9.0862
39.0241,-8.4094
39.0341,-8.4083
39.0441,-8.5120
39.0541,-9.6800
39.0641,-10.4684
39.0741,-11.3041
39.0841,-10.7656
39.0941,-9.8327
39.1041,-11.5892
39.1141,-10.6327
39.1241,-9.7540
39.1341,-10.1091
39.1441,-9.3731
39.1541,-10.2542
39.1641,-11.6485
39.1741,-11.2351
39.1941,-9.5349
39.2041,-9.1929
39.2141,-10.7408
39.2241,-9.5047
39.2341,-9.0794
39.2441,-9.2797
39.2541,-7.7746
39.2641,-6.7327
39.2741,-7.3415
39.2841,-8.5537
39.2941,-10.1705
39.3041,-8.9068
39.3141,-8.3814
39.3341,-7.9385
39.3541,-6.9063
39.3641,-6.2533
39.3741,-6.4517
39.3841,-5.7979
39.3941,-5.4387
39.4141,-6.5283
39.4341,-5.9209
39.4441,-4.1676
39.4541,-5.3809
39.4641,-5.2549
39.4741,-3.4317
39.4841,-1.9919
39.4941,-3.1453
39.5041,-2.1570
39.5141,-2.6493
39.5241,-2.3604
39.5341,-0.0947
39.5441,0.7744
39.5541,1.0539
39.5641,0.2852
39.5741,-0.9607
39.5841,-0.6474
39.5941,0.3830
39.6041,0.7500
39.6141,0.3456
39.6241,-2.4370
39.6341,-1.3280
39.6441,-3.4078
39.6641,-4.7969
39.6741,-5.4710
39.6841,-5.0619
39.6941,-4.1088
39.7041,-3.7218
39.7141,-3.7493
39.7241,-4.2681
39.7341,-4.7376
39.7441,-4.4084
39.7541,-4.6134
39.7641,-5.4923
39.7741,-5.2353
39.7841,-5.4644
39.7941,-5.9527
39.8041,-4.5911
39.8141,-3.9642
39.8241,-3.6973
39.8341,-4.7287
39.8441,-5.1925
39.8541,-5.4788
39.8641,-4.6654
39.8741,-5.4086
39.8841,-6.4581
39.8941,-6.5742
39.9041,-6.4201
39.9141,-6.3927
39.9241,-7.4905
39.9341,-7.6760
39.9441,-8.7950
39.9541,-9.3503
39.9641,-9.8532
39.9741,-9.6965
39.9841,-9.1466
39.9941,-9.7502
40.0041,-10.2770
40.0141,-10.5426
40.0241,-11.4928
40.0341,-12.5998
40.0441,-11.1115
40.0541,-10.4719
40.0641,-10.3742
40.0741,-11.3171
40.0841,-12.0800
40.0941,-10.8123
40.1041,-11.9422
40.1141,-10.5139
40.1241,-8.8838
40.1341,-8.6082
40.1441,-9.3440
40.1541,-9.5859
40.1641,-7.5260
40.1741,-7.4706
40.1841,-6.1350
40.1941,-5.3002
40.2041,-5.2921
40.2141,-6.1526
40.2241,-7.0313
40.2341,-6.7481
40.2441,-7.6072
40.2541,-6.6032
40.2641,-7.2588
40.2741,-8.0147
40.2841,-8.1467
40.2941,-7.1045
40.3051,-8.5106
40.3151,-7.3167
40.3251,-7.5064
40.3351,-8.9785
40.3451,-9.4325
40.3551,-9.2841
40.3651,-10.7753
40.3751,-11.3788
40.3851,-12.8055
40.4051,-14.0562
40.4251,-13.4254
40.4451,-14.1656
40.4551,-13.5247
40.4651,-14.5164
40.4751,-14.9009
40.4851,-13.9605
40.4951,-14.5077
40.5051,-15.5638
40.5151,-15.0001
40.5251,-13.5464
40.5351,-13.3764
40.5451,-13.7124
40.5751,-15.3309
40.5851,-15.0984
40.5951,-15.2483
40.6051,-16.7231
40.6151,-18.2774
40.6251,-17.3374
40.6351,-18.0406
40.6451,-18.9159
40.6551,-18.1351
40.6651,-17.3517
40.6751,-18.2082
40.6851,-17.4353
40.6951,-18.8537
40.7051,-19.8991
40.7151,-18.4677
40.7251,-18.0784
40.7351,-19.5719
40.7451,-19.2099
40.7551,-21.1538
40.7651,-19.9627
40.7751,-19.1512
40.7851,-18.0700
40.7951,-16.7854
40.8151,-17.5672
40.8251,-18.3658
40.8351,-19.0285
40.8451,-21.0745
40.8551,-20.8044
40.8651,-23.4993
40.8751,-23.6229
40.8851,-25.2433
40.8951,-26.6842
40.9051,-26.8019
40.9151,-26.3142
40.9251,-26.8617
40.9351,-27.5041
40.9451,-28.0698
40.9551,-27.4708
40.9651,-28.0622
40.9751,-28.3128
40.9851,-25.0290
40.9951,-24.2648
41.0051,-23.8074
41.0151,-25.0308
41.0251,-24.0184
41.0351,-23.8780
41.0451,-25.4397
41.0551,-26.4766
41.0651,-28.7540
41.0751,-27.9846
41.0851,-28.6601
41.0951,-26.6620
41.1051,-26.3625
41.1151,-26.7302
41.1251,-26.7410
41.1351,-26.3467
41.1451,-25.6814
41.1551,-24.6860
41.1651,-24.2403
41.1751,-24.1365
41.1851,-23.3570
41.1951,-24.2595
41.2051,-23.4471
41.2151,-23.8137
41.2251,-23.9961
41.2351,-22.6957
41.2451,-22.8473
41.2551,-22.9876
41.2651,-22.0395
41.2751,-22.7168
41.2851,-21.1165
41.2951,-20.3203
41.3051,-22.2472
41.3151,-20.6243
41.3251,-19.8865
41.3351,-20.6453
41.3451,-19.3841
41.3551,-18.4498
41.3751,-17.4474
41.3851,-20.0119
41.3951,-21.5436
41.4051,-21.9808
41.4151,-22.2125
41.4551,-22.8487
41.4751,-24.2453
41.4851,-24.9899
41.4951,-22.7890
41.5051,-23.5881
41.5151,-23.1704
41.5251,-22.9017
41.5351,-24.6176
41.5451,-25.6380
41.5551,-25.6307
41.5651,-24.6020
41.5751,-25.6437
41.5851,-26.4854
41.5951,-26.4825
41.6051,-28.0622
41.6151,-27.9228
41.6251,-27.7037
41.6351,-27.3220
41.6451,-25.8613
41.6551,-24.7714
41.6651,-22.7826
41.6751,-23.1931
41.6851,-24.8310
41.6951,-24.2794
41.7051,-24.6133
41.7151,-24.4351
41.7251,-23.9449
41.7351,-24.1435
41.7451,-23.4288
41.7551,-24.0160
41.7651,-24.0018
41.7751,-23.8502
41.7851,-23.0315
41.7951,-23.1901
41.8051,-23.0261
41.8151,-21.0141
41.8251,-22.3757
41.8351,-23.5376
41.8451,-23.9749
41.8551,-23.3164
41.8651,-21.7425
41.8751,-22.9815
41.8851,-23.7120
41.9151,-24.4572
41.9251,-25.8833
41.9351,-25.6452
41.9451,-26.7501
41.9551,-28.6590
41.9651,-28.0722
41.9751,-28.1910
41.9851,-29.7380
41.9951,-29.6351
42.0051,-29.2195
42.0151,-28.8405
42.0251,-30.5051
42.0351,-30.3581
42.0451,-31.1871
42.0551,-32.8768
42.0651,-34.3855
42.0751,-32.8634
42.0851,-33.7652
42.0951,-33.3492
42.1051,-34.8699
42.1151,-33.8305
42.1251,-36.0447
42.1351,-36.4254
42.1451,-37.1545
42.1551,-36.9846
42.1651,-36.9803
42.1751,-38.0721
42.1851,-40.0325
42.1951,-39.9911
42.2051,-41.2467
42.2151,-42.1918
42.2251,-41.7097
42.2351,-43.0991
42.2451,-45.2170
42.2551,-46.9380
42.2651,-46.1798
42.2751,-48.2938
42.2851,-46.9474
42.2951,-47.4281
42.3051,-46.7267
42.3151,-46.7578
42.3251,-47.9689
42.3351,-48.7038
42.3551,-48.1458
42.3751,-48.2681
42.3951,-49.2208
42.4151,-51.0486
42.4351,-50.6544
42.4551,-51.8431
42.4751,-51.7627
42.4951,-52.2308
42.5151,-50.9672
42.5351,-50.8266
42.5451,-51.1342
42.5551,-50.5833
42.5751,-50.3083
42.5851,-51.8747
42.5951,-51.9874
42.6051,-51.4993
42.6151,-51.9753
42.6251,-52.0304
42.6451,-52.1953
42.6651,-54.0435
42.6851,-54.1760
42.7051,-53.4242
42.7251,-52.8618
42.7451,-51.5742
42.7651,-53.3659
42.7851,-53.2073
42.8051,-54.5914
42.8251,-54.5537
42.8451,-54.2109
42.8651,-52.7589
42.8851,-52.3072
42.9051,-53.4203
42.9251,-53.8390
42.9451,-53.3833
42.9551,-53.7557
42.9651,-54.0336
42.9851,-56.2023
43.0051,-56.4925
43.0151,-57.5865
43.0351,-56.6264
43.0551,-56.3987
43.0751,-57.5966
43.0951,-57.6125
43.1151,-56.0901
43.1351,-56.7769
43.1551,-55.4632
43.1751,-54.4342
43.1951,-52.9456
43.2151,-54.1037
43.2351,-52.0982
43.2551,-53.2614
43.2751,-51.4091
43.2951,-50.5657
43.3161,-50.0626
43.3261,-51.8364
43.3461,-51.7879
43.3561,-49.4296
43.3661,-50.3917
43.3761,-50.4236
43.3861,-48.7730
43.3961,-49.2834
43.4961,-49.9250
43.5161,-48.4925
43.5261,-47.6922
43.5361,-47.4416
43.5561,-46.4770
43.5661,-47.8155
43.5761,-47.0602
43.5861,-46.6382
43.5961,-47.0194
43.6061,-46.3941
43.6161,-47.8611
43.6261,-47.2676
43.6361,-47.7552
43.6461,-48.2597
43.6561,-49.1979
43.6661,-48.0723
43.6761,-48.0621
43.6861,-48.7288
43.6961,-49.3778
43.7061,-49.5442
43.7161,-51.9040
43.7261,-53.1359
43.7361,-54.6253
43.7461,-54.9710
43.7561,-56.4052
43.7761,-56.7160
43.7961,-55.9805
43.8061,-55.8935
43.8161,-56.4492
43.8261,-57.4743
43.8361,-57.5875
43.8461,-57.8278
43.8561,-57.7144
43.8661,-56.3116
43.8761,-59.2791
43.8861,-58.5006
43.8961,-58.5246
43.9161,-56.6223
43.9261,-56.8342
43.9361,-57.4215
43.9461,-58.3652
43.9561,-57.8768
43.9661,-57.6365
43.9761,-57.4948
43.9861,-57.8975
43.9961,-57.5876
44.0061,-58.7987
44.0161,-59.2994
44.0261,-57.4086
44.0361,-57.3914
44.0461,-57.8033
44.0561,-58.2158
44.0661,-58.0522
44.0761,-58.2896
44.0861,-58.5761
44.0961,-58.6021
44.1061,-59.1111
44.1161,-58.7405
44.1261,-58.1589
44.1361,-58.0515
44.1461,-56.4063
44.1561,-55.8162
44.1661,-54.9126
44.1761,-54.3081
44.1861,-53.6140
44.1961,-52.0123
44.2061,-53.1121
44.2161,-52.0556
44.2261,-51.5739
44.2361,-50.6500
44.2461,-50.4014
44.2561,-50.8345
44.2661,-51.6965
44.2761,-52.1500
44.2861,-53.2833
44.2961,-53.1698
44.3061,-54.7732
44.3161,-57.6264
44.3261,-57.5260
44.3361,-57.9839
44.3461,-55.9214
44.3561,-56.1920
44.3661,-55.4261
44.3761,-54.3531
44.3861,-54.7052
44.3961,-55.0311
44.4061,-56.0176
44.4161,-56.4600
44.4261,-56.3437
44.4361,-57.3285
44.4461,-57.7449
44.4861,-57.3834
44.5061,-57.9380
44.5161,-55.7920
44.5261,-57.2417
44.5661,-57.2869
44.5861,-58.0825
44.5961,-57.6008
44.6061,-56.8855
44.6161,-55.3867
44.6261,-54.9294
44.6361,-54.8972
44.6461,-54.6748
44.6561,-53.9341
44.6661,-54.9730
44.6861,-56.6771
44.6961,-57.2678
44.7161,-58.1893
44.7261,-57.8314
44.7361,-58.2814
44.7461,-56.5628
44.7561,-57.7791
44.7661,-57.0165
44.7761,-57.2776
44.7861,-58.4787
44.7961,-58.1661
44.8061,-58.3735
44.8161,-56.6392
44.8261,-56.1403
44.8361,-57.8253
44.8461,-57.1207
44.8561,-57.8277
44.8661,-58.0545
44.8761,-58.8248
44.8961,-57.1934
44.9161,-56.4259
44.9261,-56.3578
44.9361,-54.2697
44.9461,-53.4629
44.9561,-53.0113
44.9661,-52.9613
44.9761,-54.0717
44.9861,-53.0747
44.9961,-52.7372
45.0061,-52.2468
45.0161,-53.7782
45.0261,-52.4445
45.0361,-55.5209
45.0461,-55.8997
45.0561,-55.8089
45.0661,-56.3248
45.0761,-56.3865
45.0861,-55.7080
45.0961,-55.2753
45.1061,-54.9653
45.1161,-55.6622
45.1261,-56.4884
45.1361,-56.5740
45.1461,-56.0239
45.1561,-57.3852
45.1661,-57.7575
45.1761,-58.1228
45.1861,-57.6166
45.1961,-58.5645
45.2061,-56.4070
45.2161,-55.7802
45.2261,-58.0107
45.2361,-57.8900
45.2461,-57.0480
45.2661,-59.3606
45.2761,-60.4902
45.2861,-60.6510
45.2961,-59.6589
45.3061,-59.8569
45.3161,-58.2375
45.3261,-57.8322
45.3361,-57.6993
45.3461,-57.5938
45.3561,-58.3359
45.3661,-59.7363
45.3761,-60.4271
45.3861,-59.2819
45.3961,-58.9825
45.4061,-59.4283
45.4161,-59.2115
45.4261,-60.1820
45.4361,-59.4907
45.4461,-61.2203
45.4561,-60.0221
45.4661,-59.1771
45.4861,-59.6749
45.4961,-58.0857
45.5061,-58.6590
45.5161,-59.9624
45.5361,-59.2509
45.5461,-60.1199
45.5561,-60.9974
45.5661,-62.0001
45.5761,-61.9615
45.5961,-60.3488
45.6061,-59.0155
45.6161,-60.7007
45.6361,-60.3044
45.6461,-59.7055
45.6561,-59.2645
45.6661,-59.6879
45.6761,-60.4001
45.6861,-63.1078
45.6961,-62.5492
45.7061,-64.7607
45.7161,-63.7586
45.7261,-63.6741
45.7361,-63.6654
45.7461,-61.5686
45.7561,-60.8522
45.7661,-60.6956
45.7761,-62.2133
45.7861,-61.6138
45.7961,-62.3210
45.8061,-62.0010
45.8161,-62.6635
45.8261,-63.1678
45.8361,-63.8566
45.8461,-63.5053
45.8561,-63.8882
45.8661,-63.4042
45.8761,-62.0121
45.8861,-62.0167
45.9261,-63.1400
45.9361,-63.5226
45.9461,-62.7575
45.9561,-62.8621
45.9661,-62.3143
45.9761,-62.8160
45.9861,-63.1879
45.9961,-62.6494
46.0061,-60.8214
46.0161,-59.8562
46.0261,-59.1938
46.0361,-59.0682
46.0461,-60.3271
46.0561,-58.6271
46.0761,-59.3120
46.0861,-60.5044
46.0961,-58.8290
46.1061,-57.8421
46.1161,-59.2152
46.1261,-59.8452
46.1361,-61.7232
46.1461,-62.3604
46.1561,-63.8721
46.1661,-64.1572
46.1761,-63.7093
46.1861,-62.4514
46.1961,-62.8301
46.2061,-62.0471
46.2161,-63.6835
46.2261,-62.3871
46.2361,-62.4070
46.2461,-63.9064
46.2561,-63.9129
46.2661,-63.7674
46.2761,-62.6941
46.2961,-62.8795
46.3061,-62.2366
46.3161,-63.5025
46.3261,-64.7337
46.3361,-63.0676
46.3461,-62.5360
46.3561,-61.6191
46.3661,-61.4278
46.3761,-61.6311
46.3861,-61.2843
46.3961,-59.4085
46.4061,-58.9510
46.4161,-59.6643
46.4261,-59.9204
46.4361,-56.2196
46.4461,-56.7427
46.4561,-56.4088
46.4661,-55.3022
46.4761,-56.0820
46.4861,-56.7268
46.4961,-56.0789
46.5061,-56.5653
46.5161,-56.3372
46.5261,-54.3508
46.5361,-56.4678
46.5861,-55.7319
46.6061,-57.0341
46.6261,-55.3153
46.6361,-55.1476
46.6461,-55.2849
46.6561,-54.6814
46.6661,-55.9870
46.6761,-55.3371
46.6861,-54.5915
46.6961,-54.2737
46.7061,-54.3434
46.7161,-54.2369
46.7261,-55.6085
46.7361,-55.1195
46.7461,-54.2501
46.7561,-55.2833
46.7661,-56.2091
46.7761,-57.9544
46.7861,-58.4941
46.7961,-58.7200
46.8061,-59.7873
46.8161,-58.4051
46.8261,-59.5913
46.8361,-59.8737
46.8561,-59.7061
46.8661,-60.1661
46.8761,-58.9933
46.8861,-60.4859
46.8961,-59.9138
46.9061,-60.1596
46.9161,-60.5483
46.9261,-57.9215
46.9361,-57.1375
46.9461,-56.2844
46.9561,-54.5734
46.9661,-54.0683
46.9761,-53.5363
46.9861,-52.3440
46.9961,-51.5845
47.0061,-53.4206
47.0161,-52.2690
47.0261,-52.1435
47.0361,-52.5460
47.0461,-51.6370
47.0561,-52.8177
47.0661,-52.3056
47.0761,-50.3283
47.0861,-48.5708
47.0961,-48.7847
47.1061,-48.5152
47.1161,-49.2282
47.1261,-47.6107
47.1361,-47.6723
47.1461,-48.1907
47.1561,-47.8263
47.1661,-47.9903
47.1761,-47.7619
47.1861,-47.2325
47.1961,-46.3442
47.2061,-45.2380
47.2161,-44.3729
47.2261,-44.6042
47.2361,-47.2132
47.2461,-46.8267
47.2561,-49.2097
47.2661,-49.0160
47.2761,-50.3951
47.2861,-50.8149
47.2961,-49.4154
47.3061,-48.5595
47.3161,-50.2594
47.3261,-50.3294
47.3361,-50.0685
47.3461,-50.1687
47.3561,-51.0867
47.3661,-50.0850
47.3761,-49.3994
47.3861,-49.6655
47.3961,-49.6109
47.4061,-50.6113
47.4161,-50.7166
47.4261,-50.5296
47.4361,-52.2124
47.4461,-52.6373
47.4561,-50.6053
47.4661,-51.1467
47.4761,-51.2330
47.4861,-53.3956
47.4961,-53.2476
47.5161,-52.3483
47.5261,-52.3377
47.5361,-52.6367
47.5461,-50.8059
47.5961,-51.4282
47.6161,-49.5769
47.6361,-48.9689
47.6561,-47.6702
47.6661,-46.5215
47.6761,-45.6595
47.6861,-47.1738
47.6961,-46.7951
47.7061,-46.4851
47.7161,-46.0875
47.7261,-47.4933
47.7361,-48.3333
47.7461,-48.8453
47.7561,-49.2936
47.7661,-50.2158
47.7761,-49.1660
47.7861,-49.6228
47.8061,-49.7534
47.8161,-49.6309
47.8261,-48.9616
47.8361,-47.8631
47.8461,-46.0389
47.8561,-45.9942
47.8661,-47.3116
47.8761,-48.3406
47.8861,-47.9674
47.9061,-48.2872
47.9261,-48.7373
47.9361,-47.5431
47.9461,-48.5753
47.9561,-51.7116
47.9661,-52.3889
47.9761,-52.4275
47.9861,-52.5752
47.9961,-52.8731
48.0061,-53.4279
48.0161,-51.8712
48.0261,-49.0208
48.0361,-49.3641
48.0461,-49.4915
48.0561,-49.1160
48.0661,-48.3233
48.0761,-48.8745
48.0861,-49.1740
48.0961,-50.9296
48.1061,-51.6110
48.1161,-51.0526
48.1261,-51.8167
48.1361,-52.8805
48.1461,-53.1731
48.1561,-51.7078
48.1661,-52.5839
48.1761,-53.3616
48.1861,-53.1792
48.1961,-53.3124
48.2061,-52.9624
48.2161,-54.8398
48.2261,-55.0695
48.2361,-55.6721
48.2461,-56.2195
48.2561,-56.6460
48.2661,-55.5234
48.2761,-54.0672
48.2861,-53.5659
48.2961,-54.0170
48.3061,-53.2308
48.3161,-54.1590
48.3261,-54.1630
48.3361,-55.6452
48.3471,-56.3560
48.3571,-56.5435
48.3671,-57.5683
48.3771,-57.7905
48.3871,-55.8099
48.3971,-55.8320
48.4071,-55.4371
48.4171,-54.0591
48.4271,-53.0569
48.4371,-54.6846
48.4471,-54.4307
48.4571,-54.3212
48.4671,-54.2897
48.4771,-54.5078
48.4871,-54.2055
48.4971,-54.9694
48.5071,-56.4413
48.5171,-57.3733
48.5371,-56.7887
48.5471,-56.1213
48.5571,-54.9404
48.6471,-54.1430
48.6571,-53.3414
48.6671,-53.7991
48.6771,-54.8907
48.6871,-53.1971
48.6971,-51.4967
48.7171,-50.6942
48.7371,-52.0355
48.7471,-52.1300
48.7571,-51.7055
48.7671,-51.1636
48.7771,-51.8471
48.7871,-54.5722
48.7971,-52.1867
48.8171,-51.9810
48.8271,-54.0490
48.8371,-54.3176
48.8471,-54.0338
48.8571,-52.9011
48.8671,-54.6466
48.8771,-55.2059
48.8871,-55.4454
48.8971,-55.1464
48.9071,-55.4935
48.9171,-54.8165
48.9271,-55.7884
48.9371,-56.8844
48.9471,-55.9608
48.9571,-56.0259
48.9671,-55.5520
48.9771,-54.7771
48.9871,-55.4314
48.9971,-53.5532
49.0071,-54.1125
49.0171,-53.9180
49.0271,-54.7341
49.0371,-55.5471
49.0471,-54.2289
49.0571,-54.7272
49.0671,-55.7533
49.0771,-57.2268
49.0871,-57.5886
49.0971,-58.9252
49.1071,-57.0065
49.1171,-56.0629
49.1271,-54.6515
49.1371,-54.0883
49.1471,-53.4994
49.1571,-53.3633
49.1671,-54.2608
49.1771,-53.9170
49.1871,-54.7718
49.1971,-54.1935
49.2071,-51.5336
49.2171,-53.2967
49.2271,-53.3565
49.2371,-52.1247
49.2471,-52.3020
49.2571,-52.5465
49.2671,-51.4134
49.2771,-51.6561
49.2871,-52.9099
49.2971,-53.0090
49.3071,-53.7567
49.3171,-53.0924
49.3271,-54.2514
49.3371,-56.1655
49.3471,-54.8822
49.3571,-54.4339
49.3671,-53.7060
49.3771,-53.3170
49.3871,-55.2194
49.3971,-54.9463
49.4071,-55.5312
49.4171,-54.6663
49.4271,-56.3120
49.4371,-57.9904
49.4471,-57.3927
49.4571,-57.0073
49.4671,-56.0486
49.4771,-55.9201
49.4871,-57.2800
49.4971,-57.3920
49.5071,-56.2349
49.5171,-56.0888
49.5271,-57.0029
49.5371,-56.4638
49.5471,-55.7472
49.5571,-54.8907
49.5671,-55.5851
49.5771,-56.1429
49.5871,-56.6504
49.5971,-56.9627
49.6071,-55.6790
49.6171,-55.6919
49.6771,-54.8038
49.6971,-54.3338
49.7071,-54.1229
49.7371,-56.3129
49.7571,-56.5617
49.7671,-54.9291
49.7771,-55.0357
49.7871,-53.9276
49.7971,-53.6194
49.8071,-51.6132
49.8171,-51.7062
49.8271,-51.4088
49.8371,-51.0548
49.8471,-50.7468
49.8571,-49.1266
49.8671,-49.9355
49.8771,-50.3082
49.8871,-49.2001
49.8971,-49.6507
49.9471,-49.0639
49.9571,-48.2775
49.9671,-46.6082
49.9771,-46.3419
49.9871,-47.4669
49.9971,-47.4936
50.0071,-47.9698
50.0171,-48.2897
50.0271,-49.0247
50.0371,-49.6582
50.0471,-49.0565
50.0571,-50.0737
50.0671,-51.0905
50.0771,-51.1495
50.0871,-52.5799
50.0971,-53.4416
50.1071,-52.8216
50.1171,-53.0168
50.1271,-51.3336
50.1371,-50.6990
50.1471,-52.2373
50.1571,-52.5532
50.1671,-50.9849
50.1771,-51.5624
50.1871,-52.4751
50.1971,-52.6915
50.2071,-51.1777
50.2171,-50.3714
50.2271,-48.7431
50.2371,-48.9608
50.2471,-47.7070
50.2571,-48.1290
50.2671,-49.9547
50.2771,-50.4427
50.2871,-49.8593
50.2971,-49.6320
50.3071,-48.8142
50.3171,-46.8758
50.3271,-46.5012
50.3371,-46.5079
50.3471,-45.8203
50.3571,-47.1006
50.3671,-48.0961
50.3771,-48.8988
50.3871,-48.2001
50.3971,-48.7946
50.4071,-50.4653
50.4171,-50.5650
50.4271,-51.1593
50.4371,-50.7785
50.4471,-51.0754
50.4571,-51.2070
50.4671,-51.4650
50.4771,-50.4440
50.4871,-51.2013
50.4971,-51.8717
50.5071,-51.5838
50.5171,-53.7353
50.5271,-54.2601
50.5371,-53.5887
50.5471,-55.2538
50.5571,-54.4067
50.5671,-53.9668
50.5771,-54.3047
50.5871,-52.7033
50.5971,-51.9807
50.6071,-52.1762
50.6171,-51.7028
50.6271,-51.8769
50.6371,-50.9802
50.6471,-49.9078
50.6571,-52.0871
50.6971,-52.8515
50.7171,-52.0286
50.7271,-51.5265
50.7471,-52.3940
50.7571,-51.2071
50.7671,-51.7592
50.7771,-51.6640
50.7871,-49.3939
50.8071,-48.4967
50.8171,-49.4819
50.8271,-47.6048
50.8371,-46.2304
50.8471,-46.3461
50.8571,-46.8615
50.8771,-45.9754
50.8871,-47.0910
50.8971,-47.4028
50.9071,-46.8113
50.9171,-46.5347
50.9271,-48.2484
50.9371,-49.1870
50.9471,-49.7883
50.9571,-48.0672
50.9671,-46.4127
50.9771,-46.3036
50.9871,-45.0924
50.9971,-45.2297
51.0071,-44.8142
51.0171,-45.8042
51.0271,-44.8417
51.0371,-45.0119
51.0471,-46.5831
51.0571,-47.0490
51.0671,-49.2481
51.0771,-49.8197
51.0871,-49.7257
51.0971,-49.2367
51.1171,-48.9884
51.1271,-50.4482
51.1371,-50.1494
51.1471,-49.4117
51.1571,-49.2822
51.1771,-50.8227
51.1871,-50.5688
51.1971,-49.2771
51.2071,-49.4108
51.2171,-49.8122
51.2271,-48.8365
51.2371,-49.0336
51.2471,-48.6598
51.2571,-49.0913
51.2671,-48.9253
51.2771,-49.4168
51.2871,-51.4812
51.2971,-51.7236
51.3071,-51.6438
51.3171,-50.3720
51.3271,-50.8816
51.3371,-50.9160
51.3471,-49.9528
51.3571,-48.3526
51.3671,-49.3841
51.3781,-50.2554
51.3881,-50.2718
51.3981,-48.6713
51.4081,-47.6865
51.4181,-47.5670
51.4281,-50.3162
51.4381,-50.5058
51.4481,-52.1268
51.4581,-52.3653
51.4681,-54.1156
51.4781,-54.4924
51.4881,-54.8459
51.5081,-54.4586
51.5181,-53.6694
51.5281,-53.5855
51.5381,-54.7286
51.5481,-54.8511
51.5681,-53.3965
51.5781,-54.2830
51.5881,-54.0656
51.5981,-52.3787
51.6081,-50.5575
51.6181,-50.2548
51.6281,-51.7691
51.6481,-51.7960
51.7381,-51.6560
51.7581,-50.8590
51.7781,-50.8826
51.7981,-49.7400
51.8181,-50.2230
51.8381,-51.4545
51.8581,-50.7581
51.8681,-50.3659
51.8781,-50.0829
51.8981,-50.0165
51.9081,-48.9327
51.9181,-47.8605
51.9381,-47.9223
51.9581,-46.7317
51.9881,-47.3756
52.0081,-47.4558
52.0281,-47.2020
52.0481,-46.1286
52.0781,-46.2609
52.1081,-45.9513
52.1381,-46.4482
52.1581,-46.3804
52.1781,-44.9505
52.1981,-46.9498
52.2181,-47.0822
52.2381,-48.0958
52.2581,-47.1201
52.2781,-46.5490
52.2981,-45.5587
52.3181,-44.6594
52.3381,-44.2513
52.3581,-45.4571
52.3781,-44.7239
52.3981,-45.8042
52.4181,-44.9303
52.4381,-45.0858
52.4581,-47.5737
52.4781,-48.1600
52.4981,-48.3279
52.5181,-48.2453
52.5381,-46.2271
52.5581,-45.0107
52.5781,-43.6514
52.5981,-42.7716
52.6181,-41.7919
52.6381,-41.6073
52.6581,-41.9207
52.6981,-40.7751
52.7181,-40.2774
52.7381,-40.7771
52.7581,-42.5326
52.7781,-42.5691
52.7981,-42.2591
52.8081,-42.5113
52.8281,-42.6841
52.8481,-43.5127
52.8681,-42.7600
52.8881,-42.2381
52.8981,-42.0548
52.9081,-42.0966
52.9181,-42.0341
52.9281,-41.6235
52.9481,-43.3416
52.9581,-42.8221
52.9681,-44.9775
52.9781,-47.3564
52.9881,-47.0972
52.9981,-48.1274
53.0081,-47.7714
53.0181,-49.2706
53.0281,-49.5034
53.0381,-48.3323
53.0481,-48.8359
53.0581,-48.6623
53.0681,-48.2721
53.0781,-47.4874
53.0881,-48.3348
53.0981,-49.6481
53.1081,-47.9949
53.1181,-48.1989
53.1281,-48.4426
53.1381,-48.7151
53.1481,-50.1859
53.1581,-48.9262
53.1681,-49.7851
53.1781,-49.6126
53.1881,-48.8387
53.1981,-49.9050
53.2081,-50.5335
53.2181,-50.2260
53.2281,-49.1365
53.2481,-48.4537
53.2581,-48.0385
53.2681,-47.1927
53.2781,-45.8122
53.2881,-46.0360
53.2981,-46.0595
53.3081,-44.0546
53.3181,-44.1294
53.3281,-43.0546
53.3381,-43.0597
53.3481,-43.9506
53.3581,-45.3748
53.3681,-46.2859
53.3781,-47.4309
53.3881,-50.4852
53.3981,-49.7413
53.4081,-51.4257
53.4181,-53.8103
53.4281,-52.8664
53.4381,-50.4127
53.4481,-49.6749
53.4581,-46.7323
53.4681,-46.7044
53.4781,-48.1975
53.4881,-48.2416
53.4981,-49.5493
53.5081,-48.2372
53.5181,-47.8570
53.5281,-47.7525
53.5381,-47.1955
53.5481,-48.0872
53.5581,-49.0765
53.5681,-48.6022
53.5781,-47.6809
53.5881,-47.9992
53.5981,-47.9872
53.6081,-49.4801
53.6181,-51.0875
53.6281,-52.6827
53.6381,-53.1658
53.6481,-53.1430
53.6581,-52.9529
53.6681,-54.3216
53.6781,-55.8470
53.6881,-54.5756
53.6981,-54.6311
53.7781,-55.4964
53.7981,-54.8719
53.8081,-55.7104
53.8181,-56.7234
53.8381,-55.8474
53.8581,-53.2913
53.8681,-54.1716
53.8781,-55.9082
53.8881,-54.6046
53.8981,-56.1107
53.9081,-55.0646
53.9181,-56.8715
53.9281,-58.1109
53.9381,-58.9117
53.9481,-60.4917
53.9581,-60.9249
53.9681,-60.5822
53.9781,-60.9422
53.9881,-62.7065
53.9981,-63.7963
54.0081,-66.1627
54.0181,-65.2999
54.0281,-64.9499
54.0381,-65.5861
54.0481,-66.5012
54.0581,-68.0426
54.0681,-67.4456
54.0781,-66.0904
54.0881,-66.7626
54.0981,-69.0320
54.1081,-67.5026
54.1181,-68.6376
54.1281,-69.4745
54.1481,-70.2228
54.1581,-69.6407
54.1681,-68.7202
54.1781,-67.6372
54.1981,-68.2334
54.2081,-68.5336
54.2181,-67.9699
54.2281,-68.4550
54.2481,-71.8219
54.2581,-71.1543
54.2681,-70.5928
54.2781,-71.3271
54.2981,-71.2808
54.3081,-70.6286
54.3181,-70.8365
54.3281,-70.1074
54.3381,-70.4758
54.3481,-68.9409
54.3581,-69.1975
54.3681,-67.4664
54.3781,-67.7483
54.3891,-66.4991
54.3991,-66.4734
54.4091,-67.4357
54.4191,-68.4288
54.4291,-68.9532
54.4391,-68.9100
54.4491,-69.2552
54.4591,-68.9303
54.4691,-68.7305
54.4791,-69.3099
54.4991,-69.5566
54.5091,-70.7457
54.5191,-71.4834
54.5291,-71.6190
54.5491,-72.1915
54.5691,-73.3552
54.5791,-72.2511
54.5891,-71.3845
54.5991,-72.4210
54.6091,-71.7979
54.6191,-72.8094
54.6291,-73.3216
54.6391,-72.2103
54.6491,-73.3213
54.6591,-74.2207
54.6691,-73.8405
54.6791,-72.6000
54.6891,-71.3272
54.6991,-70.2680
54.7091,-71.4900
54.7191,-69.9074
54.7391,-71.0655
54.7591,-72.3496
54.7791,-73.2513
54.9091,-75.7763
54.9291,-75.2796
54.9391,-74.2070
54.9591,-76.4743
54.9791,-76.1430
54.9891,-75.6901
54.9991,-74.6059
55.0091,-73.4435
55.0191,-73.4597
55.0291,-74.5792
55.0391,-75.4950
55.0491,-75.4229
55.0591,-76.5388
55.0691,-76.0801
55.0791,-75.5826
55.0891,-75.7566
55.0991,-73.6732
55.1191,-73.3157
55.1391,-74.9219
55.1491,-72.7057
55.1591,-72.8144
55.1691,-74.0285
55.1791,-74.0712
55.1891,-73.9268
55.1991,-73.9373
55.2091,-73.3591
55.2191,-74.7769
55.2291,-76.1827
55.2391,-75.4346
55.2491,-75.0670
55.2591,-75.8705
55.2691,-76.9467
55.2791,-77.5852
55.2891,-79.3925
55.2991,-80.6111
55.3191,-81.7852
55.3391,-82.1762
55.3491,-82.3241
55.3591,-81.8928
55.3691,-82.4017
55.3791,-82.1295
55.3891,-80.7985
55.3991,-79.9907
55.4091,-79.3796
55.4191,-79.5964
55.4391,-80.0042
55.4491,-79.5414
55.4591,-80.8153
55.4691,-80.2977
55.4791,-80.0582
55.4891,-80.5170
55.4991,-81.1026
55.5191,-79.0017
55.5291,-80.3917
55.5391,-80.1359
55.5491,-78.8401
55.5591,-80.1150
55.5691,-80.5662
55.5891,-81.6844
55.5991,-82.9781
55.6091,-84.0086
55.6191,-83.1873
55.6291,-84.0463
55.6391,-84.2082
55.6491,-85.1833
55.6591,-84.4920
55.6691,-84.5925
55.6791,-86.3025
55.6891,-84.5629
55.6991,-85.5854
55.7091,-85.1897
55.7191,-85.2790
55.7291,-85.2044
55.7391,-85.0294
55.7491,-83.1041
55.7591,-83.3874
55.7691,-82.6854
55.7791,-82.7750
55.7891,-83.8784
55.8091,-85.5837
55.8591,-85.6498
55.8691,-86.6496
55.8791,-87.5950
55.9091,-87.9326
56.0491,-88.7141
56.0591,-87.3306
56.0891,-87.8603
56.1191,-88.9420
56.1391,-87.4441
56.1491,-87.2712
56.1691,-87.6877
56.1891,-90.2230
56.1991,-90.8072
56.2091,-91.0090
56.2191,-92.6065
56.2291,-92.7038
56.2391,-94.0392
56.2491,-94.2653
56.2591,-94.7365
56.2691,-93.5774
56.2791,-93.6222
56.2891,-92.2881
56.2991,-92.2379
56.3091,-91.7991
56.3191,-91.9611
56.3291,-92.5726
56.3491,-93.6220
56.3691,-93.0618
56.3791,-93.2075
56.3891,-92.5001
56.3991,-91.6890
56.4091,-89.8042
56.4191,-90.2579
56.4291,-90.6538
56.4491,-89.4206
56.4591,-88.6448
56.4691,-88.2148
56.4891,-87.0603
56.5091,-85.4939
56.5291,-86.3808
56.5391,-88.2651
56.5491,-88.6930
56.5591,-89.1590
56.5691,-87.7745
56.5791,-89.1665
56.5891,-88.9110
56.5991,-89.2486
56.6191,-89.3701
56.6391,-89.4909
56.6491,-88.4528
56.6591,-89.3746
56.6691,-90.0075
56.6891,-89.1260
56.6991,-88.6016
56.7091,-89.9838
56.7191,-89.2444
56.7291,-89.4043
56.7391,-90.4246
56.7491,-92.3529
56.7591,-93.1539
56.7691,-93.5172
56.7791,-93.4198
56.7891,-92.4298
56.7991,-94.2293
56.8091,-95.4948
56.8191,-96.8321
56.8491,-98.8747
56.8691,-98.8235
56.8791,-97.6536
56.8891,-95.8295
56.8991,-95.9084
56.9091,-97.9304
56.9191,-96.9263
56.9291,-95.6085
56.9391,-98.1118
56.9491,-98.7102
56.9691,-97.1131
56.9791,-96.4411
57.0991,-96.9331
57.1191,-97.1325
57.1291,-97.3610
57.1391,-98.2837
57.1591,-95.9310
57.1691,-95.7399
57.1791,-95.2827
57.1891,-96.7292
57.1991,-97.3156
57.2091,-97.1071
57.2191,-97.0486
57.2291,-95.9401
57.2491,-96.0028
57.2691,-95.0038
57.2791,-94.7714
57.2891,-95.8920
57.2991,-96.4460
57.3091,-96.4654
57.3191,-94.5350
57.3391,-94.6956
57.3591,-95.8355
57.3791,-94.0658
57.3891,-94.1274
57.3991,-95.2808
57.4091,-94.9023
57.4291,-96.5339
57.4391,-95.7713
57.4491,-95.2579
57.4591,-96.7280
57.4691,-97.1634
57.4791,-97.9370
57.4891,-99.0089
57.4991,-100.5676
57.5191,-99.7154
57.5391,-100.0048
57.5591,-98.7136
57.5691,-98.9420
57.5791,-97.3483
57.5891,-97.3682
57.5991,-95.4571
57.6091,-95.6240
57.6191,-96.1273
57.6291,-95.0440
57.6491,-95.7828
57.6591,-96.3215
57.6691,-98.4056
57.6791,-95.8215
57.6891,-96.1853
57.6991,-95.8893
57.7091,-95.2262
57.7191,-96.2871
57.7291,-96.9746
57.7391,-97.3282
57.7491,-94.9564
57.7591,-94.4776
57.7691,-96.8965
57.7791,-98.1563
57.7891,-99.4500
57.7991,-99.8059
57.8091,-99.5441
57.8191,-100.4461
57.8291,-100.2005
57.8391,-101.4982
57.8491,-101.0766
57.8591,-101.8853
57.8691,-99.7548
57.8791,-100.0841
57.9091,-99.7875
57.9291,-99.3228
57.9491,-99.5924
57.9591,-100.1156
57.9691,-100.2284
57.9791,-100.1673
57.9891,-99.6075
58.0091,-97.3228
58.0591,-96.3118
58.0791,-96.1983
58.0891,-96.5969
58.1091,-96.7872
58.1691,-97.7256
58.1891,-98.9873
58.2091,-100.3945
58.2291,-101.2919
58.2391,-99.7239
58.2491,-98.5125
58.2591,-97.4252
58.2691,-96.4305
58.2791,-97.6058
58.2891,-97.4833
58.2991,-98.9087
58.3091,-97.5643
58.3191,-98.0559
58.3291,-99.0934
58.3391,-99.1493
58.3491,-99.6057
58.3591,-100.9749
58.3691,-100.3128
58.3891,-100.2179
58.4091,-100.3336
58.4291,-99.7756
58.4391,-100.8376
58.4591,-100.3777
58.4691,-99.4042
58.4791,-99.7990
58.4891,-99.1183
58.5091,-98.5747
58.5191,-97.2721
58.5291,-97.1523
58.5391,-96.1443
58.5491,-96.3785
58.5591,-96.7332
58.5691,-96.6370
58.5891,-97.1870
58.6091,-96.2973
58.6291,-94.6933
58.6391,-96.2297
58.6491,-96.8658
58.6591,-98.2419
58.6691,-98.9851
58.6791,-100.3809
58.6891,-100.4360
58.6991,-99.8468
58.7091,-99.7691
58.7191,-99.1433
58.7291,-99.1590
58.7391,-98.4547
58.7591,-99.5629
58.7691,-99.3396
58.7791,-100.6495
58.7891,-101.2195
58.7991,-102.2370
58.8091,-102.2334
58.8191,-102.4394
58.8291,-103.0428
58.8391,-104.0469
58.8591,-103.9053
58.8691,-104.5264
58.8891,-106.1857
58.8991,-104.2405
58.9091,-105.1650
58.9191,-106.0926
58.9291,-106.0899
58.9391,-105.8160
58.9491,-106.8511
58.9591,-107.6213
58.9791,-109.8626
58.9991,-110.5333
59.0191,-110.6225
59.0291,-110.3305
59.0391,-109.9994
59.0491,-108.6594
59.0691,-110.2223
59.0791,-110.0579
59.1091,-109.5637
59.1291,-107.8946
59.1391,-107.3256
59.1591,-106.0920
59.1691,-104.2095
59.1891,-106.0474
59.1991,-107.5664
59.2191,-106.9668
59.2391,-106.8596
59.2491,-108.1200
59.2591,-109.2224
59.2691,-110.6522
59.2891,-110.6331
59.3091,-108.7355
59.3291,-109.4181
59.3491,-107.9802
59.3591,-109.6147
59.3691,-111.4965
59.3791,-110.6865
59.3991,-110.2359
59.4091,-109.8664
59.4191,-110.9770
59.4291,-111.3932
59.4391,-109.3633
59.4591,-108.8053
59.4791,-109.2114
59.4991,-108.0077
59.5091,-108.9103
59.5191,-105.9910
59.5291,-106.6887
59.5391,-104.7135
59.5491,-104.5782
59.5591,-102.0665
59.5791,-103.6323
59.5891,-103.0727
59.5991,-103.5083
59.6091,-104.7020
59.6291,-106.5632
59.6391,-106.3394
59.6491,-105.5400
59.6591,-106.9275
59.6691,-108.5993
59.6791,-109.3512
59.6891,-110.1660
59.6991,-111.7930
59.7091,-112.8700
59.7191,-111.7101
59.7291,-111.0356
59.7391,-110.4993
59.7491,-111.4197
59.7591,-110.7051
59.7691,-112.3520
59.7791,-111.9319
59.7891,-110.9339
59.7991,-112.4522
59.8091,-113.3290
59.8191,-113.9437
59.8291,-113.7812
59.8391,-113.1678
59.8491,-113.3901
59.8591,-114.2573
59.8791,-113.3325
59.9491,-113.0182
59.9591,-112.5186
59.9691,-111.0042
59.9791,-111.3550
59.9891,-110.7092
59.9991,-110.8939
60.0091,-110.1849
60.0191,-110.1403
60.0291,-110.4892
60.0391,-110.5886
60.0491,-112.0459
60.0591,-112.8696
60.0691,-111.9563
60.0791,-112.5309
60.0891,-112.1325
60.0991,-111.7438
60.1191,-111.5893
60.1391,-111.1678
60.1491,-111.2387
60.1691,-110.5908
60.2191,-111.4224
60.2391,-110.0125
60.2591,-112.5537
60.2791,-113.9522
60.2991,-115.4139
60.3191,-115.1823
60.3291,-115.2707
60.3391,-116.1305
60.3491,-116.8626
60.3591,-117.7768
60.3691,-120.5190
60.3791,-120.7233
60.3891,-121.7806
60.3991,-121.6869
60.4091,-122.6726
60.4191,-123.6100
60.4291,-123.8004
60.4491,-122.8067
60.4991,-122.3379
60.5191,-121.8478
60.5391,-123.0513
60.5591,-122.2636
60.5691,-119.3315
60.5891,-119.2976
60.5991,-119.6463
60.6191,-118.9013
60.6291,-118.6361
60.6391,-118.7612
60.6491,-118.8335
60.6591,-118.5762
60.6691,-117.8972
60.6791,-116.3586
60.6891,-115.7263
60.6991,-115.8682
60.7091,-117.0638
60.7191,-116.5310
60.7391,-115.7174
60.7591,-113.7100
60.7791,-114.0041
60.7891,-113.6182
60.7991,-114.3282
60.8191,-114.8069
60.8291,-114.6557
60.8491,-114.7663
60.8591,-115.9322
60.8691,-114.5484
60.8791,-114.3035
60.9791,-114.9196
60.9891,-115.1045
60.9991,-115.2133
61.0191,-116.0096
61.0291,-117.1537
61.0391,-116.5354
61.0591,-117.1616
61.0691,-116.3536
61.0891,-116.2688
61.1091,-115.6320
61.1191,-115.1636
61.1291,-114.1670
61.2191,-115.9638
61.2391,-114.5367
61.2491,-113.5166
61.2591,-114.7182
61.2791,-116.0126
61.2991,-115.5492
61.3191,-115.8872
61.3291,-116.2571
61.3491,-115.2705
61.3591,-113.2929
61.3691,-111.3603
61.3791,-112.1550
61.3891,-112.1367
61.4091,-110.8601
61.4191,-110.9754
61.4291,-109.9522
61.4391,-109.9557
61.4491,-111.2442
61.4591,-110.8787
61.4691,-109.8930
61.4791,-110.4931
61.4991,-109.7168
61.5191,-109.7859
61.5391,-109.8327
61.5491,-110.3056
61.5591,-109.3145
61.5691,-109.5854
61.5891,-108.0658
61.6091,-108.1649
61.6291,-108.0226
61.6491,-107.3551
61.6691,-106.2865
61.6791,-106.4099
61.6991,-107.0851
61.7191,-107.0435
61.7291,-107.6856
61.7391,-108.5799
61.7491,-107.8034
61.7691,-108.4011
61.7791,-108.0250
61.7891,-108.8415
61.7991,-108.4483
61.8091,-108.7366
61.8191,-108.7042
61.8291,-108.2752
61.8391,-108.6168
61.8491,-110.1596
61.8591,-109.2264
61.8691,-109.9532
61.8791,-111.0578
61.8991,-111.7297
61.9191,-110.8226
61.9391,-110.1739
61.9491,-108.8574
61.9691,-107.9834
61.9891,-107.2034
61.9991,-107.6128
62.0191,-106.8056
62.0391,-107.9637
62.0491,-107.4655
62.0691,-107.0068
62.0791,-107.8817
62.0891,-107.5202
62.0991,-106.3674
62.1091,-107.3410
62.1191,-107.3989
62.1391,-107.1543
62.1991,-107.7430
62.2191,-106.9806
62.2391,-108.0178
62.2591,-107.2631
62.2791,-108.0191
62.2991,-108.1038
62.3091,-108.9524
62.3191,-106.3729
62.3291,-106.5415
62.3391,-105.8440
62.3491,-106.4568
62.3591,-107.0661
62.3691,-107.3203
62.3791,-106.2822
62.3991,-106.0030
62.4191,-106.3943
62.4391,-106.8404
62.4491,-106.6982
62.4591,-106.3174
62.4691,-105.4947
62.4791,-108.1599
62.4891,-108.4145
62.4991,-109.8694
62.5191,-107.8371
62.5291,-105.7107
62.5391,-105.3259
62.5491,-106.2404
62.5691,-106.0085
62.5891,-105.4591
62.5991,-105.3366
62.6091,-105.7448
62.6191,-105.4180
62.6391,-107.1540
62.6491,-108.1851
62.6591,-110.3258
62.6691,-111.3770
62.6791,-111.1017
62.6891,-111.0075
62.6991,-109.2692
62.7191,-109.4459
62.7391,-109.3352
62.7591,-109.9007
62.7691,-110.9914
62.7791,-109.9103
62.7891,-110.1558
62.7991,-110.9758
62.8191,-111.3639
62.8291,-111.5834
62.8391,-111.5775
62.8491,-111.2318
62.8691,-109.8803
62.8891,-110.9575
62.8991,-112.2440
62.9091,-112.3081
62.9191,-112.6490
62.9291,-113.0152
62.9391,-112.7179
62.9491,-112.9782
62.9591,-112.6108
62.9691,-112.4268
62.9791,-112.8373
62.9891,-113.3000
63.0091,-113.6982
63.0291,-112.8949
63.0391,-112.5784
63.0491,-113.3555
63.0691,-112.7693
63.0891,-112.9703
63.1091,-113.1890
63.1191,-112.0280
63.1291,-113.2617
63.1391,-112.6658
63.1491,-112.5101
63.1591,-113.4464
63.1791,-114.4931
63.1891,-114.3209
63.2091,-117.1382
63.2391,-115.6640
63.2591,-118.2601
63.2791,-119.3040
63.2991,-119.2166
63.3191,-119.1327
63.3391,-118.8945
63.3591,-120.4352
63.3691,-122.1173
63.3791,-120.6201
63.3891,-122.1186
63.3991,-122.1977
63.4091,-121.9597
63.4191,-120.5296
63.4291,-120.8827
63.4401,-120.4059
63.4501,-121.4216
63.4701,-121.4512
63.4801,-121.0811
63.4901,-120.7448
63.5101,-120.4323
63.5301,-120.5656
63.5401,-121.0848
63.5501,-121.6093
63.5601,-120.8241
63.5701,-121.1670
63.5801,-121.1388
63.5901,-121.0886
63.6001,-121.1697
63.6101,-122.0377
63.6301,-121.9665
63.6401,-121.5296
63.6501,-122.0443
63.6701,-122.1937
63.6801,-122.2792
63.6901,-122.6657
63.7001,-122.3494
63.7101,-122.5480
63.7201,-122.9717
63.7401,-124.3335
63.7501,-124.5025
63.7701,-125.8763
63.8401,-124.5831
63.8501,-123.7836
63.8601,-124.1155
63.8701,-122.2979
63.8801,-122.2994
