1482536485.349128,7332.5937
1482536486.255180,7041.1045
1482536487.288239,7365.6075
1482536488.301297,7333.9478
1482536489.322355,7351.9058
1482536490.339413,7724.5035
1482536491.346471,7649.4341
1482536492.258523,7646.0876
1482536493.284582,7628.4718
1482536494.301640,7747.2307
1482536495.318698,7666.6548
1482536496.333756,7645.8668
1482536497.347814,7494.5405
1482536498.261867,7634.6291
1482536499.275925,7587.1379
1482536500.289983,7650.0198
1482536501.309041,7778.3695
1482536502.323099,7965.5575
1482536503.337157,7967.9173
1482536504.255209,8044.5865
1482536505.269267,8040.2325
1482536506.283325,8350.2449
1482536507.301384,8294.7218
1482536508.316442,8242.3529
1482536509.337500,8374.5476
1482536510.287554,8623.2186
1482536511.302612,8467.3194
1482536512.316670,8457.6479
1482536513.333729,8491.2155
1482536514.342786,8505.1900
1482536515.352844,8468.9933
1482536516.265896,8832.0971
1482536517.278954,8846.6429
1482536518.285012,8954.3434
1482536519.292069,8941.1211
1482536520.297127,8943.0447
1482536521.309185,8701.3968
1482536522.315242,8712.6792
1482536523.328300,8707.3892
1482536524.334358,8910.7312
1482536525.340415,9356.2672
1482536526.347473,9310.7260
1482536527.253525,9326.0649
1482536528.259582,9242.2083
1482536529.265640,9690.7317
1482536530.276698,9176.7999
1482536531.284755,8847.4834
1482536532.291813,8955.8409
1482536533.302871,8963.4236
1482536534.313929,8906.4343
1482536535.322986,8867.7403
1482536536.331044,8885.6673
1482536537.338102,8714.3589
1482536538.348159,8816.1117
1482536539.258211,8724.0439
1482536540.299271,8634.6378
1482536541.307329,8608.5944
1482536542.313386,8599.7400
1482536543.321444,8753.3505
1482536544.256497,8791.9796
1482536545.262555,8793.7142
1482536546.268612,8618.5218
1482536547.278670,8504.9150
1482536548.284728,8503.4766
1482536549.293785,8527.0662
1482536550.302843,8564.4431
1482536551.317901,8454.9382
1482536552.327959,8468.9270
1482536553.336017,8302.7292
1482536554.269070,8376.6913
1482536555.278128,8372.2565
1482536556.339188,8420.0117
1482536557.349246,8408.0400
1482536558.256298,8616.9939
1482536559.266356,8666.9296
1482536560.277414,8481.9489
1482536561.287471,8214.1597
1482536562.297529,8339.8682
1482536563.305587,8257.6135
1482536564.341646,8288.4381
1482536565.294701,8248.7853
1482536566.305758,8218.7472
1482536567.312816,8081.1132
1482536568.321874,8138.2611
1482536569.330931,8113.2990
1482536570.335989,8042.7456
1482536571.343047,7969.0148
1482536572.255099,7814.5593
1482536573.265156,7811.2302
1482536574.273214,7304.6820
1482536575.278272,7649.7628
1482536576.283329,8079.4348
1482536577.328389,8076.2435
1482536578.335446,7824.8236
1482536579.341504,7822.8707
1482536580.352562,7819.6261
1482536581.262614,7813.0486
1482536582.269671,7806.6554
1482536583.279729,7782.0669
1482536584.287787,8053.9916
1482536585.295845,7947.6648
1482536586.306902,7481.5123
1482536587.317960,7359.1199
1482536588.330018,7632.8282
1482536589.344076,7638.2709
1482536590.260129,7639.0006
1482536591.271186,7315.5689
1482536592.294245,7358.9207
1482536593.305303,7344.1580
1482536594.312360,7436.0331
1482536595.320418,7390.2334
1482536596.336476,7337.1873
1482536597.349534,7088.6349
1482536598.257586,6865.8476
1482536599.264644,6854.6102
1482536600.272701,6831.7079
1482536601.292760,6807.1301
1482536602.300817,6702.3893
1482536603.310875,6708.7012
1482536604.317933,6713.4504
1482536605.256986,6812.1217
1482536606.266044,6835.0412
1482536607.274102,6812.8533
1482536608.318161,6814.9640
1482536609.338220,6485.4411
1482536610.307275,6558.6153
1482536611.325333,6429.6035
1482536612.343392,6479.4595
1482536613.286446,6445.0844
1482536614.323505,6433.5001
1482536615.333563,6430.3652
1482536616.351621,6430.4406
1482536617.259673,6435.0076
1482536618.268731,6448.8775
1482536619.275788,6447.3900
1482536620.284846,6376.0918
1482536621.300904,6302.1000
1482536622.309962,6303.5763
1482536623.317019,6248.2060
1482536624.326077,6210.5398
1482536625.341135,6117.8975
1482536626.350193,6149.3063
1482536627.258245,6017.1344
1482536628.267302,5961.8244
1482536629.276360,5976.7658
1482536630.286418,6014.1718
1482536631.296476,6020.9975
1482536632.310534,5980.1287
1482536633.318591,5832.4293
1482536634.326649,5963.1421
1482536635.335707,5914.7049
1482536636.343764,5919.0222
1482536637.284818,5841.6972
1482536638.293876,5980.8769
1482536639.302934,5835.5540
1482536640.312991,5935.9623
1482536641.326049,5925.0935
1482536642.333107,5915.6734
1482536643.343165,5926.3348
1482536644.354223,5929.9837
1482536645.264275,5930.7294
1482536646.276332,5936.4296
1482536647.286390,5876.4524
1482536648.296448,6014.0454
1482536649.307506,6117.4137
1482536650.313563,5997.0475
1482536651.323621,6212.9220
1482536652.332679,6225.6793
1482536653.342737,6421.4019
1482536654.260789,6414.7951
1482536655.268847,6414.7253
1482536656.279905,6346.7541
1482536657.289962,6511.8031
1482536658.304020,6461.2532
1482536659.312078,6467.6364
1482536660.326136,6278.8839
1482536661.341194,5822.4617
1482536662.350252,5730.9759
1482536663.267304,5632.8887
1482536664.278362,5594.9883
1482536665.286420,5365.0668
1482536666.296478,5365.7124
1482536667.306535,5359.1543
1482536668.315593,5350.4852
1482536669.325651,5381.4251
1482536670.337709,5379.6613
1482536671.344766,5383.4892
1482536672.354824,5382.1816
1482536673.269876,5474.9659
1482536674.280934,5774.9714
1482536675.289992,5729.4722
1482536676.304050,5727.2942
1482536677.314108,5750.1836
1482536678.325166,5753.4942
1482536679.333223,5743.7754
1482536680.342281,5757.5504
1482536681.360339,5788.3004
1482536682.269391,5856.8311
1482536683.279449,5867.1799
1482536684.293507,5861.4422
1482536685.311565,5791.6623
1482536686.323623,5793.9954
1482536687.336681,5806.7893
1482536688.345739,5698.0511
1482536689.263791,5706.4528
1482536690.272849,5659.3664
1482536691.285907,5563.5228
1482536692.294965,5552.9906
1482536693.306022,5548.6493
1482536694.316080,5682.5631
1482536695.326138,5592.3163
1482536696.336196,5625.2350
1482536697.350254,5689.3459
1482536698.262306,5735.1595
1482536699.273364,5887.4205
1482536700.285422,5865.1114
1482536701.297479,5884.4828
1482536702.307537,5982.4369
1482536703.321595,5844.9174
1482536704.332653,5845.2428
1482536705.344711,5815.4957
1482536706.356769,5773.0335
1482536707.265821,5725.5924
1482536708.274879,5883.0015
1482536709.286936,5900.8614
1482536710.311995,5890.2683
1482536711.321053,5894.3697
1482536712.330111,5900.3267
1482536713.340168,5900.6357
1482536714.362227,5793.6445
1482536715.271279,5775.1918
1482536716.279336,5551.0949
1482536717.291394,5453.8010
1482536718.301452,5486.8808
1482536719.313510,5517.1345
1482536720.322568,5516.5761
1482536721.330625,5516.1251
1482536722.340683,5513.6614
1482536723.352741,5535.5643
1482536724.362799,5494.4065
1482536725.271851,5446.1940
1482536726.279908,5442.8766
1482536727.287966,5296.6630
1482536728.298024,5272.9334
1482536729.309082,5269.0634
1482536730.325140,5259.4594
1482536731.336198,5239.9364
1482536732.347255,5265.7091
1482536733.356313,5290.8591
1482536734.265365,5249.5881
1482536735.275423,5474.1264
1482536736.285481,5525.2160
1482536737.311539,5619.1433
1482536738.323597,5849.4139
1482536739.337655,5846.7049
1482536740.347713,6334.6891
1482536741.359771,6329.4953
1482536742.272823,6592.8379
1482536743.283881,6581.1029
1482536744.294939,6561.4935
1482536745.306997,6575.8398
1482536746.318055,6567.4736
1482536747.332113,6565.5236
1482536748.344170,6706.2888
1482536749.357228,6729.2055
1482536750.268280,6939.9934
1482536751.276338,6980.7122
1482536752.288396,7002.0292
1482536753.300454,7486.7801
1482536754.309512,7592.8779
1482536755.319569,7022.1913
1482536756.327627,7105.3406
1482536757.337685,7306.7416
1482536758.347743,7439.6084
1482536759.357800,8223.4034
1482536760.267852,8384.6894
1482536761.287911,8167.9168
1482536762.299969,8289.5194
1482536763.309026,8238.3562
1482536764.317084,7835.5323
1482536765.327142,7750.1204
1482536766.340200,7488.6067
1482536767.351258,7693.0311
1482536768.362315,7608.2240
1482536769.274368,7598.0823
1482536770.285425,7597.5147
1482536771.294483,7644.0163
1482536772.307541,7431.0290
1482536773.318599,7425.5518
1482536774.326657,7581.3918
1482536775.343715,7667.3282
1482536776.352772,7669.3201
1482536777.283826,7514.7130
1482536778.292883,7456.1052
1482536779.301941,7452.1967
1482536780.309999,7501.8974
1482536781.321057,7421.0130
1482536782.331114,7294.4572
1482536783.339172,7292.4895
1482536784.348230,7409.1040
1482536785.356287,7193.5805
1482536786.364345,7187.9277
1482536787.273397,7202.6114
1482536788.281455,7206.8219
1482536789.290512,7195.6540
1482536790.298570,6997.6814
1482536791.310628,7124.7412
1482536792.322686,7123.4052
1482536793.329743,6570.0857
1482536794.341801,6448.4873
1482536795.353859,6453.4327
1482536796.364917,6604.6996
1482536797.277969,6574.2986
1482536798.288027,6768.2225
1482536799.302085,6768.5067
1482536800.344145,6777.8638
1482536801.356203,6705.3993
1482536802.367260,6680.2829
1482536803.278312,6726.2872
1482536804.289370,6656.0807
1482536805.302428,6643.0170
1482536806.334487,6640.8610
1482536807.348545,6334.7435
1482536808.268598,6307.4733
1482536809.276656,6284.1399
1482536810.287713,6221.1490
1482536811.295771,6302.4633
1482536812.305829,6242.5002
1482536813.319887,6258.3947
1482536814.330945,6359.9070
1482536815.342002,6402.4767
1482536816.349060,6280.3652
1482536817.359118,6278.2322
1482536818.270170,6249.7028
1482536819.281228,6195.8819
1482536820.294286,5761.5745
1482536821.306344,5650.5555
1482536822.317401,5626.5493
1482536823.330459,5612.9105
1482536824.340517,5592.8782
1482536825.354575,5588.2447
1482536826.284628,5536.5542
1482536827.295686,5425.0301
1482536828.307744,5335.2162
1482536829.317802,5179.9678
1482536830.328860,5160.6660
1482536831.339917,5259.8134
1482536832.351975,5052.3157
1482536833.369034,5081.5308
1482536834.280086,5089.5515
1482536835.292144,4961.4255
1482536836.303201,4959.3416
1482536837.313259,5034.3644
1482536838.325317,5063.5739
1482536839.341375,5086.5780
1482536840.355433,5062.3496
1482536841.272486,5226.0541
1482536842.284543,5068.2765
1482536843.300602,5052.2667
1482536844.317660,5071.4811
1482536845.332718,5074.4175
1482536846.344776,5070.5840
1482536847.272829,5153.5447
1482536848.282887,5074.2838
1482536849.293944,4925.4379
1482536850.306002,4889.9255
1482536851.317060,4988.4973
1482536852.327118,4919.3799
1482536853.338176,4923.1828
1482536854.348233,4860.1057
1482536855.361291,4981.0223
1482536856.273344,4906.4240
1482536857.284401,4755.5890
1482536858.293459,4764.9364
1482536859.302517,4766.8796
1482536860.313575,4674.7898
1482536861.323632,4574.5544
1482536862.351691,4571.7001
1482536863.361749,4368.8023
1482536864.271801,4341.6448
1482536865.286859,4265.6599
1482536866.295917,4250.1665
1482536867.304975,4388.3556
1482536868.315032,4449.3613
1482536869.328090,4304.5105
1482536870.336148,4299.9942
1482536871.345206,4258.4821
1482536872.356263,4266.7917
1482536873.372322,4298.3036
1482536874.281374,4297.4361
1482536875.296432,4290.7495
1482536876.310490,4295.9072
1482536877.336548,4280.0125
1482536878.347606,4305.9746
1482536879.356664,4302.6287
1482536880.369722,4282.5978
1482536881.287774,4309.6332
1482536882.297832,4348.2025
1482536883.309890,4273.8891
1482536884.325948,4325.4578
1482536885.335006,4330.2307
1482536886.342063,4329.2093
1482536887.352121,4316.5519
1482536888.363179,4160.7779
1482536889.371237,4112.4107
1482536890.287289,4083.7698
1482536891.296347,4144.6422
1482536892.303404,4152.0573
1482536893.311462,4153.8411
1482536894.320520,4119.7024
1482536895.352579,4093.1074
1482536896.363637,4109.8876
1482536897.274689,4088.2217
1482536898.283746,4057.6313
1482536899.292804,4056.3517
1482536900.304862,3870.0827
1482536901.315920,3871.4347
1482536902.324978,3863.5553
1482536903.335035,3868.8897
1482536904.345093,3710.7081
1482536905.355151,3743.7329
1482536906.367209,3694.6349
1482536907.274261,3693.4028
1482536908.283318,3588.9149
1482536909.291376,3618.7212
1482536910.307434,3622.8519
1482536911.315492,3661.8122
1482536912.324550,3706.3180
1482536913.333607,3703.4749
1482536914.352666,3703.8434
1482536915.369724,3700.6639
1482536916.290776,3713.7151
1482536917.311835,3704.6513
1482536918.330893,3658.8701
1482536919.352952,3855.0582
1482536920.372010,3811.3603
1482536921.293063,3814.3820
1482536922.302120,3920.3232
1482536923.310178,3939.4341
1482536924.320236,3774.6530
1482536925.328293,3824.9925
1482536926.335351,3875.4872
1482536927.342409,3895.8486
1482536928.355466,3958.9068
1482536929.374525,3862.4310
1482536930.293577,3820.9741
1482536931.312636,3813.1035
1482536932.330694,3832.2994
1482536933.353752,3892.4779
1482536934.362810,3920.6063
1482536935.370868,3906.3055
1482536936.278920,3859.4686
1482536937.287977,3880.4856
1482536938.298035,3907.8733
1482536939.308093,3895.4156
1482536940.318151,3932.0406
1482536941.326208,3981.9442
1482536942.333266,3979.2770
1482536943.350324,3899.2212
1482536944.359382,3901.7885
1482536945.367439,3860.0580
1482536946.276491,3852.7506
1482536947.290549,3971.2275
1482536948.304607,3946.4937
1482536949.317665,4008.7371
1482536950.336724,3998.9751
1482536951.347782,3949.7060
1482536952.361840,4281.9841
1482536953.292893,4233.7447
1482536954.303951,4197.4635
1482536955.317009,4346.2594
1482536956.325066,4536.4958
1482536957.331124,4787.6341
1482536958.341182,4785.6870
1482536959.351239,4788.7931
1482536960.360297,4818.7272
1482536961.370355,4805.8990
1482536962.279407,4867.1783
1482536963.289465,4883.0814
1482536964.299522,4874.0494
1482536965.309580,4877.6871
1482536966.319638,4891.9291
1482536967.330696,4615.4412
1482536968.339753,4606.4510
1482536969.349811,4631.4312
1482536970.359869,4587.7453
1482536971.372927,4708.3625
1482536972.284979,4707.0914
1482536973.298037,4664.4306
1482536974.312095,4669.3066
1482536975.325153,4663.7435
1482536976.340211,4670.6536
1482536977.368270,4635.1597
1482536978.280322,4710.6476
1482536979.291380,4797.4247
1482536980.302438,4778.4294
1482536981.316496,4782.5900
1482536982.331554,4825.0310
1482536983.353612,4837.1288
1482536984.377671,4784.6010
1482536985.301724,4724.8142
1482536986.322782,4742.6321
1482536987.342840,4756.5940
1482536988.356898,4728.1846
1482536989.372956,4702.2148
1482536990.287009,4677.3483
1482536991.300067,4637.4748
1482536992.315125,4573.2604
1482536993.331183,4560.5791
1482536994.343241,4505.9015
1482536995.356299,4315.3888
1482536996.371357,4254.7815
1482536997.286409,4240.2947
1482536998.296467,4254.7170
1482536999.309525,4239.9233
1482537000.358585,4185.3030
1482537001.380643,4231.3354
1482537002.312697,4224.7673
1482537003.336755,4283.9246
1482537004.360814,4297.6298
1482537005.291867,4141.3560
1482537006.310925,4117.1898
1482537007.328983,4121.1936
1482537008.337041,4752.5878
1482537009.346099,4787.6046
1482537010.364157,4691.5295
1482537011.379215,4700.2925
1482537012.289267,4899.2985
1482537013.297325,4751.7246
1482537014.307383,4753.9362
1482537015.316440,4771.1288
1482537016.326498,4765.8887
1482537017.337556,4780.0886
1482537018.347614,4813.6475
1482537019.360672,4764.7927
1482537020.370729,4703.9865
1482537021.378787,4741.7620
1482537022.300840,4743.2846
1482537023.311898,4765.6572
1482537024.360958,4748.3874
1482537025.371015,4813.6046
1482537026.385073,4845.9952
1482537027.303126,4984.4760
1482537028.316184,4911.2590
1482537029.328242,4921.3980
1482537030.338300,4935.1991
1482537031.350357,4848.9689
1482537032.361415,4852.0647
1482537033.370473,4704.8583
1482537034.384531,4574.6221
1482537035.298583,4556.6963
1482537036.312641,4550.1888
1482537037.323699,4487.8499
1482537038.338757,4488.3812
1482537039.349815,4378.6003
1482537040.370873,4321.4688
1482537041.382931,4276.5193
1482537042.310984,4274.4749
1482537043.324042,4319.1448
1482537044.335100,4318.9173
1482537045.348158,4333.2633
1482537046.363216,4379.9276
1482537047.375274,4386.6481
1482537048.386332,4500.6542
1482537049.300384,4481.8842
1482537050.312442,4430.2165
1482537051.324500,4508.5676
1482537052.336558,4504.7487
1482537053.348616,4220.4963
1482537054.383675,4217.3831
1482537055.295727,4129.8279
1482537056.305785,4116.8358
1482537057.317843,4113.7322
1482537058.327900,4096.5781
1482537059.338958,4077.2350
1482537060.350016,4078.7717
1482537061.364074,4020.7937
1482537062.377132,4018.3479
1482537063.292184,4049.2693
1482537064.301242,4110.9676
1482537065.319300,4000.7605
1482537066.366360,4031.2045
1482537067.378418,3950.0512
1482537068.389476,3936.7032
1482537069.301528,3972.5217
1482537070.313586,3977.2127
1482537071.325644,3990.7955
1482537072.335702,3976.7855
1482537073.349760,3975.9206
1482537074.359817,4009.3228
1482537075.373875,4010.5839
1482537076.386933,4041.3577
1482537077.297985,4132.0605
1482537078.309043,4115.1133
1482537079.321101,4120.3564
1482537080.336159,4067.8803
1482537081.350217,4078.6387
1482537082.373276,4101.3409
1482537083.389334,4115.8360
1482537084.311387,4099.2157
1482537085.329445,4053.2494
1482537086.338503,3886.1949
1482537087.359561,3867.7891
1482537088.374619,3915.5572
1482537089.387677,3896.2588
1482537090.300729,3977.5597
1482537091.315787,4009.7810
1482537092.329845,4009.3670
1482537093.356904,4060.2049
1482537094.369962,4101.5055
1482537095.386020,4105.3217
1482537096.299072,4114.1968
1482537097.313130,4089.3700
1482537098.332189,4032.2020
1482537099.345247,4345.3061
1482537100.373305,4344.1870
1482537101.386363,4343.6059
1482537102.301416,4430.7081
1482537103.315474,4431.5467
1482537104.330532,4501.6995
1482537105.341589,4311.9767
1482537106.351647,4372.0194
1482537107.365705,4445.8604
1482537108.307759,4428.1133
1482537109.319817,4399.9010
1482537110.328875,4373.0159
1482537111.342933,4345.6225
1482537112.355991,4385.6210
1482537113.369049,4668.4615
1482537114.381107,4697.0884
1482537115.299159,4697.1058
1482537116.311217,4620.3485
1482537117.323275,4559.7431
1482537118.339333,4558.1688
1482537119.353391,4522.8840
1482537120.366449,4276.7213
1482537121.378507,4286.2209
1482537122.393565,4279.2397
1482537123.305617,4365.1618
1482537124.319675,4332.9471
1482537125.331733,4248.1778
1482537126.344791,4199.0785
1482537127.357849,4197.9243
1482537128.371907,4162.3046
1482537129.385965,3619.2141
1482537130.300017,3621.0944
1482537131.313075,3468.2573
1482537132.326133,3476.6013
1482537133.336191,3565.1700
1482537134.349249,3557.2711
1482537135.364307,3547.5405
1482537136.378365,3509.4749
1482537137.294417,3537.2751
1482537138.303475,3530.8880
1482537139.332534,3413.6660
1482537140.344592,3459.6445
1482537141.356649,3453.3598
1482537142.369707,3459.1174
1482537143.380765,3402.1007
1482537144.309818,3312.5369
1482537145.326877,3308.3846
1482537146.338934,3313.1890
1482537147.354993,3347.2245
1482537148.365050,3459.8280
1482537149.373108,3498.3324
1482537150.382166,3475.2215
1482537151.391223,3496.9472
1482537152.299275,3487.2936
1482537153.310333,3474.6070
1482537154.319391,3439.8250
1482537155.330449,3458.0900
1482537156.340506,3441.3775
1482537157.350564,3448.7795
1482537158.358622,3488.5417
1482537159.370680,3533.9634
1482537160.380738,3625.3966
1482537161.324792,3801.3639
1482537162.336849,3795.6718
1482537163.345907,3888.9869
1482537164.356965,3952.0769
1482537165.368023,4082.1953
1482537166.379081,4045.7277
1482537167.393139,3996.5963
1482537168.307191,4014.2251
1482537169.316249,4015.2254
1482537170.328307,3984.2531
1482537171.338364,3997.2151
1482537172.349422,3929.3480
1482537173.360480,3919.1503
1482537174.370538,3992.4435
1482537175.300591,4088.5464
1482537176.310649,4009.5441
1482537177.318706,4017.5515
1482537178.333764,4053.3093
1482537179.345822,3899.2692
1482537180.355880,3895.9024
1482537181.365938,3722.8608
1482537182.375996,3755.3750
1482537183.387053,3749.6034
1482537184.397111,3805.6704
1482537185.305163,3827.0105
1482537186.318221,3827.0194
1482537187.331279,3829.4343
1482537188.340337,3892.9252
1482537189.350395,3936.1009
1482537190.376453,3930.3706
1482537191.389511,4051.5973
1482537192.399569,4064.5706
1482537193.309621,3846.9363
1482537194.319679,3825.8869
1482537195.332737,3841.3285
1482537196.346795,3713.1888
1482537197.355852,3590.1796
1482537198.364910,3603.1206
1482537199.374968,3600.6431
1482537200.390026,3601.2690
1482537201.399084,3606.7765
1482537202.307136,3612.0088
1482537203.316193,3581.9787
1482537204.326251,3617.2881
1482537205.335309,3561.7479
1482537206.357367,3601.6042
1482537207.366425,3602.3840
1482537208.396484,3599.9355
1482537209.304536,3673.4845
1482537210.321594,3534.6623
1482537211.335652,3721.1743
1482537212.344710,3781.3059
1482537213.355768,3745.6246
1482537214.364825,4020.3305
1482537215.373883,3980.7785
1482537216.384941,3952.0678
1482537217.397999,3986.4694
1482537218.307051,3971.9772
1482537219.315108,3962.7479
1482537220.325166,3953.4167
1482537221.338224,3943.3658
1482537222.348282,3907.1111
1482537223.361340,3970.7987
1482537224.374398,4016.4001
1482537225.311451,4022.0712
1482537226.321509,4075.9387
1482537227.333567,4050.9212
1482537228.345625,4025.4933
1482537229.355683,4086.5246
1482537230.364740,4131.9627
1482537231.374798,4158.9835
1482537232.384856,4159.5826
1482537233.399914,4153.2077
1482537234.312966,4176.6003
1482537235.328024,4169.8761
1482537236.349083,4298.8152
1482537237.394142,4157.8787
1482537238.315195,4154.9309
1482537239.338254,4163.8913
1482537240.356312,4225.3912
1482537241.378370,4269.1255
1482537242.395429,4270.0184
1482537243.325482,4284.4606
1482537244.335539,4288.0541
1482537245.346597,4345.5920
1482537246.356655,4195.3004
1482537247.365713,4151.4704
1482537248.375771,4143.6063
1482537249.383828,4165.2289
1482537250.393886,4165.7169
1482537251.400944,4171.5090
1482537252.313996,4162.2784
1482537253.320053,4145.4244
1482537254.327111,4099.8951
1482537255.350169,4120.6332
1482537256.356227,4208.8677
1482537257.368285,4223.7359
1482537258.376343,4243.6229
1482537259.385400,4251.0157
1482537260.395458,4241.4760
1482537261.404516,4144.0341
1482537262.314568,4122.1667
1482537263.322625,4138.3299
1482537264.329683,4157.7178
1482537265.338741,4060.4121
1482537266.348799,4186.9910
1482537267.356856,4106.0712
1482537268.365914,4115.8072
1482537269.374972,4118.8736
1482537270.383029,4117.1182
1482537271.396087,4097.5498
1482537272.409145,4057.3863
1482537273.319197,4130.2199
1482537274.328255,3895.7378
1482537275.342313,3869.1969
1482537276.353371,3807.1474
1482537277.376429,3756.1569
1482537278.390487,3751.3635
1482537279.401545,3759.0028
1482537280.319598,3686.8654
1482537281.333656,3684.0901
1482537282.345714,3635.9275
1482537283.356771,3645.9869
1482537284.367829,3551.6455
1482537285.384887,3532.5773
1482537286.394945,3535.1839
1482537287.407003,3485.9381
1482537288.319055,3495.4559
1482537289.333113,3507.1806
1482537290.347171,3509.2798
1482537291.358229,3466.2731
1482537292.370287,3504.9932
1482537293.404346,3457.6139
1482537294.316398,3483.1953
1482537295.328456,3663.7733
1482537296.339514,3657.6602
1482537297.355572,3745.1884
1482537298.374630,3730.6233
1482537299.386688,3789.0467
1482537300.398746,3754.5943
1482537301.409804,3765.4375
1482537302.323856,3821.4179
1482537303.345915,3809.0429
1482537304.366973,3835.6443
1482537305.393032,3844.7254
1482537306.314084,3795.3221
1482537307.336143,3793.4269
1482537308.357201,3843.5832
1482537309.386260,3665.1420
1482537310.408319,3502.9774
1482537311.333372,3583.1654
1482537312.353430,3512.1130
1482537313.372488,3509.2434
1482537314.331543,3477.5092
1482537315.352601,3445.5059
1482537316.375660,3446.8685
1482537317.406719,3440.2513
1482537318.328772,3416.4345
1482537319.337829,3434.5975
1482537320.348887,3410.9447
1482537321.360945,3385.3448
1482537322.370003,3508.3225
1482537323.396061,3428.1184
1482537324.406119,3432.1115
1482537325.317171,3369.9272
1482537326.329229,3402.1409
1482537327.341287,3215.3926
1482537328.356345,3119.7870
1482537329.365403,3098.9500
1482537330.378461,3063.3041
1482537331.389519,3127.4080
1482537332.402577,3142.4095
1482537333.317629,2941.0307
1482537334.324687,3004.8302
1482537335.336744,3057.0178
1482537336.359803,3069.3309
1482537337.370861,3165.6060
1482537338.385919,3150.0597
1482537339.397977,3084.3603
1482537340.409035,3028.5891
1482537341.318087,3015.5744
1482537342.332145,3017.6507
1482537343.344202,3045.9548
1482537344.355260,3050.7539
1482537345.365318,3050.2678
1482537346.379376,3044.1135
1482537347.391434,3032.8078
1482537348.407492,3079.0536
1482537349.320544,3148.2701
1482537350.333602,3232.9766
1482537351.345660,3224.0636
1482537352.359718,3064.5933
1482537353.371776,2955.6486
1482537354.385834,2870.3058
1482537355.397892,2870.1537
1482537356.410950,2855.3789
1482537357.325002,2843.5416
1482537358.334060,2820.7786
1482537359.343118,2818.9451
1482537360.363176,2725.5818
1482537361.382234,2710.7705
1482537362.410293,2695.7832
1482537363.330346,2704.7193
1482537364.350404,2666.7306
1482537365.372462,2773.7315
1482537505.775493,2796.2729
1482537506.698546,2756.2376
1482537507.718604,2756.1629
1482537508.728662,2760.0282
1482537509.753721,2843.2138
1482537510.775779,2839.8021
1482537511.702832,2847.5554
1482537512.724890,2841.5458
1482537513.745949,2873.0606
1482537514.769007,2800.0243
1482537515.690060,2802.3534
1482537516.712119,2873.2526
1482537517.736177,2825.6959
1482537518.764236,2865.4621
1482537519.688289,2836.9630
1482537520.708347,2811.9369
1482537521.723405,2824.7682
1482537522.736463,2846.1898
1482537523.743521,2817.2880
1482537524.764579,2834.7351
1482537525.678631,2859.2481
1482537526.690689,2855.3221
1482537527.699747,2831.8803
1482537528.759808,2780.5349
1482537529.771866,2780.0320
1482537530.684918,2718.9973
1482537531.697976,2596.0964
1482537532.710034,2593.4023
1482537533.770094,2559.8780
1482537534.678146,2564.2284
1482537535.689204,2579.9875
1482537536.698262,2478.8967
1482537537.722320,2502.4581
1482537538.747379,2466.4197
1482537539.775438,2462.1796
1482537540.701491,2456.9791
1482537541.723549,2503.3204
1482537542.736607,2497.4997
1482537543.751665,2474.3314
1482537544.760723,2453.5168
1482537545.771781,2547.3879
1482537546.678833,2567.9075
1482537547.690890,2593.5016
1482537548.698948,2588.3489
1482537549.717006,2541.7479
1482537550.729064,2563.1955
1482537551.740122,2611.9770
1482537552.756180,2531.6091
1482537553.690234,2601.3033
1482537554.699291,2462.5232
1482537555.710349,2540.1332
1482537556.718407,2525.6014
1482537557.727464,2492.2647
1482537558.740522,2696.5822
1482537559.754580,2729.5325
1482537560.681633,2638.5047
1482537561.688691,2598.2459
1482537562.699749,2511.2916
1482537563.707807,2512.4412
1482537564.716864,2583.5909
1482537565.731922,2579.5346
1482537566.745980,2575.2372
1482537567.759038,2633.8882
1482537568.776096,2559.9906
1482537569.682148,2580.4428
1482537570.691206,2555.8062
1482537571.705264,2578.7893
1482537572.712322,2580.2070
1482537573.721379,2563.6313
1482537574.738437,2553.7869
1482537575.744495,2567.7047
1482537576.762553,2501.7368
1482537577.770611,2504.4626
1482537578.777668,2496.1974
1482537579.689721,2437.4810
1482537580.696778,2501.0464
1482537581.704836,2551.7090
1482537582.712894,2624.6370
1482537583.720951,2623.6363
1482537584.732009,2671.9879
1482537585.742067,2650.5005
1482537586.751125,2624.9456
1482537587.685178,2676.1404
1482537588.692236,2515.8780
1482537589.699293,2483.9834
1482537590.706351,2472.9812
1482537591.713408,2474.1954
1482537592.719466,2367.9333
1482537593.726524,2331.1564
1482537594.734581,2297.4481
1482537595.741639,2299.5277
1482537596.751697,2298.8304
1482537597.760754,2326.0714
1482537598.693808,2331.2069
1482537599.704865,2334.8590
1482537600.715923,2460.7565
1482537601.729981,2447.2501
1482537602.738039,2454.9326
1482537603.757097,2451.4714
1482537604.766155,2454.3014
1482537605.687208,2415.9329
1482537606.709266,2427.6169
1482537607.731325,2379.9350
1482537608.752383,2431.5450
1482537609.773441,2447.7092
1482537610.695494,2469.7803
1482537611.710552,2471.4817
1482537612.730610,2497.8574
1482537613.752669,2536.5572
1482537614.772727,2551.7384
1482537615.694780,2571.9669
1482537616.707838,2656.2645
1482537617.727896,2691.3995
1482537618.749955,2708.3298
1482537619.764013,2720.8077
1482537620.688066,2723.7846
1482537621.710124,2708.0527
1482537622.731182,2714.7827
1482537623.754241,2733.2432
1482537624.773299,2732.9565
1482537625.693352,2740.5369
1482537626.706410,2722.7300
1482537627.726468,2730.2017
1482537628.751527,2752.9265
1482537629.771585,2750.6956
1482537630.695638,2796.4259
1482537631.715696,2796.1061
1482537632.735755,2812.5321
1482537633.763814,2814.5956
1482537634.691867,2811.3295
1482537635.712925,2821.0938
1482537636.733983,2863.9878
1482537637.758042,3020.7548
1482537638.778100,3041.4372
1482537639.702153,3088.2336
1482537640.722212,3097.9148
1482537641.743270,3160.1528
1482537642.766328,3162.3864
1482537643.686381,3141.7674
1482537644.705439,3092.3204
1482537645.724498,3223.7785
1482537646.747556,3088.5257
1482537647.768615,3051.1487
1482537648.692667,3050.4931
1482537649.708726,3017.0034
1482537650.726784,2949.1100
1482537651.707840,2864.1103
1482537652.727898,2869.9308
1482537653.749957,2862.5227
1482537654.773015,2787.0786
1482537655.693068,2726.2489
1482537656.714126,2707.8574
1482537657.734185,2785.3268
1482537658.757243,2939.8523
1482537659.785302,3112.4581
1482537660.704354,3102.9722
1482537661.748414,3091.0362
1482537662.770473,3083.0149
1482537663.693525,3078.7985
1482537664.716584,3068.2720
1482537665.735642,3108.1397
1482537666.756701,3109.6239
1482537667.775759,3126.7877
1482537668.717813,3105.9142
1482537669.726870,2989.8204
1482537670.734928,2979.9342
1482537671.743986,3013.9197
1482537672.752044,3017.7710
1482537673.759101,3015.3123
1482537674.770159,3116.6436
1482537675.779217,3112.3263
1482537676.687269,3119.7964
1482537677.699326,3071.0260
1482537678.710384,3093.3319
1482537679.735443,3058.7160
1482537680.741500,3028.8109
1482537681.748558,3067.3007
1482537682.759616,2995.8762
1482537683.768674,2956.2886
1482537684.814733,2950.4516
1482537685.723785,2949.3961
1482537686.729843,2743.2789
1482537687.736901,2731.5777
1482537688.767960,2730.5883
1482537689.775017,2671.4260
1482537690.781075,2725.0434
1482537691.788132,2760.4905
1482537692.697184,2797.5221
1482537693.704242,2770.9316
1482537694.719300,2796.9537
1482537695.727358,2779.9064
1482537696.734415,2743.9528
1482537697.742473,2728.2760
1482537698.754531,2777.2522
1482537699.776589,2776.8217
1482537700.795648,2678.4508
1482537701.704700,2722.9126
1482537702.726758,2745.0206
1482537703.753817,2735.5613
1482537704.772875,2731.8234
1482537705.795934,2731.8958
1482537706.727987,2729.7441
1482537707.747045,2758.4156
1482537708.755103,2789.1111
1482537709.784162,2786.8336
1482537710.791219,2744.7599
1482537711.700271,2729.2821
1482537712.709329,2731.9072
1482537713.719387,2699.6513
1482537714.728444,2797.6709
1482537715.759503,2715.1547
1482537716.767561,2724.0882
1482537717.773619,2790.3044
1482537718.779676,2818.9457
1482537719.786734,2815.8244
1482537720.796792,2844.5933
1482537721.705844,2969.1215
1482537722.712901,2925.4340
1482537723.719959,3044.4986
1482537724.727016,3056.8325
1482537725.738074,3051.8310
1482537726.744132,3073.8427
1482537727.752189,3060.5772
1482537728.772248,3104.5690
1482537729.792306,3077.8406
1482537730.715359,3063.6151
1482537731.734417,3035.0951
1482537732.754475,3045.2910
1482537733.778534,3010.3754
1482537734.797592,3006.9963
1482537735.706644,3010.4397
1482537736.713702,3041.3994
1482537737.750761,3051.5846
1482537738.761819,3078.4835
1482537739.772877,3112.2202
1482537740.782935,3111.7990
1482537741.793992,3143.4419
1482537742.716045,3139.5499
1482537743.727103,2909.9926
1482537744.739161,2870.6437
1482537745.753219,2873.6755
1482537746.762277,2895.1931
1482537747.774335,2917.6083
1482537748.784392,2962.5200
1482537749.794450,3014.3885
1482537750.702502,3014.7994
1482537751.711560,2938.4945
1482537752.720617,2957.6000
1482537753.727675,3016.0661
1482537754.736733,3016.6564
1482537755.745790,3025.8868
1482537756.755848,3093.5460
1482537757.786907,3073.6255
1482537758.796965,2949.5516
1482537759.714017,2948.3177
1482537760.723075,2949.2967
1482537761.736133,2933.6223
1482537762.778193,2935.0611
1482537763.787250,2957.0485
1482537764.798308,2933.3313
1482537765.706360,3153.9482
1482537766.715418,3088.4298
1482537767.724476,3074.4160
1482537768.732533,3077.5982
1482537769.741591,3089.6678
1482537770.749649,3103.9722
1482537771.759706,2904.9139
1482537772.782765,2882.6447
1482537773.791823,2828.9676
1482537774.727876,2822.4447
1482537775.737934,2834.0831
1482537776.745992,2833.2898
1482537777.755049,2805.0962
1482537778.763107,2797.3340
1482537779.781165,2786.5150
1482537780.790223,2726.8151
1482537781.799281,2741.1608
1482537782.717333,2733.7025
1482537783.731391,2746.4774
1482537784.751450,2781.9798
1482537785.776508,2785.0791
1482537786.796566,2826.2755
1482537787.720619,2825.5562
1482537788.740678,2844.9531
1482537789.760736,2840.7434
1482537790.783795,2842.8252
1482537791.702847,2832.4500
1482537792.710905,2829.2884
1482537793.719962,2621.9764
1482537794.729020,2638.7029
1482537795.739078,2626.1534
1482537796.748136,2627.8779
1482537797.757193,2615.3793
1482537798.766251,2666.5007
1482537799.778309,2822.0563
1482537800.787367,2820.6047
1482537801.799425,2833.1770
1482537802.708477,2714.4810
1482537803.722535,2789.0422
1482537804.731592,2782.7536
1482537805.742650,2780.9790
1482537806.760708,2806.0514
1482537807.779767,2814.4480
1482537808.789824,2813.8907
1482537809.799882,2808.4356
1482537810.713934,2834.4835
1482537811.724992,2773.6265
1482537812.731050,2761.1038
1482537813.740108,2745.6132
1482537814.748165,2674.9495
1482537815.768224,2693.3121
1482537816.796282,2768.4196
1482537817.715335,2763.2830
1482537818.733393,2745.4603
1482537819.755452,2740.2365
1482537820.776510,2848.3910
1482537821.793568,2827.0961
1482537822.714621,2825.0281
1482537823.733679,2802.7761
1482537824.753738,2839.3572
1482537825.777796,2843.8999
1482537826.797854,2883.9410
1482537827.716907,2906.2677
1482537828.738965,2959.0195
1482537829.759024,2996.0114
1482537830.772082,3037.2060
1482537831.781139,3068.5656
1482537832.789197,3016.6562
1482537833.801255,2882.7131
1482537834.711307,2879.1565
1482537835.721365,2866.9002
1482537836.731423,2869.8151
1482537837.737480,2872.0581
1482537838.744538,2873.6954
1482537839.762596,2905.1706
1482537840.769654,2942.2941
1482537841.776711,2940.3625
1482537842.784769,2926.5364
1482537843.792826,2949.0613
1482537844.799884,2952.0369
1482537845.710936,2960.6728
1482537846.721994,2875.1754
1482537847.730052,2875.6705
1482537848.741110,2858.8365
1482537849.754167,2901.4716
1482537850.765225,2945.1472
1482537851.791284,2953.3025
1482537852.713337,2945.6361
1482537853.734395,2925.4625
1482537854.752453,2980.9250
1482537855.766511,2967.5262
1482537856.774569,2973.9734
1482537857.784627,2939.1576
1482537858.708680,2861.8056
1482537859.719737,2898.6404
1482537860.728795,2901.5450
1482537861.740853,2896.4173
1482537862.750911,2861.0749
1482537863.764969,2863.6315
1482537864.772026,2857.1447
1482537865.787084,2857.3142
1482537866.710137,2856.8613
1482537867.723195,2862.9074
1482537868.743254,2899.4805
1482537869.764312,2841.7662
1482537870.783370,2872.6694
1482537871.806429,2868.4426
1482537872.726481,2734.2395
1482537873.745540,2718.3489
1482537874.753597,2689.4964
1482537875.763655,2683.3443
1482537876.771713,2671.8740
1482537877.778770,2673.2449
1482537878.789828,2668.5793
1482537879.797886,2674.9760
1482537880.803943,2678.8971
1482537881.728996,2680.6343
1482537882.738054,2692.0327
1482537883.749112,2624.6007
1482537884.760170,2664.5128
1482537885.780228,2596.7001
1482537886.801286,2604.3437
1482537887.720339,2628.3442
1482537888.742397,2956.6117
1482537889.763456,3023.2624
1482537890.783514,3001.5357
1482537891.803573,2996.6205
1482537892.725625,2988.0848
1482537893.745684,2978.4948
1482537894.764742,2958.7324
1482537895.773800,2962.0411
1482537896.779857,2938.4524
1482537897.785915,2970.9482
1482537898.791972,2968.4447
1482537899.798030,3061.4579
1482537900.804087,3013.6832
1482537901.711139,2989.1254
1482537902.722197,3022.2862
1482537903.733255,2969.7792
1482537904.757313,2970.4051
1482537905.777372,2970.5577
1482537906.800430,2971.3464
1482537907.721483,2960.6474
1482537908.742541,2960.6596
1482537909.762600,2981.9489
1482537910.786658,2959.0853
1482537911.806717,2967.5628
1482537912.729769,2923.9783
1482537913.748828,2923.0606
1482537914.768886,2793.6978
1482537915.799945,2806.7045
1482537916.719998,2672.5902
1482537917.730055,2668.4661
1482537918.750114,2672.1463
1482537919.762172,2711.6579
1482537920.773230,2663.9156
1482537921.794288,2665.5183
1482537922.718341,2606.0203
1482537923.739399,2505.7711
1482537924.761458,2504.4909
1482537925.784516,2505.7682
1482537926.806575,2535.2258
1482537927.735628,2529.9751
1482537928.754686,2673.0225
1482537929.774744,2654.9992
1482537930.799803,2623.9314
1482537931.719856,2633.4578
1482537932.742914,2639.7935
1482537933.762972,2643.6862
1482537934.784031,2608.1562
1482537935.804089,2588.9356
1482537936.724142,2587.5115
1482537937.744200,2582.7352
1482537938.764259,2600.1858
1482537939.786317,2523.9965
1482537940.807375,2574.7563
1482537941.741429,2611.4003
1482537942.761487,2733.2584
1482537943.783546,2750.6787
1482537944.805604,2739.3581
1482537945.725657,2628.1324
1482537946.745715,2636.1557
1482537947.764773,2616.9607
1482537948.787832,2661.6495
1482537949.807890,2703.8534
1482537950.732943,2725.6774
1482537951.752001,2711.9219
1482537952.770060,2711.9105
1482537953.792118,2628.7201
1482537954.813176,2674.8386
1482537955.738229,2678.7383
1482537956.759288,2631.8439
1482537957.778346,2635.0184
1482537958.798404,2526.9814
1482537959.718457,2616.3917
1482537960.737515,2560.8945
1482537961.756574,2512.7271
1482537962.780632,2511.1104
1482537963.799690,2513.9605
1482537964.723743,2518.0556
1482537965.742802,2520.6408
1482537966.762860,2524.4876
1482537967.785918,2516.1223
1482537968.807977,2529.1313
1482537969.733030,2523.0237
1482537970.752088,2619.3379
1482537971.771146,2614.6884
1482537972.796205,2668.2020
1482537973.716258,2650.7722
1482537974.726315,2641.9327
1482537975.746374,2613.0420
1482537976.767432,2619.0544
1482537977.787491,2647.9896
1482537978.809549,2678.0144
1482537979.727602,2677.4248
1482537980.748660,2735.8944
1482537981.771718,2684.4901
1482537982.793777,2707.6526
1482537983.814835,2571.7944
1482537984.733888,2566.1712
1482537985.753946,2522.4931
1482537986.786005,2596.7464
1482537987.807064,2599.2168
1482537988.724116,2594.1349
1482537989.734174,2579.6761
1482537990.743232,2593.1702
1482537991.753289,2590.1130
1482537992.766347,2563.8779
1482537993.775405,2592.3635
1482537994.786463,2600.0637
1482537995.795521,2600.6598
1482537996.804578,2609.2160
1482537997.815636,2613.2305
1482537998.723688,2596.4865
1482537999.733746,2664.6282
1482538000.744804,2713.9229
1482538001.801864,2666.9966
1482538002.814922,2682.2651
1482538003.723974,2653.7285
1482538004.737032,2655.7173
1482538005.756090,2649.1610
1482538006.779149,2660.6459
1482538007.796207,2663.0657
1482538008.718260,2652.0323
1482538009.739318,2657.5066
1482538010.759376,2704.9094
1482538011.782435,2655.1807
1482538012.802493,2681.2409
1482538013.721546,2774.8547
1482538014.742604,2839.3272
1482538015.761663,2842.9374
1482538016.782721,2918.4177
1482538017.801779,2914.6239
1482538018.724832,2958.4291
1482538019.745890,2927.7383
1482538020.765949,2938.2149
1482538021.789007,3181.8712
1482538022.807066,3151.1534
1482538023.814123,3177.8816
1482538024.722175,3103.5819
1482538025.731233,3137.7055
1482538026.741291,3126.1675
1482538027.750348,3145.4943
1482538028.760406,3019.3917
1482538029.770464,2981.8401
1482538030.782522,2811.7493
1482538031.793580,2855.3421
1482538032.803637,2830.1413
1482538033.815695,2824.0165
1482538034.727747,2822.8472
1482538035.741805,2832.3815
1482538036.753863,2799.8719
1482538037.764921,2754.0843
1482538038.774979,2755.8984
1482538039.787037,2751.3867
1482538040.798095,2727.8215
1482538041.809152,2728.6640
1482538042.821210,2708.7420
1482538043.747263,2720.2692
1482538044.756321,2679.2424
1482538045.768379,2712.8629
1482538046.777437,2706.7883
1482538047.787494,2704.6118
1482538048.801552,2714.0422
1482538049.808610,2670.4985
1482538050.816668,2660.9765
1482538051.729720,2663.4275
1482538052.737777,2679.8696
1482538053.751835,2688.9150
1482538054.764893,2686.4461
1482538055.774951,2685.8277
1482538056.785009,2683.1268
1482538057.798067,2630.5068
1482538058.813125,2575.0089
1482538059.824183,2539.9553
1482538060.761236,2544.5773
1482538061.782295,2490.2400
1482538062.802353,2494.5864
1482538063.823412,2454.3062
1482538064.744464,2481.6230
1482538065.764523,2521.5480
1482538066.777580,2565.9790
1482538067.789638,2603.4894
1482538068.798696,2581.7339
1482538069.808754,2625.0350
1482538070.815811,2597.7942
1482538071.823869,2644.3192
1482538072.742922,2664.4417
1482538073.752979,2732.7054
1482538074.763037,2670.5990
1482538075.801097,2718.5615
1482538076.809154,2809.9757
1482538077.819212,2750.0957
1482538078.825270,2671.6450
1482538079.735322,2695.5980
1482538080.746379,2701.0971
1482538081.763438,2716.5918
1482538082.784496,2736.1680
1482538083.802554,2705.9399
1482538084.822613,2727.5263
1482538085.744665,2726.0341
1482538086.764724,2667.6977
1482538087.784782,2676.3927
1482538088.816841,2575.0613
1482538089.736894,2555.1427
1482538090.756952,2582.2945
1482538091.777010,2579.4227
1482538092.800069,2530.8219
1482538093.820127,2537.6355
1482538094.743180,2540.2040
1482538095.760238,2530.9180
1482538096.781297,2499.7953
1482538097.804355,2498.3509
1482538098.824413,2493.8346
1482538099.748466,2534.9923
1482538100.767525,2534.7830
1482538101.786583,2612.3915
1482538102.809641,2612.6896
1482538103.728694,2620.4103
1482538104.744752,2619.8702
1482538105.768811,2809.8220
1482538106.787869,2708.5173
1482538107.807927,2766.4702
1482538108.732980,2729.5920
1482538109.755039,2705.3942
1482538110.779097,2727.3019
1482538111.800156,2726.1990
1482538112.821214,2723.4702
1482538113.785269,2709.1527
1482538114.804327,2735.3541
1482538115.821386,2759.1104
1482538116.741438,2722.6567
1482538117.763497,2653.2345
1482538118.784555,2535.1150
1482538119.811614,2538.6978
1482538120.731666,2538.1895
1482538121.752725,2490.6572
1482538122.774783,2486.1653
1482538123.795842,2450.3319
