1482452258.357876,490.7521
1482452259.272928,489.5963
1482452260.305987,488.5632
1482452261.320045,494.6649
1482452262.335103,484.9898
1482452263.349161,467.2179
1482452264.264214,477.3992
1482452265.278272,462.3268
1482452266.292330,468.9633
1482452267.308388,466.9169
1482452268.321446,469.8094
1482452269.341504,473.5473
1482452270.355562,469.4991
1482452271.272614,475.6824
1482452272.289673,477.1394
1482452273.298730,476.5606
1482452274.324789,467.1745
1482452275.341847,465.8114
1482452276.357905,467.6709
1482452277.269957,467.3095
1482452278.285016,461.4181
1482452279.300074,462.8716
1482452280.318132,453.6359
1482452281.331190,455.0828
1482452282.348248,455.8733
1482452283.265300,456.3812
1482452284.280358,473.4694
1482452285.296417,473.2982
1482452286.306474,492.7478
1482452287.321532,496.5330
1482452288.343591,499.2647
1482452289.358649,499.0387
1482452290.275701,472.3920
1482452291.287759,495.4144
1482452292.301817,486.2172
1482452293.339877,486.3992
1482452294.353935,476.5791
1482452295.261987,480.8040
1482452296.276045,469.6017
1482452297.316104,469.7280
1482452298.325162,452.4878
1482452299.340220,429.5055
1482452306.184611,434.3837
1482452307.100664,442.4506
1482452308.117722,439.6342
1482452309.135780,442.0509
1482452310.151838,442.8930
1482452311.166896,444.5441
1482452312.185955,459.8408
1482452313.102007,458.0869
1482452314.116065,457.6932
1482452315.126123,455.6726
1482452316.144181,455.3678
1482452317.164239,457.5534
1482452318.101293,461.2087
1482452319.118351,451.3401
1482452320.135409,442.7688
1482452321.153467,440.9083
1482452322.168526,435.0873
1482452323.176583,438.2480
1482452324.095636,435.8560
1482452325.111694,465.3314
1482452326.129752,464.5597
1482452327.152811,475.4608
1482452328.171869,462.5402
1482452329.090921,460.7029
1482452330.103979,463.2765
1482452331.114037,456.6098
1482452332.122095,454.6759
1482452333.152154,459.6348
1482452334.163212,468.6388
1482452335.178270,452.5634
1482452336.187327,462.0477
1482452337.102380,460.5003
1482452338.119438,454.6068
1482452339.135496,460.4686
1482452340.151554,450.1888
1482452341.168612,449.0170
1482452342.184670,443.8478
1482452343.102723,440.6222
1482452344.118781,435.2125
1482452345.135839,431.6042
1482452346.149897,433.3904
1482452347.167955,438.3732
1482452348.186014,434.6472
1482452349.104066,433.5236
1482452350.124124,436.1334
1482452351.143183,445.3846
1482452352.167241,443.8789
1482452353.112295,449.2224
1482452354.130354,450.8162
1482452355.148412,447.4140
1482452356.176471,454.1576
1482452357.112524,453.9621
1482452358.132583,444.4553
1482452359.181643,446.8976
1482452360.109696,457.7188
1482452361.142755,456.8525
1482452362.161813,457.5469
1482452363.183871,452.4206
1482452364.100924,463.8411
1482452365.108982,461.8891
1482452366.127040,457.2335
1482452367.147098,458.3358
1482452368.166156,461.9391
1482452369.184215,464.0249
1482452370.101267,464.6935
1482452371.119325,464.2755
1482452372.136384,469.2714
1482452373.156442,466.9519
1482452374.173500,469.9811
1482452375.125554,468.9057
1482452376.143613,473.2759
1482452377.161671,482.1640
1482452378.182729,473.2811
1482452379.101782,479.8343
1482452380.120840,480.1607
1482452381.160900,478.9237
1482452382.103954,468.2262
1482452383.122012,467.8692
1482452384.139070,458.6872
1482452385.157128,453.5405
1482452386.175187,506.5284
1482452387.098239,534.6565
1482452388.141299,535.6064
1482452389.163357,535.7526
1482452390.174415,514.8420
1482452391.192473,496.9186
1482452392.114526,499.0930
1482452393.132584,498.6778
1482452394.152643,490.8037
1482452395.170701,492.1404
1482452396.188759,485.7321
1482452397.109812,481.0506
1482452398.129870,480.4466
1482452399.147928,470.3629
1482452400.172987,466.1180
1482452401.192045,471.4392
1482452402.114098,479.5090
1482452403.125156,483.9763
1482452404.136214,483.9622
1482452405.151272,480.3213
1482452406.166330,479.6410
1482452407.177388,476.5827
1482452408.189446,477.6484
1482452409.106498,473.4755
1482452410.125556,476.2558
1482452411.144615,466.2529
1482452412.167673,436.4141
1482452413.186731,450.8143
1482452414.098784,453.3107
1482452415.116842,456.2907
1482452416.134900,455.3123
1482452417.155959,450.1054
1482452418.175017,451.2318
1482452419.193075,454.7557
1482452420.113128,456.0632
1482452421.135186,465.3414
1482452422.153244,474.5646
1482452423.175303,480.6001
1482452424.194361,492.1482
1482452425.117414,506.3729
1482452426.137472,505.6531
1482452427.155530,514.3997
1482452428.173589,515.3059
1482452429.193647,517.4476
1482452430.111700,515.2828
1482452431.129758,514.3883
1482452432.147816,516.1793
1482452433.168874,509.2391
1482452434.187933,509.4038
1482452435.107985,504.6428
1482452436.125043,503.3183
1482452437.143102,503.4041
1482452438.165160,501.2683
1482452439.183218,514.6084
1482452440.105271,514.4264
1482452441.124329,503.4509
1482452442.142388,516.5175
1482452443.162446,515.1478
1482452444.180504,521.1200
1482452445.101557,523.3152
1482452446.119615,520.8554
1482452447.137673,517.8307
1482452448.158732,501.9094
1482452449.177790,511.0472
1482452450.099843,502.1111
1482452451.118901,512.4716
1482452452.136959,505.1225
1482452453.157018,504.5348
1482452454.174076,499.6630
1482452455.196134,489.8087
1482452456.114187,481.0616
1482452457.132245,481.6168
1482452458.150303,490.2933
1482452459.176362,488.0439
1482452460.194420,488.9045
1482452461.116473,488.8118
1482452462.136531,489.2069
1482452463.154589,488.0805
1482452464.172648,487.8724
1482452465.190706,474.1742
1482452466.109758,472.3654
1482452467.127817,475.9835
1482452468.146875,475.9468
1482452469.167933,470.6071
1482452470.186992,430.0425
1482452471.110044,421.5364
1482452472.140103,421.6011
1482452473.159162,413.1071
1482452474.180220,398.7846
1482452475.199278,390.6442
1482452476.119331,392.1661
1482452477.139389,352.1221
1482452478.166448,350.4657
1482452479.190507,350.0769
1482452480.110559,347.9320
1482452481.128618,350.1214
1482452482.147676,350.5203
1482452483.171734,344.6162
1482452484.191793,351.3792
1482452485.118846,352.0701
1482452486.139904,344.7823
1482452487.160963,345.2154
1482452488.184021,342.5485
1482452489.103074,342.2086
1482452490.126132,348.3517
1482452491.142190,351.8046
1482452492.163249,353.9750
1482452493.183307,361.3933
1482452494.104360,363.7703
1482452495.113417,365.8260
1482452496.133476,365.5059
1482452497.157534,367.3349
1482452498.177593,367.9817
1482452499.200651,368.4424
1482452500.121704,366.9124
1482452501.142762,371.2767
1482452502.161821,369.0331
1482452503.186879,365.2973
1482452504.105932,362.6337
1482452505.125990,354.3818
1482452506.142048,351.6142
1482452507.168107,346.2366
1482452508.190165,343.2432
1482452509.113218,342.2653
1482452510.130276,349.8212
1482452511.159335,350.4220
1482452512.167393,356.0728
1482452513.189451,349.5147
1482452514.118504,362.0203
1482452515.142563,362.0934
1482452516.164621,365.0791
1482452517.187680,367.6622
1482452518.122733,367.9232
1482452519.143792,374.8248
1482452520.162850,381.8510
1482452521.187909,391.4736
1482452522.106961,388.5906
1482452523.123019,386.7463
1482452524.142078,386.9751
1482452525.161136,390.7493
1482452526.180194,393.2167
1482452527.199253,393.1283
1482452528.128306,394.7905
1482452529.147364,399.3701
1482452530.166422,397.2326
1482452531.188481,419.8028
1482452532.203539,417.6807
1482452533.138592,404.8694
1482452534.152650,393.4585
1482452535.170709,388.2043
1482452536.191767,383.4644
1482452537.110820,382.5624
1482452538.132878,376.3614
1482452539.151936,378.9101
1482452540.173995,380.3151
1482452541.193053,382.3104
1482452542.118106,380.1906
1482452543.137164,384.4212
1482452544.170223,384.4129
1482452545.191282,378.3475
1482452546.109334,377.9693
1482452547.127392,381.8866
1482452548.147451,378.2537
1482452549.167509,384.5409
1482452550.189568,381.2598
1482452551.108620,395.2540
1482452552.127678,396.4937
1482452553.146737,421.9813
1482452554.113792,419.4164
1482452555.130850,418.4681
1482452556.149908,421.7391
1482452557.171967,419.3920
1482452558.191025,422.3133
1482452559.114078,419.3729
1482452560.133136,422.4523
1482452561.155195,424.7191
1482452562.194254,432.0270
1482452563.114307,436.4655
1482452564.135365,439.3141
1482452565.152423,438.9927
1482452566.172482,439.7230
1482452567.191540,439.6291
1482452568.110593,436.4064
1482452569.129651,438.6221
1482452570.149709,431.7245
1482452571.171768,450.6996
1482452572.190826,452.9865
1482452573.114879,451.9927
1482452574.133937,452.8985
1482452575.152995,453.1726
1482452576.180054,465.6386
1482452577.200113,460.7513
1482452578.124165,461.3885
1482452579.143224,461.3308
1482452580.163282,452.1131
1482452581.189341,454.8584
1482452582.109393,452.3813
1482452583.128452,447.6420
1482452584.149510,443.4863
1482452585.168568,446.7137
1482452586.187627,446.5684
1482452587.112679,445.5527
1482452588.131738,431.4623
1482452589.149796,433.4861
1482452590.162854,428.7053
1482452591.184912,426.0840
1482452592.205971,438.9874
1482452593.125023,437.3010
1482452594.145082,438.6544
1482452595.165140,437.1722
1482452596.187199,436.3243
1482452597.207257,438.9785
1482452598.131310,439.3832
1482452599.150368,441.3607
1482452600.171426,431.4509
1482452601.196485,425.9774
1482452602.123538,432.2918
1482452603.142596,434.3644
1482452604.162655,434.0752
1482452605.201714,434.1026
1482452606.120767,436.4747
1482452607.139825,437.1827
1482452608.158883,441.0645
1482452609.203943,462.9050
1482452610.143997,466.7301
1482452611.177056,451.6306
1482452612.194114,453.2435
1482452613.208172,453.6116
1482452614.130225,450.7510
1482452615.138282,448.6833
1482452616.159341,449.8789
1482452617.181399,445.9515
1482452618.201458,474.1657
1482452619.121510,484.2947
1482452620.133568,484.8563
1482452621.145626,484.5635
1482452622.170685,488.7846
1482452623.178742,490.6392
1482452624.194800,491.3897
1482452625.205858,493.9624
1482452626.117910,493.4245
1482452627.136969,491.7791
1482452628.156027,495.9959
1482452629.178085,499.3070
1482452630.197144,497.5634
1482452631.115196,503.7487
1482452632.133254,481.5500
1482452633.151313,492.6092
1482452634.170371,488.1569
1482452635.179429,489.4092
1482452636.196487,489.3987
1482452637.132540,484.5622
1482452638.148599,463.0450
1482452639.166657,462.9882
1482452640.172714,462.9233
1482452641.187772,454.8640
1482452642.203831,453.8456
1482452643.211888,452.6876
1482452644.128941,440.2216
1482452645.143999,442.8356
1482452646.159057,442.3518
1482452647.177115,444.2672
1482452648.195173,446.6187
1482452649.118226,443.7858
1482452650.139284,431.6982
1482452651.158343,438.1952
1482452652.178401,452.1737
1482452653.196459,459.5525
1482452654.117512,459.6096
1482452655.133570,459.4572
1482452656.148628,452.2520
1482452657.158686,450.5619
1482452658.174744,457.8240
1482452659.189802,452.3361
1482452660.200860,453.8543
1482452661.208918,454.9186
1482452662.126970,455.4138
1482452663.146028,457.4201
1482452664.164087,456.0238
1482452665.187145,451.5355
1482452666.206203,451.6546
1482452667.131256,464.0785
1482452668.151315,465.4667
1482452669.169373,469.2593
1482452670.185431,478.7431
1482452671.199489,478.4719
1482452672.214547,492.2773
1482452673.127599,496.6606
1482452674.143657,496.5319
1482452675.156715,512.4625
1482452676.165773,520.0945
1482452677.181831,539.1304
1482452678.195889,553.9255
1482452679.203947,565.2428
1482452680.119999,555.0360
1482452681.139057,535.1384
1482452682.163116,518.3001
1482452683.187175,530.4953
1482452684.210233,535.6050
1482452685.129286,532.2912
1482452686.148344,534.9856
1482452687.167402,532.1205
1482452688.188461,525.4925
1482452689.206519,526.9907
1482452690.119571,506.9126
1482452691.139629,490.7238
1482452692.151687,489.6545
1482452693.180746,478.2888
1482452694.201805,477.3516
1482452695.124857,510.7956
1482452696.149916,512.1384
1482452697.173975,513.3726
1482452698.203033,504.3031
1482452699.122086,513.8381
1482452700.144144,514.7676
1482452701.166203,521.9190
1482452702.188261,498.1788
1482452703.215320,492.0866
1482452704.156374,505.9815
1482452705.184433,506.9031
1482452706.212492,504.1844
1482452707.140545,504.1499
1482452708.155603,508.6925
1482452709.180661,514.1002
1482452710.210720,507.7188
1482452711.139773,516.1585
1482452712.156832,516.6988
1482452713.185890,514.8261
1482452714.213949,515.1958
1482452715.171004,512.8820
1482452716.133059,512.8605
1482452717.206120,518.0338
1482452718.163175,518.3385
1482452719.209235,521.2983
1482452720.163290,526.2925
1482452721.185348,532.6295
1482452722.207406,533.7133
1482452723.143460,533.7416
1482452724.180519,548.8229
1482452725.203578,516.6185
1482452726.221636,515.0789
1482452727.155689,514.1868
1482452728.190749,514.5344
1482452729.216807,519.5101
1482452730.144860,519.3080
1482452731.169919,528.9626
1482452732.193978,528.2454
1482452733.214036,527.0225
1482452734.136089,525.4401
1482452735.144146,523.8497
1482452736.164205,522.6637
1482452737.193264,534.4414
1482452738.216322,534.8909
1482452739.160376,534.7128
1482452740.182435,536.6302
1482452741.201493,541.9428
1482452742.128546,539.1910
1482452743.149604,524.5032
1482452744.173663,523.6486
1482452745.195721,527.2007
1482452746.214780,524.4596
1482452747.139832,525.5294
1482452748.158891,548.2343
1482452749.189950,557.0363
1482452750.215008,563.8588
1482452751.133061,563.8024
1482452752.176121,590.8269
1482452753.195179,592.3125
1482452754.216237,591.4095
1482452755.128289,595.3940
1482452756.143347,547.7489
1482452757.154405,545.5020
1482452761.776670,523.7128
1482452762.262697,522.2002
1482452762.293699,520.2497
1482452762.303700,525.5274
1482452762.310700,510.0121
1482452763.216752,509.6517
1482452764.793842,497.6064
1482452765.208866,500.7630
1482452766.222924,504.9810
1482452767.147977,515.0851
1482452768.171035,523.6024
1482452769.183093,531.8126
1482452770.200151,529.6326
1482452771.216210,529.6201
1482452772.126262,520.6554
1482452773.142320,518.5367
1482452774.158378,505.6636
1482452775.172436,496.8473
1482452776.188494,496.8508
1482452777.202552,481.7366
1482452778.217610,482.9440
1482452779.132662,486.5206
1482452780.152721,484.0692
1482452781.173779,482.3898
1482452782.183837,491.0010
1482452783.204895,478.2601
1482452784.221953,480.1987
1482452785.141006,481.8645
1482452786.160064,488.4753
1482452787.182123,490.9581
1482452788.192181,488.3352
1482452789.213239,489.7374
1482452790.983340,486.0669
1482452791.206353,486.0773
1482452792.218411,487.1421
1482452793.130463,483.4243
1482452794.150521,488.0794
1482452795.159579,481.9132
1482452796.179637,482.1673
1482452797.190695,492.9905
1482452798.200753,491.0774
1482452799.220811,491.5512
1482452800.130863,481.5236
1482452801.151922,494.4085
1482452802.167980,492.0091
1482452803.177038,466.1259
1482452804.194096,473.1030
1482452805.211154,469.2629
1482452806.222212,480.4258
1482452807.137264,479.1931
1482452808.145322,480.2034
1482452809.151379,484.8357
1482452810.158437,485.6688
1482452811.175495,484.7463
1482452812.191553,502.1381
1482452813.210612,498.1072
1482452814.132664,509.4149
1482452815.152723,511.4865
1482452816.172781,518.6698
1482452817.195839,520.9461
1482452818.215898,515.2541
1482452819.138951,501.8494
1482452820.155009,501.6962
1482452821.170067,502.9783
1482452822.181125,494.9002
1482452823.199183,500.7197
1482452824.206240,482.8421
1482452825.223299,466.0831
1482452826.132351,466.0907
1482452827.148409,465.0421
1482452828.164467,466.0739
1482452829.178525,463.4326
1482452830.197583,460.1051
1482452831.215641,455.3482
1482452832.223699,453.6264
1482452833.138751,454.8273
1482452834.152809,453.0187
1482452835.158867,450.4712
1482452836.173925,445.5923
1482452837.190983,443.3389
1482452838.210041,445.2216
1482452839.228100,460.0915
1482452840.147152,443.0706
1482452841.167211,446.0341
1482452842.182269,441.7311
1482452843.195327,456.0671
1482452844.207384,444.0689
1482452845.224443,450.6516
1482452846.144495,442.4930
1482452847.163554,441.9863
1482452848.180612,439.5885
1482452849.186669,431.7561
1482452850.192727,428.4622
1482452851.199784,427.9831
1482452852.206842,429.5513
1482452853.219900,437.2339
1482452854.133952,436.6695
1482452855.141010,445.9139
1482452856.153068,467.7753
1482452857.169126,487.5879
1482452858.183184,487.3005
1482452859.190241,484.1705
1482452860.197299,494.2987
1482452861.208357,464.1129
1482452862.217415,467.1599
1482452863.132467,476.2719
1482452864.145525,467.7135
1482452865.164583,469.2927
1482452866.193642,473.0945
1482452867.212700,471.2085
1482452868.132753,473.0830
1482452869.145811,477.3840
1482452870.153868,476.1603
1482452871.167926,484.8292
1482452872.193985,483.4948
1482452873.217044,482.9870
1482452874.136096,466.4590
1482452875.155155,459.3570
1482452876.174213,460.8208
1482452877.199271,463.6528
1482452878.218330,462.9209
1482452879.143383,447.4500
1482452880.163441,441.8386
1482452881.183499,439.8390
1482452882.211558,437.6205
1482452883.231617,434.0760
1482452884.161670,433.9095
1482452885.177728,429.0460
1482452886.201786,452.4381
1482452887.224845,468.9242
1482452888.142897,466.3312
1482452889.161956,460.2531
1482452890.181014,448.2482
1482452891.203072,456.4489
1482452892.218131,456.0388
1482452893.134183,456.3287
1482452894.152241,452.0095
1482452895.170299,453.2934
1482452896.188358,455.8375
1482452897.205416,451.8261
1482452898.223474,450.5711
1482452899.140526,450.0644
1482452900.157585,450.8687
1482452901.176643,454.9009
1482452902.196701,457.5856
1482452903.214759,457.5641
1482452904.135812,431.0775
1482452905.153870,421.7162
1482452906.171929,422.5281
1482452907.193987,422.4819
1482452908.213045,428.3033
1482452909.135098,427.3757
1482452910.146156,428.5036
1482452911.157214,429.5014
1482452912.174272,497.9262
1482452913.192330,501.7929
1482452914.218389,499.0198
1482452915.137441,499.8724
1482452916.157500,501.2992
1482452917.188559,517.7533
1482452918.223618,517.7093
1482452919.136670,517.2100
1482452920.154728,514.7339
1482452921.172787,516.9135
1482452922.191845,517.2149
1482452923.202903,519.0529
1482452924.220961,512.2740
1482452925.146014,509.6382
1482452926.166072,535.6690
1482452927.184130,527.5185
1482452928.227190,528.4243
1482452929.150243,535.1671
1482452930.169301,534.2740
1482452931.188359,537.9541
1482452932.210418,559.8771
1482452933.230476,545.2681
1482452934.150529,536.5003
1482452935.168587,519.3462
1482452936.186645,509.0340
1482452937.211704,511.2782
1482452938.230762,511.3138
1482452939.151815,508.0853
1482452940.170873,512.5609
1482452941.179931,509.1209
1482452942.204990,516.5378
1482452943.226048,530.0313
1482452944.147101,520.2413
1482452945.165159,519.2655
1482452946.183217,518.8777
1482452947.205276,528.4290
1482452948.223334,522.8077
1482452949.144386,523.2316
1482452950.162445,525.0141
1482452951.180503,524.1367
1482452952.195561,505.2374
1482452953.211619,497.8026
1482452954.226677,483.7459
1482452955.144730,487.2047
1482452956.159788,479.9051
1482452957.175846,479.4402
1482452958.183904,483.9775
1482452959.200962,490.7797
1482452960.217020,490.3258
1482452961.233078,506.2834
1482452962.148130,506.5328
1482452963.164188,513.0780
1482452964.181247,531.7868
1482452965.189304,531.8511
1482452966.204362,535.1037
1482452967.222421,531.0507
1482452968.144473,553.4651
1482452969.162531,560.3622
1482452970.180590,567.3994
1482452971.202648,548.0770
1482452972.217706,548.5742
1482452973.239765,549.1621
1482452974.156817,537.4805
1482452975.164875,537.0201
1482452976.182933,535.7726
1482452977.204991,531.3888
1482452978.224050,506.2576
1482452979.148103,522.5129
1482452980.166161,527.4570
1482452981.185219,528.9110
1482452982.204277,525.5671
1482452983.222336,528.2088
1482452984.143388,532.6288
1482452985.155446,538.1485
1482452986.170504,545.6693
1482452987.184562,544.2268
1482452988.200620,544.2493
1482452989.218679,552.7808
1482452990.229736,556.3846
1482452991.241794,556.7246
1482452992.154847,556.9384
1482452993.172905,560.0543
1482452994.190963,558.8432
1482452995.213021,561.6666
1482452996.231080,564.0755
1482452997.151132,562.8292
1482452998.171191,582.3447
1482452999.192249,585.9107
1482453000.211307,598.9262
1482453001.231366,580.0793
1482453002.149418,572.9009
1482453003.167476,581.1345
1482453004.185535,613.7807
1482453005.207593,610.2996
1482453006.225651,611.1955
1482453007.148704,608.6212
1482453008.166762,625.6346
1482453009.185821,622.0167
1482453010.207879,623.9412
1482453011.225937,622.8425
1482453012.148990,621.6744
1482453013.168048,619.0157
1482453014.186107,620.8923
1482453015.208165,611.0098
1482453016.227223,605.2981
1482453017.148276,640.3849
1482453018.166334,657.6679
1482453019.184393,658.9206
1482453020.208451,667.0077
1482453021.227509,670.8038
1482453022.148562,673.1907
1482453023.166620,669.2143
1482453024.184679,670.3452
1482453025.210737,669.9895
1482453026.228795,662.4106
1482453027.150848,664.9202
1482453028.169906,664.3978
1482453029.183964,686.5285
1482453030.213023,704.0483
1482453031.220081,701.8785
1482453032.228139,701.6928
1482453033.236196,700.7681
1482453034.159249,717.1121
1482453035.176307,706.6050
1482453036.185365,692.5884
1482453037.196423,683.0757
1482453038.216481,673.9459
1482453039.239540,669.4802
1482453040.245597,680.5945
1482453041.155649,678.4297
1482453042.161707,669.9051
1482453043.168764,646.4338
1482453044.194823,650.7608
1482453045.215881,650.6207
1482453046.237940,654.0364
1482453047.155992,655.7117
1482453048.173051,655.6592
1482453049.218110,703.1846
1482453050.227168,704.3849
1482453051.247226,706.0076
1482453052.165279,704.5880
1482453053.183337,700.1321
1482453054.201395,700.0605
1482453055.223454,713.5091
1482453056.241512,717.9932
1482453057.161565,714.9492
1482453058.178623,713.3530
1482453059.190681,747.4860
1482453060.202739,746.5189
1482453061.213797,746.4532
1482453062.231855,739.0994
1482453063.155908,742.4290
1482453064.165965,747.0871
1482453065.183024,755.3675
1482453066.203082,756.9324
1482453067.221140,754.7241
1482453068.243199,772.1581
1482453069.160251,770.2452
1482453070.179309,755.7968
1482453071.201368,760.2110
1482453072.219426,778.1549
1482453073.152479,781.7294
1482453074.161537,781.6857
1482453075.181595,787.0548
1482453076.203654,758.4219
1482453077.224712,755.9880
1482453078.154765,742.4851
1482453079.168823,731.5625
1482453080.188882,735.6190
1482453081.209940,745.0504
1482453082.227998,738.5972
1482453083.247057,731.9024
1482453084.168109,734.9043
1482453085.187168,709.2630
1482453086.208226,726.3718
1482453087.234285,727.2195
1482453088.152337,725.9403
1482453089.178396,692.6520
1482453090.196454,695.3455
1482453091.221513,681.3549
1482453092.245571,676.8725
1482453093.163624,676.6198
1482453094.181682,678.1957
1482453095.190740,669.0498
1482453096.210798,666.1377
1482453097.229857,663.7171
1482453098.249915,663.7873
1482453099.169967,646.9946
1482453100.189026,643.3334
1482453101.207084,643.5965
1482453102.231143,645.1213
1482453103.251201,643.1262
1482453104.179254,649.2848
1482453105.200312,624.4206
1482453106.219371,615.1338
1482453107.243429,611.3188
1482453108.160482,630.4019
1482453109.181540,604.3620
1482453110.200598,561.5085
1482453111.230657,551.5541
1482453112.249716,572.8900
1482453113.169768,560.7817
1482453114.181826,561.9610
1482453115.192884,565.9996
1482453116.204942,560.9497
1482453117.212999,562.8175
1482453118.223057,553.8990
1482453119.234115,568.7626
1482453120.246173,564.4401
1482453121.157225,572.5142
1482453122.175283,563.4153
1482453123.193342,594.3692
1482453124.216400,597.7449
1482453125.234458,621.6438
1482453126.156511,632.3327
1482453127.174569,625.0020
1482453128.190627,606.8574
1482453129.200685,611.9108
1482453130.210743,630.9487
1482453131.221801,630.8286
1482453132.231859,640.3047
1482453133.242916,643.7444
1482453134.252974,645.1477
1482453135.161026,659.0125
1482453136.170084,658.4138
1482453137.179141,645.3681
1482453138.190199,646.8478
1482453139.200257,602.5609
1482453140.208315,609.0847
1482453141.219373,615.2072
1482453142.244431,629.1418
1482453143.253489,618.8282
1482453144.162541,620.9101
1482453145.172599,646.1511
1482453146.182656,646.2030
1482453147.187714,679.1177
1482453148.194772,688.1429
1482453149.202829,689.3830
1482453150.223888,686.5506
1482453151.232945,690.9564
1482453152.243003,696.3659
1482453153.251061,704.4875
1482453154.161113,694.0437
1482453155.173171,694.1368
1482453156.182228,688.0187
1482453157.203287,732.1564
1482453158.213345,713.0552
1482453159.221402,717.5977
1482453160.232460,719.9825
1482453161.243518,723.7210
1482453162.254576,723.4220
1482453163.163628,725.6150
1482453164.174686,765.3621
1482453165.185743,765.6847
1482453166.194801,722.8136
1482453167.203859,734.0863
1482453168.219917,736.1350
1482453169.228975,739.4382
1482453170.238032,744.4618
1482453171.249090,757.0185
1482453172.160142,755.2343
1482453173.170200,780.1563
1482453174.183258,780.3781
1482453175.198316,798.3106
1482453176.208374,798.1482
1482453177.227432,693.9373
1482453178.239490,684.6602
1482453179.174543,694.6537
1482453180.185601,703.7448
1482453181.197659,692.6183
1482453182.225718,667.3533
1482453183.233776,666.3164
1482453184.158829,680.5478
1482453185.174887,681.8500
1482453186.186945,641.7470
1482453187.202003,649.6551
1482453188.218061,665.3097
1482453189.229119,669.3576
1482453190.239176,670.6791
1482453191.248234,652.2446
1482453192.159286,656.7007
1482453193.171344,679.8595
1482453194.181402,673.6426
1482453195.201460,687.6939
1482453196.215518,680.4731
1482453197.224576,700.4352
1482453198.233634,718.2244
1482453199.244691,719.1395
1482453200.254749,702.8604
1482453201.163801,727.2089
1482453202.173859,697.2960
1482453203.181917,768.1165
1482453204.200975,765.3507
1482453205.210033,758.6718
1482453206.220090,788.8769
1482453207.230148,788.6355
1482453208.241206,775.2375
1482453209.173259,762.6493
1482453210.181317,771.4270
1482453211.193375,749.9317
1482453212.201433,758.2451
1482453213.212490,733.4295
1482453214.240549,771.9878
1482453215.247607,774.5534
1482453216.253664,771.5170
1482453217.262722,772.5631
1482453218.170774,761.3087
1482453219.176831,750.6442
1482453220.196890,738.0409
1482453221.203947,723.1221
1482453222.213005,721.5772
1482453223.224063,719.9891
1482453224.235121,736.2394
1482453225.245179,735.6260
1482453226.254236,728.7911
1482453227.175289,726.2607
1482453228.182347,731.1871
1482453229.194404,731.0670
1482453230.213463,768.4952
1482453231.223521,768.7957
1482453232.232578,774.2234
1482453233.247636,783.0342
1482453234.265695,794.3172
1482453235.182747,776.5465
1482453236.199805,789.1328
1482453237.215863,787.2819
1482453238.234922,791.9761
1482453239.251980,785.2638
1482453240.176033,783.8361
1482453241.192091,777.4989
1482453242.208149,776.6626
1482453243.226207,783.5110
1482453244.242265,762.8336
1482453245.259323,764.1336
1482453246.175376,789.7685
1482453247.191434,791.9004
1482453248.207492,795.8783
1482453249.227550,808.3233
1482453250.234608,795.5815
1482453251.248666,795.4677
1482453252.257724,786.5255
1482453253.170776,795.3015
1482453254.183834,792.5287
1482453255.189891,789.4175
1482453256.202949,779.0331
1482453257.216007,771.8521
1482453258.227065,762.8161
1482453259.242123,747.1711
1482453260.256181,758.1979
1482453261.175234,757.6784
1482453262.192292,769.3998
1482453263.209350,780.7735
1482453264.231408,780.7837
1482453265.249467,776.9629
1482453266.268525,776.6473
1482453267.184577,777.4973
1482453268.203636,734.8553
1482453269.218694,755.5192
1482453270.226751,768.1310
1482453271.242809,770.1308
1482453272.254867,770.2463
1482453273.264925,776.1134
1482453274.171977,772.2135
1482453275.178035,777.8781
1482453276.187092,790.7548
1482453277.192150,780.9505
1482453278.200207,783.7127
1482453279.218266,769.8097
1482453280.227323,769.8069
1482453281.233381,769.8557
1482453282.240439,771.8670
1482453283.255497,774.0955
1482453284.266554,776.5488
1482453285.182607,777.8166
1482453286.195665,782.8705
1482453287.218723,778.0646
1482453288.229781,761.0165
1482453289.235839,762.8467
1482453290.251897,764.9409
1482453291.271955,761.0182
1482453292.232010,806.9245
1482453293.239068,797.7769
1482453294.254126,824.0441
1482453295.181179,883.9301
1482453296.196237,881.0323
1482453297.219295,889.0802
1482453298.232353,872.8649
1482453299.243411,873.3862
1482453300.263469,872.4450
1482453301.184522,880.5067
1482453302.203580,954.0393
1482453303.222639,994.1684
1482453304.242697,1005.0683
1482453305.180751,988.8534
1482453306.197809,972.6266
1482453307.213867,956.8919
1482453308.232925,955.4546
1482453309.247983,954.2177
1482453310.260041,960.0688
1482453311.267099,948.2450
1482453312.277157,947.8892
1482453313.194209,940.5561
1482453314.208267,950.1467
1482453315.214325,954.7664
1482453316.220382,938.5854
1482453317.227440,938.4423
1482453318.234497,934.7526
1482453319.250555,935.8607
1482453320.278614,942.3129
1482453321.206667,933.0052
1482453322.222725,932.9932
1482453323.237783,931.2451
1482453324.254842,923.0025
1482453325.271900,929.6604
1482453326.191952,922.4085
1482453327.198010,921.0212
1482453328.203067,952.8671
1482453329.215125,954.1304
1482453330.250185,946.7430
1482453331.257242,943.4427
1482453332.270300,926.3949
1482453333.278358,938.5052
1482453334.187410,1012.5673
1482453335.194467,1006.3368
1482453336.199525,1011.6203
1482453337.204582,1006.4841
1482453338.222641,1005.3567
1482453339.256700,1001.8562
1482453340.269758,1012.3981
1482453341.278815,1013.1589
1482453342.192868,1012.5415
1482453343.200925,997.9754
1482453344.214983,956.5417
1482453345.222041,984.9285
1482453346.261100,1005.2157
1482453347.275158,997.9336
1482453348.195211,982.5838
1482453349.202268,968.7731
1482453350.223327,968.8328
1482453351.233385,967.8676
1482453352.241442,968.1525
1482453353.249500,969.4561
1482453354.255558,970.2333
1482453355.269616,981.5978
1482453356.284674,980.6658
1482453357.198726,1003.5849
1482453358.216784,1001.5091
1482453359.237843,977.4125
1482453360.252901,993.1156
1482453361.261958,994.0082
1482453362.278016,995.0440
1482453363.203069,1005.6751
1482453364.218127,1075.7916
1482453365.234185,1082.3874
1482453366.257244,1102.5201
1482453367.276302,1089.6244
1482453368.193355,1058.9660
1482453369.211413,1055.3894
1482453370.230471,1065.8911
1482453371.251530,1079.1874
1482453372.259587,1083.2701
1482453373.188640,1086.6383
1482453374.197698,1147.3584
1482453375.209756,1135.0629
1482453376.232815,1200.0728
1482453377.246873,1218.8785
1482453378.253930,1220.2762
1482453379.269988,1395.4332
1482453380.192041,1397.1441
1482453381.206099,1363.1218
1482453382.214157,1364.8717
1482453383.247216,1375.3384
1482453384.252273,1370.6913
1482453385.262331,1355.4028
1482453386.278389,1375.3349
1482453387.291447,1392.8024
1482453388.208500,1385.5365
1482453389.228558,1387.3012
1482453390.245616,1403.7977
1482453391.268675,1375.4456
1482453392.287733,1313.2650
1482453393.205785,1361.2064
1482453394.221843,1355.8186
1482453395.237902,1359.0555
1482453396.259960,1359.6803
1482453397.276018,1339.1613
1482453398.205071,1351.3674
1482453399.215129,1334.4412
1482453400.231187,1346.9625
1482453401.249245,1311.7983
1482453402.265304,1319.9340
1482453403.284362,1319.1496
1482453404.200414,1253.9589
1482453405.215472,1244.1398
1482453406.231530,1243.7860
1482453407.248589,1248.5782
1482453408.198643,1259.8507
1482453409.223702,1240.5725
1482453410.251760,1242.5224
1482453411.267818,1197.3240
1482453412.222873,1195.2923
1482453413.238931,1175.6745
1482453414.253989,1145.9160
1482453415.291049,1140.8270
1482453416.214101,1166.7010
1482453417.233160,1165.5294
1482453418.241217,1169.2964
1482453419.258275,1173.9622
1482453420.268333,1186.9294
1482453421.274391,1182.8729
1482453422.287449,1180.3841
1482453423.202501,1200.3727
1482453424.217559,1188.1206
1482453425.237617,1251.1466
1482453426.250675,1259.8359
1482453427.261733,1226.3233
1482453428.277791,1226.6848
1482453429.195844,1218.6102
1482453430.212902,1238.6948
1482453431.233960,1208.3676
1482453432.250019,1223.4169
1482453433.270077,1156.4090
1482453434.285135,1149.8609
1482453435.201187,1149.3665
1482453436.214245,1128.5811
1482453437.228303,1128.3442
1482453438.245361,1073.5430
1482453439.251419,1009.7611
1482453440.266477,1014.2930
1482453441.272535,1030.5466
1482453442.286593,1020.9060
1482453443.294650,1033.9594
1482453444.211703,1033.8781
1482453445.223761,1173.6498
1482453446.277821,1203.9404
1482453447.287879,1209.4860
1482453448.202931,1221.6066
1482453449.211989,1237.4685
1482453450.220046,1202.7932
1482453451.241105,1222.3500
1482453452.269164,1223.3084
1482453453.280221,1215.7819
1482453454.300280,1196.0089
1482453455.308337,1189.8485
1482453456.225390,1179.3454
1482453457.232447,1177.0862
1482453458.250506,1171.0708
1482453459.270564,1217.1078
1482453460.286622,1205.8679
1482453461.306681,1200.9294
1482453462.221733,1192.8676
1482453463.237791,1183.3568
1482453464.281851,1196.8535
1482453465.295909,1181.1874
1482453466.215961,1182.7479
1482453467.234020,1182.6816
1482453468.251078,1181.1761
1482453469.269136,1178.0060
1482453470.288194,1187.7616
1482453471.225248,1188.3001
1482453472.241306,1185.8097
1482453473.262364,1194.6836
1482453474.283423,1208.3607
1482453475.226477,1214.2979
1482453476.244535,1295.5039
1482453477.251593,1294.1746
1482453478.270651,1294.9134
1482453479.278708,1317.7584
1482453480.230763,1317.7506
1482453481.238821,1321.9999
1482453482.255879,1316.1662
1482453483.274937,1312.0169
1482453484.290995,1309.8211
1482453485.223048,1318.8377
1482453486.238107,1301.0864
1482453487.253165,1278.0562
1482453488.269223,1277.9582
1482453489.287281,1279.8299
1482453490.293338,1289.8861
1482453491.300396,1271.3617
1482453492.316454,1261.0226
1482453493.282509,1272.9256
1482453494.298568,1254.9532
1482453495.315626,1239.9465
1482453496.251679,1238.9329
1482453497.267737,1287.9502
1482453498.281795,1282.5903
1482453499.308854,1287.2920
1482453500.234907,1281.2840
1482453501.253965,1252.3275
1482453502.269023,1242.5764
1482453503.242079,1244.3089
1482453504.257137,1277.1984
1482453505.272195,1325.4545
1482453506.290253,1325.6029
1482453507.305311,1310.1892
1482453508.341371,1308.3978
1482453509.270424,1309.2247
1482453510.299483,1327.8434
1482453511.306540,1328.6329
1482453512.330599,1336.7595
1482453513.248651,1339.5603
1482453514.264710,1336.6988
1482453515.273767,1327.4385
1482453516.293826,1239.6559
1482453517.342886,1225.4726
1482453518.260938,1227.5953
1482453519.301998,1218.7428
1482453520.308055,1233.1013
1482453521.315113,1235.8106
1482453522.322170,1235.3499
1482453523.338229,1248.8575
1482453524.253281,1138.0141
1482453525.268339,1138.7961
1482453526.283397,1142.8699
1482453527.298455,1118.0920
1482453528.336514,1116.7414
1482453529.251567,1209.3687
1482453530.265625,1209.7219
1482453531.281683,1230.4094
1482453532.301741,1239.0277
1482453533.306799,1244.0856
1482453534.314856,1252.3314
1482453535.344915,1248.1496
1482453536.265968,1248.2354
1482453537.282026,1261.8165
1482453538.300084,1238.2154
1482453539.322143,1208.8778
1482453540.341201,1101.9534
1482453541.258253,1100.4200
1482453542.278312,1057.9118
1482453543.291370,1063.5777
1482453544.300427,1032.4380
1482453545.319486,1137.7583
1482453546.338544,1137.8309
1482453547.354602,1141.5939
1482453548.273655,1157.5000
1482453549.291713,1156.6736
1482453550.307771,1158.2241
1482453551.327829,1215.6575
1482453552.343888,1217.2348
1482453553.268940,1239.4321
1482453554.285999,1213.9588
1482453555.302057,1210.8982
1482453556.320115,1215.5645
1482453557.336173,1219.8365
1482453558.259226,1217.2457
1482453559.276284,1219.2844
1482453560.293342,1215.9014
1482453561.310400,1213.0505
1482453562.332459,1216.3159
1482453563.350517,1202.9213
1482453564.267570,1194.0216
1482453565.283628,1191.8476
1482453566.296686,1190.1057
1482453567.331745,1179.0026
1482453568.347803,1182.4634
1482453569.274856,1213.8961
1482453570.293914,1194.4819
1482453571.309972,1193.9183
1482453572.328031,1220.6334
1482453573.354089,1210.2999
1482453574.300143,1250.0146
1482453575.323202,1249.9797
1482453576.339260,1239.0111
1482453577.358318,1238.4406
1482453578.274371,1235.9260
1482453579.289429,1236.8814
1482453580.311487,1219.9038
1482453581.327545,1209.6591
1482453582.347604,1208.1561
1482453583.263656,1208.9492
1482453584.275714,1207.9010
1482453585.292772,1213.2287
1482453586.313831,1255.8736
1482453587.329889,1257.2507
1482453588.301944,1254.0529
1482453589.321003,1254.9512
1482453590.335061,1234.4368
1482453591.280115,1237.7990
1482453592.297173,1227.3827
1482453593.308231,1242.6074
1482453594.335289,1220.1070
1482453595.352347,1241.3989
1482453596.272400,1243.8912
1482453597.288458,1239.8447
1482453598.304516,1233.7896
1482453599.326575,1252.4467
1482453600.342633,1278.3293
1482453601.262686,1247.9813
1482453602.276744,1235.6414
1482453603.292802,1232.9522
1482453604.313860,1227.4439
1482453605.350919,1184.2732
1482453606.267972,1180.1757
1482453607.286030,1181.6522
1482453608.304088,1166.4991
1482453609.272144,1167.4820
1482453610.286202,1170.9502
1482453611.297259,1121.1562
1482453612.315318,1120.0307
1482453613.327376,1117.4154
1482453614.335433,1110.1335
1482453615.356492,1104.5882
1482453616.272544,1050.9971
1482453617.288602,1055.6346
1482453618.308661,1056.6800
1482453619.318718,1054.4830
1482453620.340777,1055.1075
1482453621.353835,1023.8291
1482453622.266887,1023.7785
1482453623.280945,1024.7129
1482453624.297003,1041.7835
1482453625.322062,1057.6163
1482453626.337120,963.9302
1482453627.355178,965.6958
1482453628.272230,979.4272
1482453629.291289,988.2581
1482453630.308347,988.7926
1482453631.328405,987.0019
1482453632.343463,996.7760
1482453633.365522,1017.7775
1482453634.271574,1019.4780
1482453635.288632,1023.1760
1482453636.296689,980.7061
1482453637.316748,969.5081
1482453638.330806,968.4834
1482453639.342864,982.6664
1482453640.363922,977.8089
1482453641.273974,968.4706
1482453642.281032,957.9934
1482453643.289089,952.2246
1482453644.302147,954.8415
1482453645.308205,965.2624
1482453646.351264,965.2014
1482453647.357322,974.6559
1482453648.271374,976.3715
1482453649.284432,968.7886
1482453650.298490,975.8657
1482453651.318549,974.0368
1482453652.338607,1015.2575
1482453653.347665,1015.9569
1482453654.279718,1016.3125
1482453655.304777,1019.1577
1482453656.318835,1013.9958
1482453657.339893,1021.8844
1482453658.355951,1026.2663
1482453659.282004,1028.1688
1482453660.301062,1036.2460
1482453661.334121,1016.5324
1482453662.350180,1013.3394
1482453663.270232,994.9340
1482453664.288290,977.6815
1482453665.304349,970.2998
1482453666.335407,971.0679
1482453667.341465,981.1131
1482453668.353523,993.7683
1482453669.282576,1069.1118
1482453670.289634,1073.1099
1482453671.312692,1050.3140
1482453672.335751,1040.2589
1482453673.359809,1042.3699
1482453674.370867,972.9202
1482453675.285919,949.4818
1482453676.299977,949.1673
1482453677.311035,949.6100
1482453678.322093,970.2520
1482453679.332151,969.7878
1482453680.361210,960.7664
1482453681.277262,961.0512
1482453682.293320,959.3144
1482453683.309378,975.2935
1482453684.332437,983.4661
1482453685.352495,980.1419
1482453686.370553,1010.3878
1482453687.285606,1012.5648
1482453688.301664,1022.8063
1482453689.319722,1009.8822
1482453690.339780,1008.2891
1482453691.354839,1010.6570
1482453692.305893,1012.0633
1482453693.320951,1009.7837
1482453694.339009,1006.1360
1482453695.362068,1003.7568
1482453696.279120,1004.9853
1482453697.291178,1005.3700
1482453698.309236,1025.1514
1482453699.327295,1026.0823
1482453700.342353,1014.9694
1482453701.359411,1017.0080
1482453702.279463,1033.3255
1482453703.285521,1038.4878
1482453704.301579,1045.4183
1482453705.319637,1045.0917
1482453706.335695,1044.9344
1482453707.358754,1061.4201
1482453708.373812,1064.7152
1482453709.295865,1062.6105
1482453710.307923,1055.1552
1482453711.323981,1057.1646
1482453713.231090,1101.2481
1482453713.349097,1101.8929
1482453714.362154,1090.2929
1482453715.368212,1090.8118
1482453716.284264,1121.1371
1482453717.309323,1132.5241
1482453718.325381,1145.5403
1482453719.347440,1144.5756
1482453720.369498,1125.1487
1482453721.284550,1120.6306
1482453722.300609,1123.0665
1482453723.319667,1115.9169
1482453724.344725,1110.2316
1482453725.365784,1114.3612
1482453726.288837,1116.6554
1482453727.303895,1121.3321
1482453728.318953,1132.5242
1482453729.339011,1127.9818
1482453730.355069,1144.3704
1482453731.376128,1155.4290
1482453732.291180,1159.5732
1482453733.306238,1182.0016
1482453734.327296,1167.0456
1482453735.342354,1168.7968
1482453736.361413,1181.5960
1482453737.377471,1183.4487
1482453738.293523,1170.7963
1482453739.309581,1171.7958
1482453740.325639,1158.3708
1482453741.345698,1149.1645
1482453742.360756,1142.0861
1482453743.280809,1136.2926
1482453744.296867,1133.0500
1482453745.312925,1132.4016
1482453746.331983,1164.1036
1482453747.347041,1169.9714
1482453748.366099,1140.1883
1482453749.281152,1122.8409
1482453750.297210,1132.6752
1482453751.313268,1122.9161
1482453752.334326,1142.9377
1482453753.343384,1135.0037
1482453754.363442,1131.1403
1482453755.281495,1147.9717
1482453756.297553,1264.4712
1482453757.323612,1240.3842
1482453758.330669,1250.2397
1482453759.337727,1261.0740
1482453760.350785,1258.1944
1482453761.367843,1169.6168
1482453762.284895,1143.5490
1482453763.302954,1169.6199
1482453764.326012,1173.9974
1482453765.343070,1163.0967
1482453766.364129,1196.9087
1482453767.380187,1186.4777
1482453768.289239,1191.6981
1482453769.302297,1157.8915
1482453770.314355,1158.5631
1482453771.329413,1158.0167
1482453772.346471,1218.0732
1482453773.366529,1234.3124
1482453774.281582,1240.2151
1482453775.292639,1242.0794
1482453776.309698,1253.1447
1482453777.328756,1241.0654
1482453778.351814,1212.5413
1482453779.362872,1205.4566
1482453780.284925,1200.9501
1482453781.305983,1250.0665
1482453782.323042,1263.3394
1482453783.342100,1274.0480
1482453784.373159,1359.8657
1482453785.298212,1358.7954
1482453786.328271,1371.8703
1482453787.337328,1402.1774
1482453788.345386,1396.3980
1482453789.359444,1376.5824
1482453790.371502,1380.7837
1482453791.378560,1337.8330
1482453792.297612,1338.2291
1482453793.314670,1295.0074
1482453794.331728,1295.2499
1482453795.349787,1314.3317
1482453796.356844,1307.3568
1482453797.379903,1307.2229
1482453798.288955,1310.6378
1482453799.305013,1323.4693
1482453800.320071,1346.6523
1482453801.341129,1349.7643
1482453802.359188,1376.5855
1482453803.379246,1328.4999
1482453804.296298,1349.9352
1482453805.313357,1352.0577
1482453806.329415,1351.0745
1482453807.345473,1235.9054
1482453808.362531,1239.3185
1482453809.382589,1242.5132
1482453810.297642,1271.0274
1482453811.314700,1206.2067
1482453812.327758,1231.1837
1482453813.345816,1214.9869
1482453814.361874,1197.6862
1482453815.379932,1200.5765
1482453816.295985,1173.2762
1482453817.311043,1180.8862
1482453818.326101,1188.5039
1482453819.346159,1171.9439
1482453820.354217,1141.7681
1482453821.370275,1177.1446
1482453822.287327,1189.6340
1482453823.302385,1144.9559
1482453824.323444,1153.8605
1482453825.351503,1156.5170
1482453826.370561,1146.5511
1482453827.379619,1141.4882
1482453828.294671,1122.7670
1482453829.314729,1144.2391
1482453830.333788,1163.8611
1482453831.350846,1216.2023
1482453832.371904,1283.9781
1482453833.289957,1314.9732
1482453834.306015,1314.9667
1482453835.324073,1330.1482
1482453836.338131,1317.9739
1482453837.357189,1334.3567
1482453838.373247,1330.2317
1482453839.289300,1304.2756
1482453840.302358,1313.9584
1482453841.317416,1280.6246
1482453842.336474,1255.2534
1482453843.351532,1261.6638
1482453844.371591,1262.0703
1482453845.386649,1306.7813
1482453846.293701,1308.0306
1482453847.310759,1297.8622
1482453848.327817,1287.7487
1482453849.344875,1285.7302
1482453850.361933,1286.3804
1482453851.379991,1290.7902
1482453852.296044,1288.2650
1482453853.311102,1285.7604
1482453854.327160,1271.4432
1482453855.345218,1319.7712
1482453856.359276,1335.9151
1482453857.375334,1353.9743
1482453858.290387,1347.6372
1482453859.297444,1343.3529
1482453860.313502,1318.8363
1482453861.330561,1333.2355
1482453862.345619,1319.8290
1482453863.361677,1342.4670
1482453864.371735,1335.7875
1482453865.387793,1327.5683
1482453866.304845,1325.9101
1482453867.322903,1326.8462
1482453868.338961,1279.3141
1482453869.365020,1280.2045
1482453870.384078,1307.0663
1482453871.304131,1308.1986
1482453872.318189,1320.4343
1482453873.327247,1320.9477
1482453874.334304,1281.9500
1482453875.341362,1345.8508
1482453876.348420,1355.1160
1482453877.355477,1362.6857
1482453878.363535,1360.5589
1482453879.371592,1369.5217
1482453880.378650,1378.3695
1482453881.385708,1373.7983
1482453882.292760,1374.0173
1482453883.299817,1405.6389
1482453884.307875,1466.5287
1482453885.314932,1484.4897
1482453886.321990,1479.3418
1482453887.333048,1437.5094
1482453888.343106,1431.3158
1482453889.374165,1501.8152
1482453890.381222,1447.1942
1482453891.291274,1447.6737
1482453892.296332,1500.6424
1482453893.306389,1515.2141
1482453894.325448,1531.2718
1482453895.332505,1523.6340
1482453896.339563,1515.9177
1482453897.344620,1439.5046
1482453898.352678,1442.5651
1482453899.359736,1441.1613
1482453900.367793,1434.2671
1482453901.373851,1454.8111
1482453902.380909,1428.4044
1482453903.387966,1425.7644
1482453904.296018,1458.7690
1482453905.303076,1423.1338
1482453906.311133,1451.7445
1482453907.320191,1425.3014
1482453908.336249,1489.8347
1482453909.351307,1415.8750
1482453910.366365,1420.9053
1482453911.292418,1421.3133
1482453912.297476,1423.0548
1482453913.306533,1419.8998
1482453914.322592,1420.9275
1482453915.338650,1421.0664
1482453916.356708,1394.9517
1482453917.370766,1393.5326
1482453918.376823,1389.3514
1482453919.388881,1404.6576
1482453920.296933,1404.1846
1482453921.316992,1399.0700
1482453922.326049,1407.7588
1482453923.334107,1402.9999
1482453924.340165,1404.3800
1482453925.348222,1412.4536
1482453926.356280,1401.0532
1482453927.372338,1406.6503
1482453928.379396,1404.3596
1482453929.386453,1405.1660
1482453930.312506,1381.8887
1482453931.319564,1383.4507
1482453932.329621,1278.2511
1482453933.335679,1292.2382
1482453934.344737,1307.7911
1482453935.362795,1310.8095
1482453936.377853,1363.5511
1482453937.392911,1353.2406
1482453938.323964,1360.2912
1482453939.330022,1360.3054
1482453940.346080,1311.6664
1482453941.363138,1316.7155
1482453942.380196,1296.3653
1482453943.299249,1292.1662
1482453944.314307,1298.0693
1482453945.332365,1284.4787
1482453946.348423,1285.8318
1482453947.363481,1287.2776
1482453948.375539,1236.8391
1482453949.381597,1218.7125
1482453950.296649,1216.0855
1482453951.311707,1207.4798
1482453952.327765,1207.3017
1482453953.345824,1155.9719
1482453954.362882,1140.0211
1482453955.376940,1138.4731
1482453956.384997,1122.8042
1482453957.301050,1065.6671
1482453958.316108,1068.8686
1482453959.333166,1066.6353
1482453960.346224,1112.4566
1482453961.355282,1154.0085
1482453962.361339,1151.7273
1482453963.376397,1150.7699
1482453964.385455,1156.3731
1482453965.297507,1141.4940
1482453966.312565,1127.5206
1482453967.318623,1126.1694
1482453968.327680,1125.8931
1482453969.344739,1127.8697
1482453970.361797,1107.6091
1482453971.377855,1118.3780
1482453972.397913,1085.0098
1482453973.313966,1115.8643
1482453974.328024,1080.0586
1482453975.336081,1111.3302
1482453976.355140,1128.3592
1482453977.369198,1135.4227
1482453978.386256,1146.4253
1482453979.307308,1117.0910
1482453980.323367,1140.1732
1482453981.341425,1119.7490
1482453982.360483,1112.6290
1482453983.376541,1149.6371
1482453984.394599,1155.3440
1482453985.308652,1146.3320
1482453986.322710,1155.9581
1482453987.332767,1139.9342
1482453988.346825,1128.5722
1482453989.361884,1127.0533
1482453990.381942,1154.1992
1482453991.388999,1164.3393
1482453992.310052,1166.0229
1482453993.326110,1187.4708
1482453994.341168,1220.2684
1482453995.363227,1220.6835
1482453996.380285,1242.6045
1482453997.298337,1323.5483
1482453998.314396,1331.4376
1482453999.330454,1384.7237
1482454000.353512,1389.5405
1482454001.360570,1393.5930
1482454002.367627,1402.0417
1482454003.376685,1391.1817
1482454004.382743,1344.9365
1482454005.387800,1323.9669
1482454006.393858,1323.5559
1482454007.300910,1321.9859
1482454008.306967,1320.1755
1482454009.316025,1295.2731
1482454010.325083,1291.1031
1482454011.337140,1280.5689
1482454012.350198,1315.9101
1482454013.365256,1314.4745
1482454014.380315,1269.7465
1482454015.392372,1271.4863
1482454016.305425,1264.8618
1482454017.321483,1291.0052
1482454018.338541,1297.4332
1482454019.357599,1304.0380
1482454020.363657,1298.4470
1482454021.368714,1292.3048
1482454022.373772,1295.4142
1482454023.379829,1297.0174
1482454024.387887,1309.8757
1482454025.393944,1314.0854
1482454026.300996,1313.7021
1482454027.316054,1329.0274
1482454028.337113,1319.1774
1482454029.356171,1354.5634
1482454030.374229,1336.2857
1482454031.389287,1347.9939
1482454032.310340,1306.8921
1482454033.327398,1306.1745
1482454034.343456,1315.9618
1482454035.364515,1321.6081
1482454036.377573,1318.5697
1482454037.393631,1321.2037
1482454038.303683,1316.8300
1482454039.312741,1354.9465
1482454040.319798,1372.6478
1482454041.329856,1363.0257
1482454042.338914,1357.1028
1482454043.345971,1380.6670
1482454044.356029,1378.3166
1482454045.362087,1401.2251
1482454046.370144,1401.2628
1482454047.378202,1411.7973
1482454048.383259,1399.3800
1482454049.390317,1443.2332
1482454050.398375,1425.5174
1482454051.303426,1421.3773
1482454052.310484,1420.5321
1482454053.317542,1450.3577
1482454054.331600,1429.2697
1482454055.339657,1414.2039
1482454056.345715,1414.8683
1482454057.351772,1344.4069
1482454058.358830,1333.3622
1482454059.364887,1333.2613
1482454060.372945,1356.7563
1482454061.380003,1327.8650
1482454062.388060,1345.9359
1482454063.303113,1351.5489
1482454064.309170,1363.6658
1482454065.318228,1316.6952
1482454066.340286,1283.2782
1482454067.355345,1277.9402
1482454068.376403,1251.1567
1482454069.391461,1251.4337
1482454070.308513,1264.0125
1482454071.323571,1271.2311
1482454072.339630,1268.6426
1482454073.361688,1270.5758
1482454074.366746,1286.2927
1482454075.372803,1245.0035
1482454076.377861,1253.5123
1482454077.384918,1256.3640
1482454078.390976,1246.6992
1482454079.396033,1255.9283
1482454080.401091,1210.3198
1482454081.306142,1231.4604
1482454082.313200,1172.4312
1482454083.329258,1147.1163
1482454084.344316,1139.7194
1482454085.351374,1156.5145
1482454086.357431,1165.6559
1482454087.363489,1146.0791
1482454088.377547,1160.6433
1482454089.384605,1141.4179
1482454090.395662,1144.4588
1482454091.307715,1146.8993
1482454092.314772,1167.8480
1482454093.323830,1146.2688
1482454094.328887,1189.1273
1482454095.333945,1185.3989
1482454096.346003,1205.8639
1482454097.353060,1218.5716
1482454098.361118,1202.3868
1482454099.370176,1228.3205
1482454100.377233,1258.5460
1482454101.385291,1272.4374
1482454102.393349,1259.6467
1482454103.399406,1261.7117
1482454104.306458,1343.8723
1482454105.313516,1338.5715
1482454106.319573,1330.0167
1482454107.329631,1271.7741
1482454108.335688,1272.9212
1482454109.344746,1236.4178
1482454110.351804,1283.4256
1482454111.359861,1249.0950
1482454112.367919,1244.5028
1482454113.379977,1238.7881
1482454114.387035,1232.4382
1482454115.394092,1165.9962
1482454116.401150,1025.7588
1482454117.309202,977.2888
1482454118.319259,1012.2873
1482454119.324317,1024.8121
1482454120.331375,1002.6193
1482454121.337432,1003.8158
1482454122.344490,1007.5402
1482454123.352547,987.1602
1482454124.361605,1005.1076
1482454125.372663,990.4048
1482454126.380721,996.6606
1482454127.308774,998.1044
1482454128.317831,1018.1701
1482454129.323889,1006.7806
1482454130.331947,1011.0809
1482454131.339004,1014.2001
1482454132.345062,1020.8469
1482454133.354119,1021.2200
1482454134.382178,1016.1217
1482454135.390236,1013.2657
1482454136.398294,1012.6720
1482454137.407351,1016.7266
1482454138.342405,982.3332
1482454139.359463,976.6870
1482454140.376521,987.0230
1482454141.399580,966.4058
1482454142.316632,967.0675
1482454143.329690,930.9555
1482454144.345748,931.6601
1482454145.371807,830.2822
1482454146.388865,817.8736
1482454147.308918,836.7421
1482454148.319975,836.7252
1482454149.335033,806.7739
1482454150.345091,804.8743
1482454151.355149,810.4084
1482454152.366207,812.9146
1482454153.373264,818.1470
1482454154.381322,772.1116
1482454155.307375,769.0424
1482454156.320433,774.9487
1482454157.333491,777.6439
1482454158.356549,781.1996
1482454159.368607,789.4255
1482454160.379665,798.4076
1482454161.391723,817.8426
1482454162.310776,802.8953
1482454163.321833,808.3453
1482454164.331891,807.0952
1482454165.352950,815.7910
1482454166.363007,819.3571
1482454167.376065,791.7789
1482454168.391123,801.3456
1482454169.401181,822.3970
1482454170.315233,809.9414
1482454171.323291,806.7104
1482454172.336349,804.0429
1482454173.349407,788.3851
1482454174.363465,797.5734
1482454175.377523,784.2519
1482454176.311576,783.7828
1482454177.327635,791.6556
1482454178.337692,788.7331
1482454179.349750,791.9594
1482454180.359808,807.2647
1482454181.372866,838.9494
1482454182.312920,835.3569
1482454183.334978,809.1420
1482454184.354036,806.1248
1482454185.370095,802.5054
1482454186.393153,772.3081
1482454187.321206,771.0165
1482454188.345265,761.8096
1482454189.370323,751.3226
1482454190.392382,709.0829
1482454191.399439,702.6147
1482454192.408497,696.3725
1482454193.322549,697.8376
1482454194.346608,701.3274
1482454195.371667,659.8948
1482454196.396725,659.4595
1482454197.413783,662.8856
1482454198.321835,665.4790
1482454199.341894,673.0276
1482454200.347951,678.0251
1482454201.353009,645.8523
1482454202.360066,631.0919
1482454203.379125,638.6811
1482454204.391183,602.4599
1482454205.410241,596.6147
1482454206.328293,614.2778
1482454207.344351,592.6870
1482454208.361410,561.9715
1482454209.390468,564.1373
1482454210.398526,562.3695
1482454211.406584,568.0985
1482454212.318636,581.7101
1482454213.326694,574.7660
1482454214.334751,603.9881
1482454215.352809,560.6307
1482454216.359867,556.5925
1482454217.369925,549.2523
1482454218.378983,547.1106
1482454219.397041,547.2491
1482454220.320094,547.3521
1482454221.337152,559.8822
1482454222.353210,559.7067
1482454223.366268,550.2447
1482454224.384326,550.3510
1482454225.403384,541.2568
1482454226.343438,519.2578
1482454227.351496,526.6543
1482454228.356553,526.2708
1482454229.361611,533.2555
1482454230.367668,532.8021
1482454231.372726,526.2332
1482454232.377783,525.5430
1482454233.383841,524.3230
1482454234.396899,528.7379
1482454235.401956,534.1356
1482454236.408014,548.5453
1482454237.415071,545.6596
1482454238.321123,550.2235
1482454239.326181,531.5690
1482454240.334238,533.5802
1482454241.345296,517.3477
1482454242.363354,528.1164
1482454243.383413,523.3368
1482454244.400471,531.4050
1482454245.419529,530.7860
1482454246.338582,542.5721
1482454247.348640,553.2282
1482454248.359697,602.3375
1482454249.382756,613.8484
1482454250.400814,614.4230
1482454251.322867,605.8624
1482454252.341925,611.1873
1482454253.359983,608.5741
1482454254.380042,612.8451
1482454255.399100,598.2804
1482454256.418158,598.5122
1482454257.339211,600.0688
1482454258.356269,606.5934
1482454259.373327,631.2393
1482454260.396386,634.8140
1482454261.413444,629.0686
1482454262.334497,629.7121
1482454263.351555,629.7176
1482454264.368613,615.4528
1482454265.390671,615.3470
1482454266.406730,620.6397
1482454267.415787,624.8835
1482454268.325839,630.9209
1482454269.337897,628.0413
1482454270.342955,630.8146
1482454271.350012,637.3636
1482454272.359070,651.1575
1482454273.367128,652.8150
1482454274.393186,627.2909
1482454275.399244,633.6209
1482454276.408302,645.3254
1482454277.417359,645.9349
1482454278.324411,646.6208
1482454279.330469,649.7920
1482454280.337526,651.1093
1482454281.344584,648.0154
1482454282.353642,678.8172
1482454283.375700,678.3328
1482454284.385758,662.8035
1482454285.397816,666.2652
1482454286.405873,691.2292
1482454287.414931,694.6822
1482454288.324983,694.2997
1482454289.333041,689.3451
1482454290.340099,693.1238
1482454291.365157,697.6067
1482454292.373215,704.4836
1482454293.382273,704.0666
1482454294.390330,705.7165
1482454295.397388,707.9127
1482454296.404445,705.6304
1482454297.411503,700.5939
1482454298.322555,698.9513
1482454299.331613,711.0638
1482454300.336670,710.9615
1482454301.341728,714.4844
1482454302.346785,714.7497
1482454303.352843,702.9663
1482454304.360900,704.9195
1482454305.370958,704.5350
1482454306.391017,701.8265
1482454307.398074,690.7166
1482454308.411132,693.1004
1482454309.327185,699.5649
1482454310.336242,677.8995
1482454311.351300,682.7010
1482454312.359358,679.1001
1482454313.366416,690.3913
1482454314.375473,696.1109
1482454315.383531,695.6319
1482454316.392589,701.5546
1482454317.400646,718.1849
1482454318.407704,716.6987
1482454319.416762,707.0695
1482454320.328814,705.0720
1482454321.335871,696.5433
1482454322.340929,695.2819
1482454323.350987,702.2373
1482454324.360044,703.4555
1482454325.370102,706.4785
1482454326.378160,705.4775
1482454327.389218,694.0223
1482454328.414276,693.4671
1482454329.323328,711.3531
1482454330.332386,714.3917
1482454331.339444,707.2279
1482454332.390504,701.4935
1482454333.399561,702.7659
1482454334.322614,699.3465
1482454335.330672,720.0940
1482454336.337729,723.1735
1482454337.352787,695.5277
1482454338.360845,707.0071
1482454339.367903,714.3755
1482454340.374960,705.3026
1482454341.384018,721.9591
1482454342.395076,726.6770
1482454343.408134,701.2923
1482454344.418192,706.5743
1482454345.326244,707.8405
1482454346.336301,698.5685
1482454347.344359,698.5433
1482454348.373418,698.1402
1482454349.381475,690.1200
1482454350.404534,687.1343
1482454351.414592,671.7098
1482454352.324644,669.5889
1482454353.333702,648.3107
1482454354.345759,649.6086
1482454355.382819,651.1701
1482454356.392877,651.0157
1482454357.332930,654.0296
1482454358.345988,673.8531
1482454359.355046,679.2752
1482454360.365104,685.9077
1482454361.377162,677.7726
1482454362.390220,678.4888
1482454363.405278,674.8215
1482454364.418336,707.4987
1482454365.329388,686.5750
1482454366.340445,689.2534
1482454367.350503,674.6499
1482454368.359561,670.7237
1482454369.371619,671.3603
1482454370.394677,670.1504
1482454371.404735,674.8254
1482454372.414793,684.4217
1482454373.423851,673.7302
1482454374.336903,672.2832
1482454375.343960,681.7022
1482454376.351018,679.8908
1482454377.368076,687.4326
1482454378.382134,669.7173
1482454379.393192,664.8737
1482454380.403250,664.2995
1482454381.418308,666.6621
1482454382.330360,665.7628
1482454383.339418,673.6723
1482454384.348475,676.4647
1482454385.389535,675.9313
1482454386.400593,682.0155
1482454387.418651,707.1565
1482454388.325703,710.1146
1482454389.333761,710.0439
1482454390.338818,716.9739
1482454391.347876,718.1227
1482454392.355933,725.4238
1482454393.360991,737.8038
1482454394.368049,735.5180
1482454395.375106,745.7032
1482454396.382164,755.9211
1482454397.392222,758.8330
1482454398.399279,761.3935
1482454399.405337,760.5493
1482454400.412394,720.8930
1482454401.418452,699.3763
1482454402.425509,698.8364
1482454403.334561,713.7136
1482454404.344619,714.7105
1482454405.352677,720.0484
1482454406.375735,705.5649
1482454407.383793,703.4515
1482454408.390851,714.2262
1482454409.399908,698.3312
1482454410.409966,696.0435
1482454411.417024,694.7344
1482454412.425081,698.3632
1482454413.343134,697.1489
1482454414.351192,675.6496
1482454415.358249,665.6433
1482454416.389308,656.8455
1482454417.394366,663.0592
1482454418.400423,634.5585
1482454419.407481,617.8833
1482454420.413538,626.0841
1482454421.419596,623.9084
1482454422.424653,629.3448
1482454423.429711,625.8746
1482454424.438769,611.2588
1482454425.346820,611.6603
1482454426.352878,615.1057
1482454427.357935,613.7494
1482454428.363993,604.7919
1482454429.373051,602.2048
1482454430.381108,602.6025
1482454431.390166,600.0859
1482454432.398224,585.8303
1482454433.407281,584.6632
1482454434.417339,588.3205
1482454435.426397,590.9242
1482454436.344449,593.5491
1482454437.360508,585.5999
1482454438.377566,534.7658
1482454439.396624,524.8009
1482454440.403682,524.8047
1482454441.412739,540.7344
1482454442.346793,543.8201
1482454443.363851,545.5018
1482454444.370909,547.9114
1482454445.379966,535.8700
1482454446.398025,533.0464
1482454447.417083,538.7525
1482454448.430141,530.1513
1482454449.367194,526.7508
1482454450.388253,527.1999
1482454451.393310,526.0187
1482454452.407368,520.7618
1482454453.419426,512.4688
1482454454.425484,517.5443
1482454455.433541,510.3658
1482454456.348594,511.5813
1482454457.357651,504.8622
1482454458.375710,506.7143
1482454459.396768,503.2568
1482454460.413826,519.2927
1482454461.436885,543.4208
1482454462.368938,551.9443
1482454463.378996,552.1773
1482454464.387053,556.2621
1482454465.394111,555.6682
1482454466.402169,561.1274
1482454467.409226,559.4098
1482454468.417284,596.8560
1482454469.425342,594.4736
1482454470.439400,572.4931
1482454471.347452,564.2319
1482454472.357509,572.5310
1482454473.374567,571.9481
1482454474.397626,566.1940
1482454475.415684,558.3739
1482454476.435743,558.3845
1482454477.354795,505.4569
1482454478.371853,509.6243
1482454479.387911,515.6251
1482454480.409970,516.3875
1482454481.425028,515.4591
1482454482.442086,512.3282
1482454483.350138,514.2334
1482454484.358196,515.9268
1482454485.367253,518.0841
1482454486.374311,516.3753
1482454487.382369,516.3521
1482454488.391426,509.3664
1482454489.400484,508.5420
1482454490.409542,528.2781
1482454491.429600,527.9109
1482454492.438658,542.3840
1482454493.355710,549.5245
1482454494.364768,547.7317
1482454495.371826,542.4980
1482454496.389884,542.9823
1482454497.399942,561.3847
1482454498.441001,561.0733
1482454499.350053,570.1971
1482454500.358111,578.8769
1482454501.367169,566.9413
1482454502.373226,564.3987
1482454503.383284,556.9049
1482454504.393342,563.2244
1482454505.402399,562.0240
1482454506.412457,558.9497
1482454507.421515,556.9966
1482454508.431573,547.2403
1482454509.440630,547.3899
1482454510.348682,555.1080
1482454511.356740,553.9828
1482454512.362797,555.0241
1482454513.370855,554.5221
1482454514.378913,558.5681
1482454515.385970,564.4302
1482454516.395028,559.0290
1482454517.401086,569.5499
1482454518.418144,571.6923
1482454519.428202,571.7064
1482454520.443260,559.6355
1482454521.350312,571.4164
1482454522.357369,572.2688
1482454523.364427,577.2525
1482454524.373484,588.4266
1482454525.379542,590.5584
1482454526.387600,591.9908
1482454527.397657,592.5912
1482454528.420716,589.6465
1482454529.439774,601.0533
1482454530.362827,605.0458
1482454531.383885,604.1686
1482454532.389943,603.9441
1482454533.398001,607.2094
1482454534.405058,605.3024
1482454535.412116,607.4836
1482454536.420173,609.2669
1482454537.431231,610.5749
1482454538.353284,607.9759
1482454539.362342,610.2589
1482454540.371399,627.7336
1482454541.379457,622.4986
1482454542.386515,622.2765
1482454543.395572,621.3106
1482454544.403630,623.5096
1482454545.411688,609.5648
1482454546.419745,612.7142
1482454547.427803,619.4902
1482454548.436861,583.4529
1482454549.445919,579.0803
1482454550.354971,570.6732
1482454551.361028,572.2903
1482454552.367086,571.5490
1482454553.374143,571.7140
1482454554.386201,566.6112
1482454555.409260,565.4936
1482454556.427318,560.1133
1482454557.449376,558.6702
1482454558.369429,584.2230
1482454559.391487,583.7794
1482454560.403545,587.5301
1482454561.412603,612.7384
1482454562.422661,614.9841
1482454563.429718,614.2590
1482454564.441776,631.9588
1482454565.354828,631.8029
1482454566.362886,655.6232
1482454567.370944,654.9689
1482454568.379001,651.9033
1482454569.389059,650.4369
1482454570.399117,648.1582
1482454571.406175,645.0602
1482454572.416232,639.9934
1482454573.426290,634.7060
1482454574.433348,643.3754
1482454575.443405,640.8095
1482454576.450463,640.7658
1482454577.363515,641.5630
1482454578.369573,641.7598
1482454579.375630,640.5748
1482454580.383688,627.0515
1482454581.392746,631.1794
1482454582.400803,631.4398
1482454583.410861,629.9881
1482454584.420919,599.5199
1482454585.426977,591.2943
1482454586.437034,591.5373
1482454587.446092,593.1579
1482454588.356144,595.6956
1482454589.367202,595.8374
1482454590.376260,598.7827
1482454591.400318,607.3329
1482454592.410376,629.8710
1482454593.419434,639.4434
1482454594.426491,606.3902
1482454595.435549,641.2465
1482454596.445607,641.2193
1482454597.354659,641.2174
1482454598.362716,639.9800
1482454599.371774,644.1321
1482454600.382832,635.7321
1482454601.393890,632.7624
1482454602.401947,632.7764
1482454603.423006,641.3551
1482454604.432064,640.7654
1482454605.358117,659.0090
1482454606.366174,658.5606
1482454607.373232,663.9628
1482454608.384290,663.7213
1482454609.392347,640.9083
1482454610.417406,639.9721
1482454611.423463,641.2413
1482454612.359517,627.0535
1482454613.368575,611.2496
1482454614.378632,608.6042
1482454615.387690,604.7500
1482454616.396748,604.1450
1482454617.412806,607.1107
1482454618.421864,592.2417
1482454619.429921,582.6703
1482454620.440979,582.2440
1482454621.449037,571.7401
1482454622.369089,596.7868
1482454623.378147,594.9639
1482454624.384205,590.2068
1482454625.420264,592.0059
1482454626.428322,590.9365
1482454627.451380,582.5302
1482454628.362432,579.3112
1482454629.371490,627.6014
1482454630.379548,620.5118
1482454631.424607,621.0355
1482454632.433665,617.6343
1482454633.452723,609.2283
1482454634.360775,626.6946
1482454635.368833,627.2349
1482454636.400892,628.9555
1482454637.409950,616.1646
1482454638.436008,611.9122
1482454639.456067,620.5635
1482454640.384120,621.6893
1482454641.405178,619.0768
1482454642.428237,604.4011
1482454643.451295,592.1730
1482454644.370348,595.1463
1482454645.389406,595.6010
1482454646.408464,597.8851
1482454647.432523,598.6882
1482454648.450581,601.7864
1482454649.359633,649.9674
1482454650.365691,643.6254
1482454651.372748,638.0142
1482454652.393807,651.7496
1482454653.401864,653.1754
1482454654.426923,658.8663
1482454655.434981,663.1907
1482454656.444038,668.2787
1482454657.451096,681.3701
1482454658.366148,677.0424
1482454659.375206,675.6934
1482454660.381264,654.8037
1482454661.391321,669.1222
1482454662.404379,669.9405
1482454663.418437,668.5954
1482454664.426495,685.4022
1482454665.436553,702.1554
1482454666.445611,704.2954
1482454667.454668,691.6474
1482454668.365720,688.0922
1482454669.377778,698.6883
1482454670.387836,696.3331
1482454671.407894,708.7704
1482454672.413952,708.7591
1482454673.421009,711.2747
1482454674.450068,707.5270
1482454675.456126,701.8978
1482454676.362178,662.1808
1482454677.368235,661.3786
1482454678.374293,661.3696
1482454679.384351,644.2610
1482454680.398409,617.9102
1482454681.408466,648.4365
1482454682.417524,645.1321
1482454683.426582,644.1476
1482454684.434639,641.2461
1482454685.442697,629.7218
1482454686.369750,605.0576
1482454687.376808,601.4835
1482454688.382865,601.6602
1482454689.389923,606.3960
1482454690.397981,604.0746
1482454691.404038,588.7388
1482454692.410096,584.0121
1482454693.416153,577.6311
1482454694.423211,577.5100
1482454695.433269,574.8402
1482454696.439326,574.0225
1482454697.455384,578.2484
1482454698.362436,577.5812
1482454699.368494,579.4256
1482454700.375551,578.1966
1482454701.385609,577.3610
1482454702.401667,579.9392
1482454703.410725,577.4595
1482454704.419783,573.2010
1482454705.430840,567.2668
1482454706.441898,565.8154
1482454707.364951,574.8917
1482454708.373009,577.4510
1482454709.382066,570.2932
1482454710.392124,564.9300
1482454711.400182,577.3376
1482454712.420240,585.6010
1482454713.429298,586.8624
1482454714.437355,582.9354
1482454715.448413,588.4393
1482454716.459471,586.0379
1482454717.368523,587.8958
1482454718.376581,587.9262
1482454719.384638,583.3214
1482454720.393696,586.5266
1482454721.399754,589.6725
1482454722.409811,590.9394
1482454723.418869,591.1150
1482454724.440928,543.9929
1482454725.463986,543.2773
1482454726.389039,542.7567
1482454727.409097,543.7523
1482454728.427156,531.5286
1482454729.437213,541.9362
1482454730.445271,565.0314
1482454731.454329,568.4071
1482454732.464387,592.4259
1482454733.373439,590.5606
1482454734.386497,595.4891
1482454735.397554,595.8842
1482454736.421613,603.7097
1482454737.440671,601.4840
1482454738.463730,597.4004
1482454739.381782,602.2184
1482454740.397840,584.0974
1482454741.411898,567.8618
1482454742.430957,567.1561
1482454743.452015,549.6167
1482454744.465073,546.4743
1482454745.381125,543.5576
1482454746.394183,548.2689
1482454747.400241,550.3190
1482454748.407298,539.2747
1482454749.415356,544.3288
1482454750.423414,554.4724
1482454751.433472,554.0746
1482454752.443529,565.2432
1482454753.461588,561.6959
1482454754.369639,533.1408
1482454755.378697,530.7886
1482454756.386755,531.6920
1482454757.396813,569.3141
1482454758.403870,560.6585
1482454759.414928,558.5988
1482454760.424986,566.0030
1482454761.434044,563.9473
1482454762.445101,563.6246
1482454763.452159,562.5790
1482454764.461217,562.4483
1482454765.370269,565.6683
1482454766.402328,565.7738
1482454767.416386,574.2956
1482454768.423443,572.4645
1482454769.432501,544.9000
1482454770.440559,573.3012
1482454771.446616,571.9089
1482454772.456674,567.4838
1482454773.464732,571.6589
1482454774.372784,565.6236
1482454775.379841,540.2132
1482454776.388899,540.0376
1482454777.409957,541.1386
1482454778.421015,528.9680
1482454779.429073,553.1642
1482454780.437130,553.9369
1482454781.446188,539.1867
1482454782.469247,531.2118
1482454783.400300,550.9582
1482454784.421358,501.2061
1482454785.441417,503.0273
1482454786.463475,509.0034
1482454787.377527,508.0712
1482454788.384585,492.5454
1482454789.392643,487.1164
1482454790.401700,486.8605
1482454791.406758,471.3274
1482454792.413815,470.8901
1482454793.420873,475.0136
1482454794.431931,479.0356
1482454795.439989,479.5890
1482454796.390043,465.4185
1482454797.397101,466.3864
1482454798.405158,465.6949
1482454799.414216,463.7613
1482454800.421273,460.1569
1482454801.431331,461.1280
1482454802.444389,461.0458
1482454803.372442,461.8897
1482454804.380500,459.4002
1482454805.390558,458.7248
1482454806.399615,461.3790
1482454807.418674,458.8569
1482454808.437732,466.6697
1482454809.448790,467.0071
1482454810.467848,466.4055
1482454811.384901,481.4721
1482454812.397959,485.2348
1482454813.413017,477.5356
