144	66	75	0	2638
144	73	75	0	2644
144	54	75	0	2650
144	61	75	0	2656
144	66	0	0	4581
144	70	75	0	4652
144	73	0	0	4828
144	71	75	0	5267
144	70	0	0	5293
144	71	0	0	5516
144	73	75	0	5521
144	74	75	0	5728
144	73	0	0	5733
144	74	0	0	5929
144	76	75	0	5972
144	78	75	0	6456
144	76	0	0	6462
144	76	75	0	6760
144	78	0	0	6780
144	74	75	0	6906
144	76	0	0	6933
144	73	75	0	7034
144	74	0	0	7044
144	73	0	0	7286
144	74	75	0	7291
144	73	75	0	7523
144	74	0	0	7546
144	73	0	0	7764
144	71	75	0	7769
144	70	75	0	7988
144	71	0	0	8007
144	71	75	0	8240
144	70	0	0	8247
144	71	0	0	8480
144	73	75	0	8485
144	71	75	0	8695
144	73	0	0	8702
144	70	75	0	8920
144	71	0	0	8929
144	67	75	0	9151
144	70	0	0	9172
144	67	0	0	9418
144	66	75	0	9433
144	67	75	0	10142
144	66	0	0	10171
144	70	75	0	10338
144	67	0	0	10396
144	71	75	0	10415
144	70	0	0	10434
144	71	0	0	10577
144	67	75	0	10587
144	70	75	0	10786
144	67	0	0	10831
144	71	75	0	10850
144	70	0	0	10874
144	67	75	0	11036
144	71	0	0	11049
144	70	75	0	11248
144	67	0	0	11271
144	71	75	0	11302
144	70	0	0	11314
144	67	75	0	11472
144	71	0	0	11478
144	70	75	0	11693
144	67	0	0	11732
144	71	75	0	11780
144	70	0	0	11794
144	67	75	0	11946
144	71	0	0	11952
144	70	75	0	12234
144	67	0	0	12275
144	67	75	0	13902
144	70	0	0	13908
144	70	75	0	14136
144	67	0	0	14193
144	71	75	0	14198
144	70	0	0	14216
144	71	0	0	14397
144	67	75	0	14406
144	70	75	0	14592
144	67	0	0	14612
144	71	75	0	14655
144	70	0	0	14678
144	67	75	0	14835
144	71	0	0	14844
144	70	75	0	15037
144	67	0	0	15053
144	71	75	0	15091
144	70	0	0	15111
144	67	75	0	15282
144	71	0	0	15288
144	70	75	0	15463
144	67	0	0	15501
144	71	75	0	15538
144	70	0	0	15550
144	67	75	0	15741
144	71	0	0	15758
144	70	75	0	16006
144	67	0	0	16046
144	71	75	0	16806
144	70	0	0	16857
144	73	75	0	17069
144	71	0	0	17088
144	74	75	0	17306
144	73	0	0	17313
144	76	75	0	17546
144	74	0	0	17553
144	78	75	0	17987
144	76	0	0	18012
144	76	75	0	18260
144	78	0	0	18279
144	74	75	0	18334
144	76	0	0	18344
144	73	75	0	18474
144	74	0	0	18497
144	73	0	0	18668
144	74	75	0	18679
144	73	75	0	18919
144	74	0	0	18925
144	71	75	0	19112
144	73	0	0	19121
144	70	75	0	19329
144	71	0	0	19352
144	70	0	0	19521
144	71	75	0	19561
144	73	75	0	19772
144	71	0	0	19796
144	71	75	0	19959
144	73	0	0	19974
144	70	75	0	20184
144	71	0	0	20191
144	70	0	0	20369
144	67	75	0	20381
144	66	75	0	20614
144	67	0	0	20648
144	66	0	0	21256
144	67	75	0	21265
144	70	75	0	21459
144	67	0	0	21506
144	71	75	0	21516
144	70	0	0	21535
144	71	0	0	21656
144	67	75	0	21666
144	70	75	0	21859
144	67	0	0	21872
144	71	75	0	21884
144	70	0	0	21912
144	67	75	0	22065
144	71	0	0	22084
144	70	75	0	22260
144	67	0	0	22288
144	71	75	0	22324
144	70	0	0	22348
144	71	0	0	22497
144	67	75	0	22513
144	70	75	0	22721
144	67	0	0	22741
144	71	75	0	22746
144	70	0	0	22796
144	71	0	0	22945
144	67	75	0	22961
144	66	75	0	23265
144	73	75	0	23276
144	70	75	0	23302
144	67	0	0	23323
144	66	0	0	24702
144	70	0	0	24711
144	67	75	0	24715
144	73	0	0	24725
144	70	75	0	24908
144	71	75	0	24965
144	67	0	0	24971
144	70	0	0	25007
144	71	0	0	25150
144	67	75	0	25160
144	70	75	0	25373
144	67	0	0	25416
144	71	75	0	25432
144	70	0	0	25469
144	67	75	0	25620
144	71	0	0	25632
144	70	75	0	25808
144	71	75	0	25848
144	67	0	0	25858
144	70	0	0	25904
144	71	0	0	26082
144	67	75	0	26092
144	70	75	0	26335
144	67	0	0	26372
144	71	75	0	26383
144	70	0	0	26404
144	71	0	0	26585
144	67	75	0	26609
144	66	75	0	26870
144	73	75	0	26885
144	67	0	0	26922
144	70	75	0	26930
144	70	0	0	28544
144	73	0	0	28558
144	62	75	0	28562
144	66	0	0	28571
144	66	75	0	28844
144	59	75	0	28891
144	67	75	0	28898
144	62	0	0	28905
144	61	0	0	28915
144	66	0	0	28931
144	62	75	0	29129
144	67	0	0	29158
144	66	75	0	29321
144	62	0	0	29375
144	67	75	0	29387
144	66	0	0	29434
144	62	75	0	29607
144	67	0	0	29616
144	66	75	0	29794
144	62	0	0	29831
144	67	75	0	29866
144	66	0	0	29888
144	62	75	0	30069
144	67	0	0	30079
144	66	75	0	30274
144	62	0	0	30294
144	67	75	0	30299
144	66	0	0	30342
144	62	75	0	30542
144	67	0	0	30551
144	58	75	0	30812
144	61	75	0	30818
144	59	0	0	30835
144	62	0	0	30851
144	62	75	0	32407
144	61	0	0	32495
144	58	0	0	32676
144	59	75	0	32682
144	66	75	0	32688
144	62	0	0	32710
144	67	75	0	32777
144	66	0	0	32828
144	62	75	0	32949
144	67	0	0	32990
144	66	75	0	33165
144	62	0	0	33192
144	67	75	0	33218
144	66	0	0	33251
144	67	0	0	33436
144	62	75	0	33441
144	66	75	0	33653
144	62	0	0	33665
144	67	75	0	33715
144	66	0	0	33721
144	62	75	0	33944
144	67	0	0	33972
144	62	0	0	34214
144	67	75	0	34254
144	62	75	0	34536
144	67	0	0	34634
144	66	75	0	34862
144	58	75	0	34877
144	61	75	0	34883
144	59	0	0	34899
144	62	0	0	34907
144	54	0	0	38994
144	61	0	0	38998
144	58	0	0	39004
144	66	0	0	39009
