192	14	0	0	1279
144	75	75	0	4018
144	63	75	0	6369
144	67	75	0	6374
144	70	75	0	6380
144	63	0	0	9539
192	11	0	0	10899
192	10	0	0	13036
144	63	75	0	14218
144	62	75	0	15568
144	63	0	0	15577
144	63	75	0	15857
144	62	0	0	15882
144	61	75	0	16585
144	63	0	0	16628
144	59	75	0	17139
144	61	0	0	17152
144	58	75	0	17678
144	59	0	0	17690
144	59	75	0	17912
144	58	0	0	17932
144	61	75	0	18138
144	59	0	0	18183
144	63	75	0	18376
144	61	0	0	18424
144	61	75	0	18608
144	63	0	0	18651
144	61	0	0	18785
144	59	75	0	18791
144	58	75	0	19063
144	59	0	0	19112
144	56	75	0	20940
144	58	0	0	20967
144	55	75	0	21177
144	56	0	0	21187
144	58	75	0	21466
144	51	75	0	21745
144	59	75	0	23458
144	58	0	0	23469
144	58	75	0	24371
144	59	0	0	24416
144	56	75	0	25409
144	58	0	0	25434
144	59	75	0	26461
144	56	0	0	26472
144	55	0	0	27380
144	58	75	0	27417
144	59	0	0	27473
144	59	75	0	27691
144	58	0	0	27727
144	51	0	0	27956
144	62	75	0	28013
144	59	0	0	28071
144	59	75	0	28318
144	62	0	0	28380
144	58	75	0	28613
144	59	0	0	28642
144	59	75	0	28866
144	58	0	0	28942
144	62	75	0	29160
144	59	0	0	29282
144	63	75	0	29472
144	62	0	0	29534
144	63	0	0	29603
144	63	75	0	29715
144	62	75	0	29907
144	63	0	0	29937
144	59	75	0	30117
144	62	0	0	30124
144	58	75	0	30317
144	59	0	0	30362
144	58	0	0	30441
144	63	75	0	30536
144	62	75	0	30705
144	63	0	0	30731
144	62	0	0	30929
144	59	75	0	30951
144	58	75	0	31088
144	59	0	0	31135
144	58	0	0	31233
144	58	75	0	31291
144	56	75	0	31421
144	58	0	0	31486
144	56	0	0	31607
144	55	75	0	31620
144	52	75	0	31795
144	55	0	0	31811
144	51	75	0	31977
144	52	0	0	32013
144	52	75	0	32141
144	51	0	0	32185
144	52	0	0	32326
144	55	75	0	32330
144	56	75	0	32503
144	55	0	0	32518
144	58	75	0	32700
144	56	0	0	32748
144	56	75	0	32879
144	58	0	0	32923
144	55	75	0	33046
144	56	0	0	33055
144	56	75	0	33224
144	55	0	0	33243
144	58	75	0	33428
144	56	0	0	33471
144	56	75	0	33643
144	58	0	0	33663
144	56	0	0	33732
144	59	75	0	33767
144	58	75	0	33959
144	59	0	0	34012
144	56	75	0	34148
144	58	0	0	34174
144	55	75	0	34340
144	56	0	0	34349
144	56	75	0	34495
144	55	0	0	34526
144	56	0	0	34697
144	52	75	0	34703
144	55	75	0	34866
144	52	0	0	34920
144	51	75	0	35046
144	55	0	0	35079
144	51	0	0	35238
144	52	75	0	35243
144	49	75	0	35442
144	52	0	0	35452
144	49	0	0	35608
144	51	75	0	35634
144	51	0	0	35850
144	52	75	0	35857
144	51	75	0	36017
144	52	0	0	36050
144	49	75	0	36209
144	51	0	0	36234
144	49	0	0	36393
144	47	75	0	36412
144	49	75	0	36565
144	47	0	0	36596
144	46	75	0	36940
144	49	0	0	36949
144	47	75	0	37429
144	46	0	0	37451
144	49	75	0	37577
144	47	0	0	37621
144	51	75	0	37760
144	49	0	0	37808
144	52	75	0	37967
144	51	0	0	37991
144	51	75	0	38121
144	52	0	0	38182
144	49	75	0	38293
144	51	0	0	38325
144	49	0	0	38491
144	47	75	0	38511
144	46	75	0	38695
144	47	0	0	38713
144	46	0	0	38777
144	46	75	0	38872
144	47	75	0	39031
144	46	0	0	39054
144	46	75	0	39183
144	47	0	0	39226
144	44	75	0	39367
144	46	0	0	39393
144	44	0	0	39542
144	43	75	0	39548
144	44	75	0	39708
144	43	0	0	39748
144	46	75	0	39919
144	44	0	0	39953
144	44	75	0	40124
144	46	0	0	40167
144	43	75	0	40348
144	44	0	0	40364
144	40	75	0	40763
144	43	0	0	40794
144	40	0	0	41186
144	39	75	0	41204
144	43	75	0	41647
144	39	0	0	41676
144	40	75	0	42028
144	43	0	0	42041
144	40	0	0	42455
144	39	75	0	42476
144	39	0	0	42861
144	43	75	0	42866
144	44	75	0	43240
144	43	0	0	43305
144	46	75	0	43670
144	44	0	0	43695
144	43	75	0	44064
144	46	0	0	44074
144	43	0	0	44431
144	44	75	0	44448
144	46	75	0	44807
144	44	0	0	44813
144	46	0	0	45182
144	47	75	0	45187
144	47	0	0	45356
144	46	75	0	45363
144	47	75	0	45471
144	46	0	0	45495
144	46	75	0	45567
144	47	0	0	45607
144	44	75	0	45728
144	46	0	0	45776
144	44	0	0	46021
144	43	75	0	46033
144	40	75	0	46294
144	43	0	0	46305
144	39	75	0	46537
144	40	0	0	46548
144	39	0	0	46760
144	39	75	0	46811
144	40	75	0	47043
144	39	0	0	47097
144	40	0	0	47246
144	43	75	0	47257
144	44	75	0	47452
144	43	0	0	47509
144	46	75	0	47692
144	44	0	0	47746
144	47	75	0	47901
144	46	0	0	47923
144	49	75	0	48096
144	47	0	0	48147
144	51	75	0	48323
144	49	0	0	48359
144	52	75	0	48600
144	51	0	0	48611
144	54	75	0	48851
144	52	0	0	48917
144	56	75	0	49145
144	54	0	0	49199
144	58	75	0	49656
144	56	0	0	49675
144	59	75	0	49989
144	58	0	0	50000
144	59	0	0	50250
144	58	75	0	50523
144	58	0	0	50888
144	58	75	0	50956
144	59	75	0	51153
144	58	0	0	51172
144	62	75	0	51347
144	59	0	0	51403
144	63	75	0	51530
144	62	0	0	51603
144	63	0	0	51654
144	63	75	0	51732
144	62	75	0	51922
144	63	0	0	51937
144	62	0	0	52122
144	59	75	0	52127
144	58	75	0	52295
144	59	0	0	52364
144	58	0	0	52441
144	58	75	0	52505
144	56	75	0	52683
144	58	0	0	52750
144	56	0	0	52858
144	55	75	0	52867
144	52	75	0	53062
144	55	0	0	53068
144	51	75	0	53231
144	52	0	0	53254
144	52	75	0	53275
144	52	0	0	53336
144	51	0	0	53438
144	51	75	0	53527
144	51	0	0	53676
144	51	75	0	53684
144	52	75	0	54379
144	51	0	0	54388
144	52	0	0	54551
144	55	75	0	54564
144	56	75	0	54759
144	55	0	0	54807
144	56	0	0	54842
144	56	75	0	54935
144	55	75	0	55086
144	56	0	0	55092
144	52	75	0	55272
144	55	0	0	55286
144	51	75	0	55434
144	52	0	0	55484
144	51	0	0	55573
144	51	75	0	55649
144	49	75	0	55820
144	51	0	0	55884
144	49	0	0	56005
144	48	75	0	56014
144	45	75	0	56216
144	48	0	0	56241
144	44	75	0	56400
144	45	0	0	56443
144	44	0	0	57295
144	45	75	0	57302
144	45	0	0	57453
144	48	75	0	57502
144	49	75	0	57654
144	48	0	0	57708
144	49	0	0	57763
144	49	75	0	57841
144	48	75	0	58021
144	49	0	0	58039
144	45	75	0	58236
144	48	0	0	58262
144	44	75	0	58399
144	45	0	0	58439
144	44	0	0	58531
144	44	75	0	58595
144	42	75	0	58778
144	44	0	0	58828
144	41	75	0	58971
144	42	0	0	58977
144	38	75	0	59204
144	41	0	0	59234
144	37	75	0	59406
144	38	0	0	59450
144	39	75	0	60983
144	37	0	0	61015
144	39	0	0	62498
144	37	75	0	62611
144	38	75	0	63225
144	37	0	0	63320
144	41	75	0	63679
144	38	0	0	63694
144	42	75	0	63935
144	41	0	0	63999
144	42	0	0	64089
144	42	75	0	64167
144	41	75	0	64322
144	42	0	0	64331
144	38	75	0	64533
144	41	0	0	64539
144	37	75	0	64712
144	38	0	0	64763
144	37	0	0	64827
144	37	75	0	64907
144	38	75	0	65028
144	37	0	0	65121
144	38	0	0	65236
144	41	75	0	65245
144	42	75	0	65423
144	41	0	0	65473
144	44	75	0	65626
144	42	0	0	65677
144	45	75	0	65843
144	44	0	0	65854
144	48	75	0	66048
144	45	0	0	66087
144	49	75	0	66207
144	48	0	0	66243
144	49	0	0	66315
144	49	75	0	66396
144	48	75	0	66568
144	49	0	0	66574
144	45	75	0	66775
144	48	0	0	66786
144	44	75	0	66932
144	45	0	0	66981
144	44	0	0	67064
144	44	75	0	67133
144	45	75	0	67253
144	44	0	0	67327
144	45	0	0	67437
144	48	75	0	67449
144	49	75	0	67601
144	48	0	0	67662
144	51	75	0	67841
144	49	0	0	67857
144	52	75	0	68023
144	51	0	0	68034
144	55	75	0	68200
144	52	0	0	68247
144	54	75	0	68458
144	54	0	0	68566
144	55	0	0	68571
144	56	75	0	68696
144	55	75	0	68914
144	56	0	0	68957
144	52	75	0	69131
144	55	0	0	69142
144	51	75	0	69300
144	52	0	0	69361
144	51	0	0	69400
144	51	75	0	69478
144	52	75	0	69650
144	51	0	0	69690
144	52	0	0	69821
144	55	75	0	69845
144	56	75	0	69976
144	55	0	0	70038
144	58	75	0	70180
144	56	0	0	70216
144	58	0	0	70340
144	59	75	0	70345
144	62	75	0	70501
144	59	0	0	70532
144	63	75	0	70664
144	62	0	0	70712
144	63	0	0	70755
144	63	75	0	70855
144	62	75	0	70989
144	63	0	0	71000
144	62	0	0	71171
144	59	75	0	71190
144	58	75	0	71326
144	59	0	0	71377
144	58	0	0	71452
144	58	75	0	71511
144	56	75	0	71649
144	58	0	0	71706
144	56	0	0	71806
144	55	75	0	71818
144	55	0	0	72006
144	52	75	0	72020
144	51	75	0	72140
144	52	0	0	72162
144	52	75	0	72302
144	51	0	0	72320
144	55	75	0	72459
144	52	0	0	72467
144	56	75	0	72617
144	55	0	0	72661
144	56	0	0	72757
144	58	75	0	72774
144	56	75	0	72930
144	58	0	0	72977
144	56	0	0	73053
144	55	75	0	73072
144	55	0	0	73245
144	52	75	0	73251
144	51	75	0	73390
144	52	0	0	73426
144	51	0	0	73526
144	52	75	0	73531
144	49	75	0	73699
144	52	0	0	73713
144	51	75	0	73860
144	49	0	0	73866
144	51	0	0	73997
144	52	75	0	74017
144	51	75	0	74195
144	52	0	0	74231
144	49	75	0	74343
144	51	0	0	74386
144	47	75	0	74785
144	49	0	0	74796
144	46	75	0	75111
144	47	0	0	75150
144	75	0	0	76953
144	67	0	0	76958
144	51	75	0	77001
144	70	0	0	77010
144	55	75	0	77142
144	63	75	0	77240
144	63	0	0	77375
144	64	75	0	77382
144	64	0	0	77534
144	67	75	0	77557
144	67	0	0	77628
144	68	75	0	77687
144	68	0	0	77819
144	70	75	0	77825
144	68	75	0	77939
144	70	0	0	77991
144	67	75	0	78037
144	68	0	0	78112
144	67	0	0	78152
144	64	75	0	78157
144	67	75	0	78285
144	64	0	0	78294
144	68	75	0	78399
144	67	0	0	78440
144	70	75	0	78551
144	68	0	0	78558
144	71	75	0	78657
144	70	0	0	78662
144	70	75	0	78789
144	71	0	0	78811
144	68	75	0	78920
144	70	0	0	78971
144	67	75	0	79039
144	68	0	0	79044
144	70	75	0	79154
144	67	0	0	79161
144	70	0	0	79284
144	71	75	0	79296
144	70	75	0	79417
144	71	0	0	79436
144	68	75	0	79509
144	70	0	0	79558
144	67	75	0	79628
144	68	0	0	79634
144	70	75	0	79741
144	67	0	0	79782
144	68	75	0	79831
144	70	0	0	79883
144	68	0	0	79980
144	64	75	0	79995
144	68	75	0	80094
144	64	0	0	80134
144	67	75	0	80205
144	68	0	0	80235
144	64	75	0	80318
144	67	0	0	80356
144	63	75	0	80453
144	62	75	0	80468
144	64	0	0	80479
144	62	0	0	80659
144	63	0	0	80821
144	63	75	0	80915
144	63	0	0	81019
144	64	75	0	81055
144	64	0	0	81151
144	67	75	0	81187
144	68	75	0	81291
144	67	0	0	81313
144	70	75	0	81405
144	68	0	0	81420
144	68	75	0	81556
144	70	0	0	81610
144	67	75	0	81656
144	68	0	0	81705
144	64	75	0	81772
144	67	0	0	81778
144	67	75	0	81863
144	64	0	0	81868
144	68	75	0	81976
144	67	0	0	82010
144	70	75	0	82086
144	68	0	0	82119
144	67	75	0	82205
144	70	0	0	82223
144	70	75	0	82349
144	67	0	0	82356
144	67	75	0	82461
144	70	0	0	82480
144	67	0	0	82603
144	71	75	0	82608
144	68	75	0	82703
144	71	0	0	82746
144	68	0	0	82856
144	71	75	0	82864
144	73	75	0	83134
144	71	0	0	83158
144	70	75	0	83382
144	73	0	0	83447
144	71	75	0	83618
144	70	0	0	83649
144	75	75	0	83850
144	71	0	0	83887
144	71	75	0	83954
144	75	0	0	83964
144	73	75	0	84041
144	71	0	0	84098
144	76	75	0	84200
144	73	0	0	84243
144	75	75	0	84323
144	76	0	0	84379
144	75	0	0	84682
144	75	75	0	84767
144	76	75	0	84869
144	75	0	0	84875
144	76	0	0	85006
144	79	75	0	85012
144	80	75	0	85099
144	79	0	0	85137
144	80	0	0	85238
144	82	75	0	85244
144	85	75	0	85273
144	85	0	0	85306
144	82	0	0	85355
144	82	75	0	85538
144	82	0	0	85757
144	76	75	0	85780
144	77	75	0	85792
144	77	0	0	85890
144	79	75	0	85928
144	76	0	0	85934
144	80	75	0	86037
144	79	0	0	86077
144	82	75	0	86158
144	80	0	0	86194
144	82	0	0	86454
144	85	75	0	86600
144	85	0	0	86778
144	83	75	0	87039
144	83	0	0	87366
144	82	75	0	87397
144	82	0	0	87491
144	83	75	0	87521
144	82	75	0	87635
144	83	0	0	87667
144	80	75	0	87751
144	82	0	0	87771
144	80	0	0	87879
144	79	75	0	87886
144	82	75	0	88020
144	79	0	0	88045
144	80	75	0	88151
144	82	0	0	88188
144	79	75	0	88259
144	80	0	0	88267
144	76	75	0	88379
144	79	0	0	88419
144	76	0	0	88602
144	80	75	0	88607
144	79	75	0	88863
144	80	0	0	88896
144	76	75	0	89088
144	79	0	0	89112
144	76	0	0	89204
144	75	75	0	89345
144	76	75	0	89435
144	75	0	0	89461
144	76	0	0	89584
144	79	75	0	89598
144	80	75	0	89669
144	79	0	0	89714
144	82	75	0	89824
144	80	0	0	89830
144	82	0	0	89947
144	82	75	0	90068
144	82	0	0	90200
144	77	75	0	90312
144	76	75	0	90320
144	77	0	0	90401
144	76	0	0	90444
144	79	75	0	90454
144	80	75	0	90556
144	79	0	0	90596
144	82	75	0	90686
144	80	0	0	90716
144	85	75	0	90814
144	85	0	0	90847
144	84	75	0	90852
144	82	0	0	90918
144	83	75	0	91357
144	84	0	0	91390
144	82	75	0	91820
144	83	0	0	91860
144	80	75	0	92318
144	82	0	0	92335
144	80	0	0	92739
144	79	75	0	92753
144	79	0	0	93049
144	76	75	0	93183
144	79	75	0	93323
144	76	0	0	93355
144	80	75	0	93397
144	79	0	0	93452
144	82	75	0	93506
144	80	0	0	93512
144	76	75	0	93616
144	82	0	0	93630
144	79	75	0	93889
144	82	75	0	94109
144	87	75	0	94342
144	86	75	0	95046
144	87	0	0	95058
144	86	0	0	96626
144	76	0	0	96650
144	79	0	0	96675
144	82	0	0	96683
144	87	75	0	97016
144	75	75	0	97038
144	79	75	0	97045
144	82	75	0	97052
144	82	0	0	97879
144	83	75	0	97940
144	79	0	0	97948
144	87	0	0	97970
144	82	75	0	98858
144	83	0	0	98878
144	82	0	0	99093
144	83	75	0	99116
144	82	75	0	99202
144	83	0	0	99233
144	80	75	0	99247
144	82	0	0	99288
144	82	75	0	99484
144	80	0	0	99505
144	82	0	0	99659
144	83	75	0	99683
144	82	75	0	99911
144	83	0	0	99941
144	80	75	0	100133
144	82	0	0	100183
144	80	0	0	100370
144	79	75	0	100396
144	79	0	0	100508
144	79	75	0	100577
144	80	75	0	100801
144	79	0	0	100821
144	82	75	0	101002
144	80	0	0	101044
144	82	0	0	101184
144	79	75	0	101210
144	80	75	0	101439
144	79	0	0	101458
144	82	75	0	101613
144	80	0	0	101651
144	75	0	0	101681
144	80	75	0	101824
144	82	0	0	101871
144	79	75	0	101991
144	80	0	0	102014
144	79	0	0	102177
144	76	75	0	102231
144	75	75	0	102415
144	76	0	0	102424
144	75	0	0	102500
144	76	75	0	102505
144	75	75	0	102567
144	76	0	0	102612
144	73	75	0	102640
144	75	0	0	102678
144	72	75	0	102860
144	73	0	0	102869
144	72	0	0	103044
144	75	75	0	103058
144	73	75	0	103178
144	75	0	0	103228
144	71	75	0	103294
144	73	0	0	103351
144	69	75	0	103420
144	71	0	0	103451
144	71	75	0	103574
144	69	0	0	103625
144	73	75	0	103856
144	71	0	0	103888
144	75	75	0	104114
144	73	0	0	104131
144	73	75	0	104276
144	75	0	0	104312
144	71	75	0	104369
144	73	0	0	104394
144	71	0	0	104454
144	69	75	0	104459
144	68	75	0	104539
144	69	0	0	104584
144	68	0	0	104971
144	69	75	0	104984
144	69	0	0	105105
144	73	75	0	105166
144	75	75	0	105227
144	73	0	0	105244
144	73	75	0	105354
144	75	0	0	105398
144	71	75	0	105416
144	73	0	0	105459
144	69	75	0	105504
144	71	0	0	105514
144	68	75	0	105593
144	69	0	0	105641
144	68	0	0	105990
144	69	75	0	106009
144	68	75	0	106093
144	69	0	0	106106
144	66	75	0	106124
144	68	0	0	106177
144	66	0	0	106305
144	69	75	0	106339
144	68	75	0	106442
144	69	0	0	106475
144	66	75	0	106535
144	68	0	0	106562
144	66	0	0	106760
144	64	75	0	106765
144	63	75	0	107013
144	64	0	0	107057
144	63	0	0	107512
144	68	75	0	107523
144	69	75	0	107943
144	68	0	0	107952
144	69	0	0	108367
144	71	75	0	108376
144	73	75	0	108787
144	71	0	0	108812
144	73	0	0	109242
144	71	75	0	109259
144	71	0	0	109420
144	73	75	0	109451
144	71	75	0	109550
144	73	0	0	109560
144	69	75	0	109602
144	71	0	0	109641
144	68	75	0	109831
144	69	0	0	109879
144	68	0	0	109925
144	68	75	0	110048
144	75	75	0	111361
144	68	0	0	111404
144	73	75	0	111583
144	75	0	0	111640
144	71	75	0	111806
144	73	0	0	111817
144	69	75	0	112014
144	71	0	0	112021
144	68	75	0	112239
144	69	0	0	112261
144	66	75	0	112434
144	68	0	0	112470
144	64	75	0	112625
144	66	0	0	112631
144	63	75	0	112832
144	64	0	0	112863
144	63	0	0	112939
144	63	75	0	113028
144	64	75	0	113202
144	63	0	0	113215
144	66	75	0	113392
144	64	0	0	113430
144	68	75	0	113550
144	66	0	0	113603
144	69	75	0	113730
144	68	0	0	113758
144	71	75	0	113920
144	69	0	0	113955
144	73	75	0	114114
144	71	0	0	114158
144	75	75	0	114313
144	73	0	0	114346
144	75	0	0	114403
144	75	75	0	114492
144	73	75	0	114643
144	75	0	0	114745
144	71	75	0	114831
144	73	0	0	114881
144	69	75	0	115013
144	71	0	0	115034
144	68	75	0	115197
144	69	0	0	115237
144	66	75	0	115367
144	68	0	0	115419
144	64	75	0	115553
144	66	0	0	115578
144	63	75	0	115740
144	64	0	0	115780
144	63	0	0	115834
144	63	75	0	115908
144	64	75	0	116064
144	63	0	0	116084
144	66	75	0	116247
144	64	0	0	116268
144	68	75	0	116451
144	66	0	0	116469
144	68	0	0	116623
144	69	75	0	116641
144	71	75	0	116838
144	69	0	0	116849
144	73	75	0	117056
144	71	0	0	117062
144	75	75	0	117328
144	73	0	0	117371
144	75	0	0	117522
144	75	75	0	117675
144	69	75	0	118179
144	63	75	0	119429
144	75	0	0	123678
144	69	0	0	123755
144	63	0	0	124361
144	64	75	0	124367
144	64	0	0	124537
144	67	75	0	124583
144	68	75	0	124714
144	67	0	0	124754
144	68	0	0	124907
144	70	75	0	125018
144	68	75	0	125028
144	70	0	0	125053
144	67	75	0	125242
144	68	0	0	125286
144	67	0	0	125434
144	64	75	0	125478
144	63	75	0	125666
144	64	0	0	125702
144	63	0	0	125769
144	51	0	0	125783
144	55	0	0	125798
144	46	0	0	125804
144	63	75	0	125901
144	51	75	0	125901
144	64	75	0	126081
144	52	75	0	126096
144	63	0	0	126110
144	51	0	0	126122
144	64	0	0	126288
144	55	75	0	126297
144	67	75	0	126324
144	52	0	0	126332
144	56	75	0	126453
144	68	75	0	126492
144	55	0	0	126506
144	67	0	0	126525
144	56	0	0	126564
144	68	0	0	126586
144	56	75	0	126657
144	68	75	0	126677
144	55	75	0	126840
144	56	0	0	126848
144	67	75	0	126853
144	68	0	0	126899
144	55	0	0	127032
144	53	75	0	127040
144	52	75	0	127046
144	67	0	0	127054
144	64	75	0	127061
144	53	0	0	127093
144	64	0	0	127229
144	51	75	0	127261
144	63	75	0	127267
144	52	0	0	127298
144	51	0	0	127351
144	63	0	0	127400
144	51	75	0	128481
144	63	75	0	128497
144	64	75	0	128667
144	63	0	0	128673
144	52	75	0	128687
144	51	0	0	128728
144	64	0	0	128866
144	67	75	0	128881
144	52	0	0	128897
144	55	75	0	128902
144	56	75	0	129068
144	68	75	0	129076
144	67	0	0	129100
144	55	0	0	129109
144	58	75	0	129250
144	70	75	0	129260
144	68	0	0	129286
144	56	0	0	129296
144	70	0	0	129448
144	59	75	0	129453
144	58	0	0	129476
144	71	75	0	129481
144	62	75	0	129642
144	71	0	0	129650
144	59	0	0	129678
144	74	75	0	129692
144	63	75	0	129823
144	75	75	0	129850
144	62	0	0	129868
144	74	0	0	129883
144	63	0	0	129913
144	75	0	0	129928
144	63	75	0	130003
144	75	75	0	130035
144	62	75	0	130123
144	63	0	0	130165
144	74	75	0	130182
144	75	0	0	130239
144	59	75	0	130320
144	62	0	0	130328
144	74	0	0	130338
144	71	75	0	130358
144	58	75	0	130492
144	70	75	0	130515
144	59	0	0	130525
144	71	0	0	130532
144	70	0	0	130597
144	58	0	0	130612
144	58	75	0	130679
144	70	75	0	130689
144	56	75	0	130819
144	68	75	0	130834
144	58	0	0	130864
144	70	0	0	130881
144	56	0	0	130980
144	68	0	0	130996
144	67	75	0	131001
144	55	75	0	131016
144	55	0	0	131167
144	52	75	0	131180
144	64	75	0	131187
144	67	0	0	131213
144	52	0	0	131293
144	64	0	0	131303
144	51	75	0	131361
144	63	75	0	131371
144	64	75	0	131518
144	52	75	0	131524
144	51	0	0	131539
144	63	0	0	131554
144	64	0	0	131681
144	55	75	0	131704
144	67	75	0	131712
144	52	0	0	131730
144	56	75	0	131811
144	68	75	0	131826
144	55	0	0	131843
144	67	0	0	131866
144	56	0	0	131996
144	58	75	0	132000
144	68	0	0	132007
144	70	75	0	132012
144	56	75	0	132135
144	68	75	0	132145
144	58	0	0	132158
144	70	0	0	132189
144	67	75	0	132265
144	56	0	0	132280
144	55	75	0	132310
144	68	0	0	132316
144	67	0	0	132430
144	64	75	0	132439
144	55	0	0	132464
144	52	75	0	132474
144	51	75	0	132573
144	64	0	0	132591
144	52	0	0	132596
144	51	0	0	132715
144	64	75	0	132719
144	52	75	0	132737
144	64	0	0	132836
144	52	0	0	132889
144	55	75	0	132898
144	67	75	0	132908
144	56	75	0	133040
144	67	0	0	133048
144	68	75	0	133052
144	55	0	0	133074
144	68	0	0	133174
144	56	0	0	133180
144	58	75	0	133188
144	70	75	0	133193
144	68	75	0	133753
144	70	0	0	133768
144	56	75	0	133773
144	58	0	0	133785
144	70	75	0	133888
144	68	0	0	133915
144	58	75	0	133920
144	56	0	0	133928
144	68	75	0	134019
144	70	0	0	134025
144	56	75	0	134091
144	70	75	0	134141
144	58	0	0	134148
144	68	0	0	134161
144	56	0	0	134268
144	59	75	0	134273
144	70	0	0	134279
144	71	75	0	134302
144	58	75	0	134547
144	70	75	0	134557
144	59	0	0	134602
144	71	0	0	134607
144	56	75	0	134798
144	68	75	0	134811
144	58	0	0	134819
144	70	0	0	134845
144	56	0	0	134998
144	68	0	0	135003
144	58	75	0	135008
144	70	75	0	135023
144	56	75	0	135132
144	68	75	0	135143
144	58	0	0	135152
144	70	0	0	135161
144	67	75	0	135244
144	56	0	0	135250
144	68	0	0	135255
144	55	75	0	135266
144	67	0	0	135476
144	55	0	0	135537
144	64	75	0	135579
144	52	75	0	135587
144	65	75	0	135593
144	65	0	0	135691
144	64	0	0	135717
144	52	0	0	135774
144	51	75	0	135810
144	63	75	0	135816
144	52	75	0	136050
144	51	0	0	136060
144	64	75	0	136065
144	63	0	0	136073
144	64	0	0	136267
144	55	75	0	136295
144	67	75	0	136305
144	52	0	0	136335
144	56	75	0	136480
144	68	75	0	136491
144	55	0	0	136519
144	67	0	0	136537
144	56	0	0	136581
144	68	0	0	136590
144	56	75	0	136691
144	68	75	0	136718
144	55	75	0	136891
144	56	0	0	136909
144	67	75	0	136914
144	68	0	0	136935
144	52	75	0	137053
144	55	0	0	137070
144	67	0	0	137088
144	64	75	0	137097
144	51	75	0	137202
144	52	0	0	137242
144	63	75	0	137248
144	64	0	0	137284
144	51	0	0	137323
144	63	0	0	137343
144	63	75	0	137417
144	51	75	0	137427
144	52	75	0	137540
144	64	75	0	137561
144	51	0	0	137587
144	63	0	0	137592
144	55	75	0	137715
144	64	0	0	137721
144	67	75	0	137743
144	52	0	0	137765
144	56	75	0	137846
144	55	0	0	137889
144	67	0	0	137905
144	68	75	0	137910
144	70	75	0	138054
144	68	0	0	138068
144	58	75	0	138147
144	56	0	0	138194
144	70	0	0	138679
144	58	0	0	138691
144	71	75	0	138696
144	59	75	0	138704
144	70	75	0	138821
144	58	75	0	138828
144	71	0	0	138840
144	59	0	0	138857
144	59	75	0	138968
144	70	0	0	138975
144	58	0	0	138979
144	71	75	0	138986
144	62	75	0	139111
144	71	0	0	139130
144	59	0	0	139164
144	74	75	0	139169
144	63	75	0	139262
144	62	0	0	139302
144	74	0	0	139316
144	75	75	0	139322
144	62	75	0	139432
144	63	0	0	139451
144	74	75	0	139473
144	75	0	0	139504
144	74	0	0	139605
144	71	75	0	139610
144	59	75	0	139624
144	62	0	0	139636
144	58	75	0	139718
144	70	75	0	139741
144	71	0	0	139764
144	59	0	0	139769
144	58	0	0	139829
144	70	0	0	139837
144	58	75	0	139898
144	70	75	0	139904
144	59	75	0	140017
144	71	75	0	140030
144	70	0	0	140039
144	58	0	0	140049
144	62	75	0	140168
144	71	0	0	140174
144	74	75	0	140200
144	59	0	0	140216
144	63	75	0	140290
144	75	75	0	140322
144	62	0	0	140327
144	74	0	0	140350
144	63	0	0	140383
144	75	0	0	140391
144	63	75	0	140470
144	75	75	0	140480
144	73	75	0	140617
144	61	75	0	140624
144	75	0	0	140651
144	63	0	0	140657
144	73	0	0	140759
144	61	0	0	140770
144	71	75	0	140775
144	59	75	0	140781
144	69	75	0	140925
144	57	75	0	140932
144	59	0	0	140941
144	71	0	0	140954
144	56	75	0	141058
144	68	75	0	141075
144	57	0	0	141091
144	69	0	0	141096
144	68	0	0	141326
144	56	0	0	141339
144	68	75	0	141374
144	56	75	0	141392
144	69	75	0	141524
144	68	0	0	141535
144	57	75	0	141539
144	56	0	0	141556
144	69	0	0	141667
144	59	75	0	141683
144	71	75	0	141718
144	57	0	0	141738
144	61	75	0	141979
144	73	75	0	141985
144	71	0	0	142002
144	59	0	0	142020
144	61	0	0	142189
144	73	0	0	142195
144	61	75	0	142264
144	73	75	0	142286
144	69	75	0	142452
144	57	75	0	142452
144	73	0	0	142458
144	61	0	0	142466
144	59	75	0	142579
144	71	75	0	142596
144	69	0	0	142602
144	57	0	0	142629
144	61	75	0	142727
144	73	75	0	142737
144	59	0	0	142760
144	71	0	0	142765
144	61	0	0	142848
144	71	75	0	142877
144	59	75	0	142884
144	73	0	0	142899
144	69	75	0	143019
144	57	75	0	143025
144	71	0	0	143033
144	59	0	0	143044
144	56	75	0	143163
144	68	75	0	143169
144	57	0	0	143180
144	69	0	0	143185
144	68	0	0	143292
144	56	0	0	143297
144	69	75	0	143325
144	57	75	0	143331
144	68	75	0	143469
144	69	0	0	143484
144	54	75	0	143504
144	57	0	0	143511
144	69	75	0	144505
144	68	0	0	144536
144	68	75	0	144778
144	52	75	0	144808
144	54	0	0	144816
144	69	0	0	144839
144	51	75	0	145041
144	66	75	0	145051
144	52	0	0	145066
144	68	0	0	145103
144	68	75	0	145316
144	51	0	0	145326
144	52	75	0	145331
144	66	0	0	145339
144	54	75	0	145560
144	52	0	0	145598
144	69	75	0	145615
144	68	0	0	145623
144	56	75	0	145866
144	71	75	0	145874
144	69	0	0	145888
144	54	0	0	145893
144	71	0	0	146099
144	69	75	0	146116
144	54	75	0	146122
144	56	0	0	146129
144	69	0	0	146177
144	71	75	0	146182
144	54	0	0	146229
144	69	75	0	146270
144	71	0	0	146275
144	52	75	0	146300
144	68	75	0	146399
144	69	0	0	146424
144	51	75	0	146655
144	68	0	0	146665
144	52	0	0	146675
144	69	75	0	146692
144	51	0	0	146949
144	68	75	0	146959
144	52	75	0	146970
144	69	0	0	146998
144	54	75	0	148233
144	68	0	0	148238
144	69	75	0	148243
144	52	0	0	148255
144	68	75	0	148487
144	52	75	0	148495
144	54	0	0	148500
144	69	0	0	148546
144	52	0	0	148720
144	51	75	0	148736
144	66	75	0	148741
144	68	0	0	148759
144	52	75	0	148976
144	51	0	0	148983
144	68	75	0	148993
144	66	0	0	149012
144	54	75	0	149198
144	68	0	0	149249
144	52	0	0	149254
144	69	75	0	149259
144	56	75	0	149454
144	54	0	0	149466
144	69	0	0	149470
144	71	75	0	149482
144	71	0	0	149679
144	69	75	0	149691
144	71	75	0	149962
144	69	0	0	149992
144	69	75	0	150212
144	71	0	0	150222
144	69	0	0	150418
144	71	75	0	150442
144	57	75	0	150676
144	56	0	0	150701
144	69	75	0	150705
144	71	0	0	150712
144	56	75	0	150948
144	69	0	0	150954
144	71	75	0	150958
144	57	0	0	150973
144	71	0	0	151161
144	69	75	0	151167
144	54	75	0	151193
144	56	0	0	151199
144	69	0	0	151418
144	71	75	0	151426
144	54	0	0	151433
144	52	75	0	151441
144	51	75	0	151660
144	69	75	0	151666
144	71	0	0	151673
144	52	0	0	151678
144	69	0	0	151895
144	71	75	0	151899
144	51	0	0	151934
144	52	75	0	151939
144	69	75	0	152088
144	71	0	0	152096
144	54	75	0	152153
144	52	0	0	152195
144	71	75	0	152369
144	69	0	0	152375
144	52	75	0	152402
144	54	0	0	152408
144	69	75	0	152634
144	51	75	0	152641
144	71	0	0	152647
144	52	0	0	152669
144	49	75	0	152867
144	51	0	0	152882
144	71	75	0	152898
144	69	0	0	152906
144	69	75	0	153760
144	71	0	0	153771
144	49	0	0	153777
144	51	75	0	153781
144	51	0	0	153944
144	52	75	0	153964
144	69	0	0	154008
144	71	75	0	154013
144	54	75	0	154178
144	71	0	0	154192
144	69	75	0	154202
144	52	0	0	154214
144	56	75	0	154410
144	69	0	0	154428
144	71	75	0	154445
144	54	0	0	154454
144	57	75	0	154638
144	69	75	0	154646
144	56	0	0	154652
144	71	0	0	154658
144	59	75	0	154869
144	71	75	0	154874
144	69	0	0	154890
144	57	0	0	154917
144	69	75	0	155589
144	57	75	0	155603
144	71	0	0	155609
144	59	0	0	155627
144	56	75	0	155827
144	57	0	0	155841
144	68	75	0	155850
144	69	0	0	155871
144	56	0	0	156048
144	68	0	0	156053
144	57	75	0	156058
144	69	75	0	156065
144	54	75	0	156266
144	57	0	0	156274
144	68	75	0	156297
144	69	0	0	156328
144	68	0	0	156518
144	56	75	0	156525
144	69	75	0	156531
144	54	0	0	156537
144	54	75	0	156762
144	56	0	0	156772
144	68	75	0	156781
144	69	0	0	156832
144	52	75	0	156993
144	54	0	0	156999
144	68	0	0	157061
144	69	75	0	157066
144	54	75	0	157263
144	68	75	0	157268
144	52	0	0	157277
144	69	0	0	157303
144	69	75	0	157487
144	68	0	0	157493
144	51	75	0	157527
144	54	0	0	157572
144	68	75	0	157732
144	69	0	0	157779
144	51	0	0	157784
144	52	75	0	157789
144	54	75	0	157992
144	69	75	0	158006
144	68	0	0	158015
144	52	0	0	158032
144	51	75	0	158222
144	54	0	0	158232
144	68	75	0	158238
144	69	0	0	158282
144	51	0	0	158429
144	52	75	0	158449
144	68	0	0	158472
144	69	75	0	158477
144	49	75	0	158693
144	52	0	0	158698
144	68	75	0	158720
144	69	0	0	158758
144	66	75	0	159887
144	68	0	0	159922
144	64	75	0	160073
144	66	0	0	160080
144	66	75	0	160296
144	64	0	0	160327
144	68	75	0	160508
144	66	0	0	160526
144	69	75	0	160610
144	68	0	0	160616
144	68	75	0	160724
144	69	0	0	160745
144	66	75	0	160804
144	68	0	0	160843
144	66	0	0	160926
144	64	75	0	160946
144	66	75	0	161046
144	64	0	0	161064
144	68	75	0	161145
144	66	0	0	161155
144	68	0	0	161269
144	69	75	0	161274
144	71	75	0	161617
144	69	0	0	161638
144	71	0	0	162210
144	69	75	0	162218
144	71	75	0	162445
144	69	0	0	162465
144	73	75	0	162669
144	71	0	0	162690
144	73	0	0	162835
144	75	75	0	162885
144	73	75	0	163341
144	75	0	0	163401
144	71	75	0	163477
144	73	0	0	163517
144	71	0	0	163606
144	69	75	0	163611
144	68	75	0	163707
144	69	0	0	163750
144	66	75	0	163853
144	68	0	0	163858
144	66	0	0	163947
144	64	75	0	163962
144	63	75	0	164065
144	64	0	0	164105
144	64	75	0	164631
144	63	0	0	164638
144	64	0	0	164833
144	66	75	0	164858
144	68	75	0	164996
144	66	0	0	165012
144	68	0	0	165152
144	69	75	0	165165
144	69	0	0	165319
144	71	75	0	165328
144	73	75	0	165510
144	71	0	0	165536
144	51	75	0	166189
144	49	0	0	166236
144	73	0	0	166240
144	75	75	0	166245
144	56	75	0	166961
144	59	75	0	167593
144	56	0	0	167676
144	58	75	0	168141
144	59	0	0	168200
144	73	75	0	168342
144	75	0	0	168347
144	71	75	0	168453
144	73	0	0	168488
144	69	75	0	168569
144	71	0	0	168596
144	68	75	0	168698
144	69	0	0	168739
144	66	75	0	168830
144	68	0	0	168868
144	66	0	0	168930
144	64	75	0	168940
144	63	75	0	169060
144	64	0	0	169091
144	63	0	0	169588
144	64	75	0	169593
144	64	0	0	169747
144	68	75	0	169887
144	69	75	0	170447
144	68	0	0	170467
144	66	75	0	171004
144	69	0	0	171045
144	69	75	0	171266
144	66	0	0	171291
144	72	75	0	171534
144	75	75	0	171797
144	72	0	0	171834
144	69	0	0	171893
144	72	75	0	172078
144	69	75	0	172341
144	72	0	0	172356
144	75	0	0	172489
144	66	75	0	172599
144	69	0	0	172664
144	66	0	0	172755
144	63	75	0	172854
144	63	0	0	172946
144	63	75	0	173109
144	66	75	0	173341
144	63	0	0	173361
144	69	75	0	173598
144	66	0	0	173623
144	72	75	0	173848
144	75	75	0	174119
144	72	0	0	174160
144	69	0	0	174205
144	72	75	0	174382
144	75	0	0	174475
144	72	0	0	174586
144	69	75	0	174600
144	66	75	0	174826
144	69	0	0	174864
144	63	75	0	175105
144	58	0	0	175135
144	66	0	0	175148
144	64	75	0	175166
144	63	0	0	175175
144	64	0	0	175288
144	66	75	0	175409
144	66	0	0	175688
144	69	75	0	175694
144	72	75	0	176046
144	69	0	0	176147
144	75	75	0	176419
144	72	0	0	176464
192	14	0	0	180706
144	62	75	0	183715
144	59	75	0	183725
144	67	75	0	183731
144	70	75	0	183740
144	75	0	0	186429
144	71	75	0	186461
144	70	0	0	186501
144	70	75	0	189182
144	71	0	0	189224
144	51	0	0	189229
144	52	75	0	191720
144	71	75	0	191735
144	70	0	0	191761
144	58	75	0	194582
144	63	75	0	194588
144	62	0	0	194628
144	59	0	0	194647
144	51	75	0	197159
144	52	0	0	197216
144	59	75	0	198712
144	64	75	0	198737
144	58	0	0	198742
144	63	0	0	198755
144	58	75	0	200099
144	63	75	0	200110
144	59	0	0	200148
144	64	0	0	200157
144	56	75	0	201466
144	64	75	0	201479
144	63	0	0	201487
144	58	0	0	201523
144	55	75	0	202748
144	63	75	0	202761
144	56	0	0	202802
144	64	0	0	202811
144	52	75	0	204048
144	64	75	0	204068
144	63	0	0	204089
144	51	0	0	204098
144	55	0	0	204106
144	51	75	0	205451
144	63	75	0	205457
144	64	0	0	205495
144	52	0	0	205504
144	52	75	0	208161
144	51	0	0	208208
144	47	75	0	208911
144	52	0	0	209015
144	55	75	0	209678
144	51	75	0	210416
144	46	75	0	211287
144	47	0	0	211327
144	47	75	0	212118
144	46	0	0	212161
144	52	75	0	212943
144	51	0	0	212981
144	46	75	0	214529
144	47	0	0	214596
144	64	75	0	216700
144	63	0	0	216722
144	63	75	0	217490
144	64	0	0	217532
144	62	75	0	218259
144	63	0	0	218284
144	63	75	0	218966
144	62	0	0	219077
144	46	0	0	219686
144	47	75	0	219692
144	64	75	0	219716
144	63	0	0	219728
144	63	75	0	220523
144	51	75	0	220530
144	52	0	0	220563
144	64	0	0	220569
144	51	0	0	221276
144	52	75	0	221285
144	63	0	0	221293
144	64	75	0	221299
144	52	0	0	222058
144	54	75	0	222067
144	66	75	0	222076
144	64	0	0	222141
144	67	0	0	222154
144	67	75	0	222194
144	51	75	0	222771
144	63	75	0	222778
144	54	0	0	222807
144	66	0	0	222814
144	52	75	0	223499
144	51	0	0	223530
144	64	75	0	223535
144	63	0	0	223553
144	67	0	0	223594
144	54	75	0	224234
144	66	75	0	224244
144	52	0	0	224254
144	67	75	0	224953
144	54	0	0	224991
144	66	0	0	225005
144	64	0	0	225015
144	51	75	0	225662
144	63	75	0	225691
144	55	0	0	225714
144	57	75	0	226443
144	69	75	0	226471
144	66	75	0	229236
144	54	75	0	229248
144	63	0	0	229257
144	67	0	0	233232
144	75	75	0	235298
144	74	75	0	236034
144	75	0	0	236051
144	71	0	0	236597
144	71	75	0	236732
144	74	0	0	236831
144	75	75	0	237402
144	71	0	0	237440
144	66	0	0	237753
144	75	0	0	237925
144	78	75	0	238067
144	78	0	0	238558
144	69	0	0	238598
144	69	75	0	238638
144	78	75	0	238655
144	75	75	0	238939
144	74	75	0	239245
144	78	0	0	239258
144	75	0	0	239269
144	69	0	0	239280
144	71	75	0	239535
144	74	0	0	239552
144	71	0	0	239679
144	71	75	0	239789
144	74	75	0	239939
144	71	0	0	239973
144	75	75	0	240083
144	74	0	0	240122
144	78	75	0	240213
144	75	0	0	240250
144	78	0	0	240297
144	78	75	0	240376
144	75	75	0	240507
144	78	0	0	240557
144	74	75	0	240639
144	75	0	0	240677
144	71	75	0	240781
144	74	0	0	240792
144	71	0	0	240911
144	69	75	0	240940
144	69	0	0	241070
144	71	75	0	241086
144	69	75	0	241212
144	71	0	0	241230
144	66	75	0	241351
144	69	0	0	241362
144	66	0	0	241478
144	69	75	0	241484
144	66	75	0	241608
144	69	0	0	241652
144	66	0	0	241742
144	63	75	0	241771
144	63	0	0	241877
144	66	75	0	241888
144	66	0	0	242000
144	69	75	0	242029
144	71	75	0	242316
144	69	0	0	242350
144	71	0	0	242486
144	71	75	0	242615
144	75	75	0	242845
144	71	0	0	242878
144	75	0	0	243052
144	72	75	0	243065
144	75	75	0	243139
144	72	0	0	243165
144	72	75	0	243198
144	75	0	0	243221
144	71	75	0	243252
144	72	0	0	243310
144	72	75	0	243509
144	71	0	0	243542
144	75	75	0	243822
144	72	0	0	243844
144	75	0	0	244131
144	76	75	0	244136
144	76	0	0	244410
144	78	75	0	244418
144	78	0	0	244527
144	75	75	0	244547
144	78	75	0	244680
144	75	0	0	244718
144	83	75	0	244811
144	78	0	0	244834
144	83	0	0	244934
144	83	75	0	244962
144	78	75	0	245110
144	83	0	0	245161
144	75	75	0	245241
144	78	0	0	245264
144	78	75	0	245351
144	75	0	0	245403
144	81	75	0	245446
144	78	0	0	245490
144	78	75	0	245737
144	81	0	0	245780
144	75	75	0	245889
144	78	0	0	245927
144	75	0	0	246008
144	76	75	0	246016
144	75	75	0	246300
144	76	0	0	246348
144	75	0	0	246582
144	72	75	0	246596
144	75	75	0	246701
144	72	0	0	246726
144	72	75	0	246822
144	75	0	0	246841
144	71	75	0	246965
144	72	0	0	246968
144	72	75	0	247093
144	71	0	0	247132
144	75	75	0	247268
144	72	0	0	247275
144	76	75	0	247389
144	75	0	0	247413
144	75	75	0	247512
144	76	0	0	247556
144	72	75	0	247657
144	75	0	0	247671
144	75	75	0	247802
144	72	0	0	247813
144	72	75	0	247917
144	75	0	0	247940
144	71	75	0	248028
144	72	0	0	248038
144	72	75	0	248188
144	71	0	0	248214
144	75	75	0	248325
144	72	0	0	248336
144	72	75	0	248464
144	75	0	0	248472
144	71	75	0	248575
144	72	0	0	248588
144	69	75	0	248713
144	71	0	0	248749
144	69	0	0	248836
144	71	75	0	248856
144	69	75	0	249004
144	71	0	0	249047
144	69	0	0	249110
144	71	75	0	249144
144	67	75	0	249296
144	71	0	0	249314
144	69	75	0	249564
144	67	0	0	249574
144	71	75	0	249849
144	69	0	0	249884
144	69	75	0	249973
144	71	0	0	250034
144	67	75	0	250079
144	69	0	0	250120
144	66	75	0	250280
144	67	0	0	250292
144	67	75	0	250389
144	66	0	0	250399
144	69	75	0	250702
144	67	0	0	250734
144	71	75	0	250958
144	69	0	0	250995
144	66	75	0	251216
144	64	75	0	251525
144	66	0	0	251536
144	67	75	0	251803
144	64	0	0	251885
144	66	75	0	252073
144	67	0	0	252127
144	63	75	0	252353
144	66	0	0	252408
144	64	75	0	252641
144	63	0	0	252656
144	61	75	0	252898
144	64	0	0	252998
144	63	75	0	253199
144	61	0	0	253225
144	64	75	0	253481
144	63	0	0	253492
144	66	75	0	253752
144	64	0	0	253804
144	63	75	0	254569
144	66	0	0	254620
144	64	75	0	254826
144	63	0	0	254864
144	66	75	0	255099
144	64	0	0	255154
144	64	75	0	255364
144	66	0	0	255464
144	63	75	0	255638
144	64	0	0	255694
144	71	0	0	255886
144	61	75	0	255900
144	63	0	0	255963
144	63	75	0	256143
144	61	0	0	256210
144	64	75	0	256449
144	65	75	0	256455
144	63	0	0	256469
144	65	0	0	256486
144	61	75	0	256700
144	64	0	0	256812
144	63	75	0	256991
144	61	0	0	257039
144	64	75	0	257292
144	63	0	0	257318
144	66	75	0	257530
144	64	0	0	257604
144	61	75	0	258341
144	63	75	0	258609
144	61	0	0	258637
144	63	0	0	258883
144	64	75	0	258891
144	63	75	0	259127
144	64	0	0	259189
144	61	75	0	259414
144	63	0	0	259466
144	59	75	0	259668
144	61	0	0	259681
144	61	75	0	259927
144	59	0	0	259996
144	63	75	0	260211
144	61	0	0	260220
144	59	75	0	260465
144	63	0	0	260474
144	61	75	0	260713
144	59	0	0	260774
144	61	0	0	261013
144	63	75	0	261022
144	64	75	0	261283
144	63	0	0	261292
144	61	75	0	262084
144	64	0	0	262135
144	63	75	0	262348
144	61	0	0	262399
144	63	0	0	262602
144	64	75	0	262609
144	63	75	0	262902
144	64	0	0	262991
144	61	75	0	263156
144	63	0	0	263212
144	59	75	0	263401
144	61	0	0	263450
144	61	75	0	263696
144	59	0	0	263790
144	61	0	0	264024
144	63	75	0	264051
144	59	75	0	264275
144	63	0	0	264288
144	61	75	0	264540
144	59	0	0	264641
144	61	0	0	264865
144	63	75	0	264884
144	64	75	0	265147
144	63	0	0	265165
144	67	75	0	266265
144	66	0	0	266310
144	54	0	0	267357
144	55	75	0	267424
144	57	0	0	269138
144	52	75	0	269769
144	51	0	0	269813
144	66	75	0	270907
144	51	75	0	270927
144	67	0	0	270955
144	52	0	0	270977
144	63	75	0	272020
144	64	0	0	272069
144	54	75	0	273177
144	55	0	0	273231
144	59	75	0	274383
144	71	75	0	275540
144	63	0	0	276658
144	67	75	0	276684
144	69	75	0	276701
144	66	0	0	276707
144	67	0	0	276874
144	71	0	0	278825
144	72	75	0	278888
144	69	0	0	278962
144	69	75	0	279161
144	72	0	0	279195
144	71	75	0	279437
144	69	0	0	279471
144	71	0	0	279801
144	67	75	0	280025
144	69	75	0	280519
144	67	0	0	280593
144	66	75	0	281016
144	69	0	0	281070
144	59	0	0	281079
144	51	0	0	281151
144	47	0	0	281166
144	59	75	0	282137
144	62	75	0	282674
144	74	75	0	283183
144	66	0	0	283219
144	71	75	0	283342
144	74	0	0	283391
144	66	75	0	283466
144	71	0	0	283493
144	71	75	0	283617
144	66	0	0	283641
144	74	75	0	283762
144	71	0	0	283778
144	74	0	0	283949
144	75	75	0	284030
144	75	0	0	284121
144	75	75	0	284260
144	74	75	0	284392
144	75	0	0	284434
144	74	0	0	284523
144	71	75	0	284533
144	74	75	0	284661
144	71	0	0	284719
144	78	75	0	284819
144	74	0	0	284875
144	78	0	0	285013
144	78	75	0	285080
144	78	0	0	285221
144	74	75	0	285347
144	75	75	0	285494
144	74	0	0	285530
144	78	75	0	285621
144	75	0	0	285656
144	83	75	0	285773
144	78	0	0	285793
144	83	0	0	285871
144	83	75	0	285912
144	78	75	0	286083
144	83	0	0	286127
144	75	75	0	286179
144	78	0	0	286224
144	74	75	0	286300
144	75	0	0	286310
144	74	0	0	286438
144	81	75	0	286444
144	78	75	0	286624
144	81	0	0	286657
144	75	75	0	286701
144	78	0	0	286751
144	74	75	0	286840
144	75	0	0	286861
144	79	75	0	286983
144	74	0	0	286994
144	78	75	0	287120
144	79	0	0	287178
144	78	0	0	287214
144	75	75	0	287238
144	75	0	0	287348
144	74	75	0	287359
144	78	75	0	287484
144	74	0	0	287507
144	75	75	0	287634
144	78	0	0	287678
144	74	75	0	287711
144	75	0	0	287730
144	74	0	0	287849
144	72	75	0	287886
144	74	75	0	287988
144	72	0	0	288000
144	75	75	0	288065
144	74	0	0	288117
144	75	0	0	288203
144	78	75	0	288210
144	75	75	0	288332
144	78	0	0	288376
144	74	75	0	288427
144	75	0	0	288471
144	74	0	0	288548
144	72	75	0	288570
144	71	75	0	288668
144	72	0	0	288704
144	71	0	0	288800
144	74	75	0	288828
144	72	75	0	288924
144	74	0	0	288992
144	71	75	0	289047
144	72	0	0	289099
144	69	75	0	289161
144	71	0	0	289186
144	74	75	0	289304
144	69	0	0	289318
144	72	75	0	289400
144	74	0	0	289480
144	71	75	0	289531
144	72	0	0	289596
144	69	75	0	289667
144	71	0	0	289679
144	72	75	0	289795
144	69	0	0	289823
144	71	75	0	289906
144	72	0	0	289959
144	69	75	0	290021
144	71	0	0	290059
144	69	0	0	290125
144	67	75	0	290132
144	69	75	0	290270
144	67	0	0	290293
144	71	75	0	290364
144	69	0	0	290393
144	72	75	0	290468
144	71	0	0	290537
144	74	75	0	290577
144	72	0	0	290598
144	71	75	0	290754
144	74	0	0	290787
144	71	0	0	290858
144	67	75	0	290873
144	71	75	0	291003
144	67	0	0	291039
144	74	75	0	291122
144	71	0	0	291169
144	74	0	0	291303
144	75	75	0	291412
144	71	75	0	291649
144	75	0	0	291670
144	75	75	0	291800
144	71	0	0	291850
144	76	75	0	291915
144	75	0	0	291934
144	71	75	0	292165
144	76	0	0	292180
144	75	75	0	292294
144	71	0	0	292356
144	79	75	0	292417
144	75	0	0	292441
144	71	75	0	292675
144	79	0	0	292699
144	75	75	0	292818
144	71	0	0	292860
144	78	75	0	292939
144	75	0	0	292979
144	71	75	0	293213
144	78	0	0	293240
144	75	75	0	293305
144	75	0	0	293365
144	76	75	0	293390
144	71	0	0	293465
144	79	75	0	293529
144	76	0	0	293595
144	76	75	0	293795
144	79	0	0	293831
144	71	75	0	293940
144	76	0	0	293955
144	83	75	0	294068
144	71	0	0	294103
144	71	75	0	295554
144	83	0	0	295562
144	83	75	0	295663
144	71	0	0	295676
144	83	0	0	295764
144	71	75	0	295773
144	71	0	0	295917
144	81	75	0	295931
144	79	75	0	296100
144	81	0	0	296139
144	71	75	0	296174
144	79	0	0	296232
144	79	75	0	296357
144	71	0	0	296399
144	78	75	0	296520
144	79	0	0	296561
144	71	75	0	296658
144	78	0	0	296681
144	78	75	0	296949
144	71	0	0	297028
144	79	75	0	297243
144	78	0	0	297283
144	78	75	0	297538
144	79	0	0	297596
144	53	75	0	297797
144	76	75	0	297821
144	78	0	0	297859
144	54	0	0	297883
144	76	0	0	297987
144	71	75	0	297997
144	79	75	0	298135
144	71	0	0	298156
144	78	75	0	298319
144	53	0	0	298341
144	79	0	0	298383
144	52	75	0	298439
144	76	75	0	298460
144	78	0	0	298509
144	71	75	0	298579
144	76	0	0	298603
144	76	75	0	298741
144	71	0	0	298766
144	78	75	0	298869
144	76	0	0	298922
144	79	75	0	299006
144	78	0	0	299026
144	78	75	0	299147
144	79	0	0	299215
144	76	75	0	299300
144	78	0	0	299346
144	71	75	0	299418
144	76	0	0	299444
144	76	75	0	299560
144	71	0	0	299606
144	78	75	0	299664
144	76	0	0	299743
144	79	75	0	299820
144	78	0	0	299852
144	78	75	0	299960
144	79	0	0	300008
144	57	75	0	300119
144	76	75	0	300129
144	78	0	0	300140
144	59	0	0	300162
144	79	75	0	300250
144	76	0	0	300261
144	78	75	0	300410
144	79	0	0	300469
144	76	75	0	300550
144	78	0	0	300578
144	79	75	0	300679
144	76	0	0	300710
144	78	75	0	300822
144	79	0	0	300894
144	76	75	0	300942
144	78	0	0	301001
144	74	75	0	301047
144	76	0	0	301078
144	76	75	0	301195
144	74	0	0	301242
144	78	75	0	301324
144	76	0	0	301352
144	76	75	0	301482
144	78	0	0	301551
144	74	75	0	301616
144	76	0	0	301630
144	78	75	0	301873
144	74	0	0	301899
144	76	75	0	302029
144	78	0	0	302069
144	74	75	0	302185
144	76	0	0	302198
144	73	75	0	302358
144	74	0	0	302368
144	73	0	0	302422
144	73	75	0	302486
144	74	75	0	302626
144	73	0	0	302635
144	76	75	0	302774
144	74	0	0	302802
144	73	75	0	302916
144	76	0	0	302969
144	61	75	0	303045
144	73	0	0	303060
144	74	75	0	303068
144	62	0	0	303092
144	76	75	0	303194
144	74	0	0	303229
144	73	75	0	303329
144	76	0	0	303376
144	74	75	0	303458
144	73	0	0	303477
144	64	75	0	303523
144	76	75	0	303609
144	74	0	0	303649
144	73	75	0	303745
144	76	0	0	303791
144	73	0	0	303892
144	74	75	0	303897
144	64	0	0	304038
144	62	75	0	304147
144	73	75	0	304176
144	74	0	0	304220
144	71	75	0	304312
144	73	0	0	304325
144	74	75	0	304464
144	71	0	0	304487
144	73	75	0	304570
144	61	0	0	304618
144	74	0	0	304625
144	71	75	0	304727
144	59	75	0	304744
144	57	0	0	304766
144	62	0	0	304775
144	73	0	0	304780
144	69	75	0	304819
144	71	0	0	304840
144	71	75	0	304981
144	69	0	0	305000
144	73	75	0	305071
144	71	0	0	305114
144	73	0	0	305215
144	74	75	0	305230
144	73	75	0	305347
144	74	0	0	305397
144	71	75	0	305472
144	73	0	0	305526
144	69	75	0	305626
144	71	0	0	305637
144	62	75	0	305730
144	71	75	0	305763
144	69	0	0	305783
144	69	75	0	305912
144	71	0	0	305918
144	71	75	0	306026
144	69	0	0	306056
144	69	75	0	306152
144	71	0	0	306162
144	73	75	0	306281
144	69	0	0	306305
144	69	75	0	306410
144	73	0	0	306426
144	71	75	0	306509
144	69	0	0	306557
144	69	75	0	306658
144	71	0	0	306677
144	56	75	0	306788
144	73	75	0	306800
144	62	0	0	306811
144	69	0	0	306817
144	69	75	0	306916
144	73	0	0	306936
144	71	75	0	307022
144	69	0	0	307063
144	71	0	0	307135
144	69	75	0	307151
144	68	75	0	307269
144	69	0	0	307285
144	68	0	0	307367
144	69	75	0	307394
144	71	75	0	307486
144	69	0	0	307538
144	73	75	0	307635
144	71	0	0	307650
144	71	75	0	307755
144	73	0	0	307787
144	69	75	0	307863
144	71	0	0	307874
144	68	75	0	307981
144	69	0	0	308036
144	66	75	0	308108
144	68	0	0	308142
144	66	0	0	308227
144	69	75	0	308237
144	68	75	0	308355
144	69	0	0	308399
144	66	75	0	308476
144	68	0	0	308530
144	64	75	0	308629
144	66	0	0	308642
144	66	75	0	308749
144	64	0	0	308788
144	64	75	0	308906
144	66	0	0	308912
144	68	75	0	309028
144	64	0	0	309045
144	66	75	0	309136
144	68	0	0	309186
144	64	75	0	309278
144	60	75	0	309293
144	66	0	0	309303
144	59	0	0	309342
144	68	75	0	309418
144	64	0	0	309457
144	66	75	0	309543
144	68	0	0	309589
144	64	75	0	309659
144	66	0	0	309716
144	57	75	0	309769
144	60	0	0	309815
144	68	75	0	309824
144	56	0	0	309833
144	64	0	0	309845
144	66	75	0	309916
144	68	0	0	309972
144	64	75	0	310060
144	66	0	0	310072
144	68	75	0	310231
144	64	0	0	310250
144	60	75	0	310327
144	66	75	0	310338
144	68	0	0	310371
144	57	0	0	310386
144	64	75	0	310492
144	66	0	0	310502
144	68	75	0	310642
144	64	0	0	310674
144	66	75	0	310749
144	68	0	0	310799
144	59	75	0	310879
144	64	75	0	310904
144	66	0	0	310918
144	60	0	0	310927
144	68	75	0	311050
144	64	0	0	311104
144	66	75	0	311177
144	68	0	0	311223
144	64	75	0	311308
144	66	0	0	311349
144	60	75	0	311443
144	68	75	0	311456
144	64	0	0	311492
144	59	0	0	311502
144	66	75	0	311564
144	68	0	0	311616
144	64	75	0	311713
144	66	0	0	311740
144	68	75	0	311866
144	64	0	0	311896
144	57	75	0	311961
144	66	75	0	311971
144	60	0	0	312004
144	68	0	0	312017
144	64	75	0	312109
144	66	0	0	312131
144	68	75	0	312253
144	64	0	0	312286
144	66	75	0	312383
144	68	0	0	312432
144	60	75	0	312501
144	64	75	0	312514
144	57	0	0	312539
144	66	0	0	312556
144	68	75	0	312641
144	64	0	0	312705
144	66	75	0	312756
144	68	0	0	312823
144	64	75	0	312908
144	66	0	0	312928
144	59	75	0	313016
144	60	0	0	313059
144	68	75	0	313071
144	64	0	0	313092
144	66	75	0	313159
144	68	0	0	313210
144	56	75	0	313308
144	64	75	0	313312
144	59	0	0	313321
144	66	0	0	313334
144	68	75	0	313444
144	64	0	0	313479
144	59	75	0	313520
144	56	0	0	313545
144	66	75	0	313553
144	68	0	0	313591
144	64	75	0	313683
144	66	0	0	313695
144	57	75	0	313740
144	59	0	0	313784
144	66	75	0	313806
144	64	0	0	313854
144	54	75	0	313965
144	66	0	0	313983
144	68	75	0	313988
144	57	0	0	314028
144	66	75	0	314103
144	68	0	0	314122
144	64	75	0	314217
144	59	75	0	314233
144	66	0	0	314244
144	54	0	0	314259
144	66	75	0	314353
144	64	0	0	314405
144	68	75	0	314490
144	66	0	0	314506
144	56	75	0	314559
144	59	0	0	314595
144	66	75	0	314621
144	68	0	0	314666
144	64	75	0	314754
144	66	0	0	314769
144	57	75	0	314807
144	56	0	0	314823
144	66	75	0	314880
144	64	0	0	314913
144	68	75	0	315017
144	66	0	0	315029
144	60	75	0	315080
144	57	0	0	315114
144	66	75	0	315141
144	68	0	0	315181
144	64	75	0	315237
144	66	0	0	315250
144	59	75	0	315354
144	66	75	0	315366
144	60	0	0	315399
144	64	0	0	315415
144	66	0	0	315501
144	68	75	0	315507
144	66	75	0	315618
144	56	75	0	315634
144	59	0	0	315662
144	68	0	0	315671
144	64	75	0	315727
144	66	0	0	315743
144	66	75	0	315847
144	57	75	0	315868
144	64	0	0	315888
144	56	0	0	315902
144	68	75	0	315978
144	66	0	0	315988
144	66	75	0	316103
144	54	75	0	316147
144	68	0	0	316157
144	57	0	0	316170
144	64	75	0	316193
144	66	0	0	316223
144	66	75	0	316320
144	56	75	0	316353
144	64	0	0	316365
144	52	0	0	316403
144	54	0	0	316408
144	68	75	0	316454
144	66	0	0	316470
144	56	0	0	316619
144	52	75	0	316626
144	64	75	0	316646
144	68	0	0	316656
144	68	75	0	317189
144	54	75	0	317200
144	64	0	0	317216
144	64	75	0	317315
144	68	0	0	317326
144	54	0	0	317334
144	68	75	0	317437
144	64	0	0	317477
144	68	0	0	317538
144	64	75	0	317561
144	56	75	0	317587
144	68	75	0	317669
144	64	0	0	317704
144	68	0	0	317787
144	64	75	0	317799
144	68	75	0	317920
144	64	0	0	317939
144	64	75	0	318019
144	68	0	0	318047
144	59	75	0	318176
144	71	75	0	318186
144	56	0	0	318196
144	64	0	0	318201
144	64	75	0	318305
144	71	0	0	318319
144	71	75	0	318424
144	64	0	0	318468
144	64	75	0	318518
144	71	0	0	318574
144	57	75	0	318670
144	69	75	0	318691
144	59	0	0	318701
144	64	0	0	318707
144	64	75	0	318813
144	69	0	0	318825
144	69	75	0	318918
144	64	0	0	318954
144	64	75	0	319028
144	69	0	0	319069
144	68	75	0	319156
144	56	75	0	319166
144	57	0	0	319184
144	64	0	0	319189
144	64	75	0	319265
144	68	0	0	319274
144	68	75	0	319389
144	64	0	0	319433
144	64	75	0	319488
144	68	0	0	319528
144	54	75	0	319612
144	66	75	0	319620
144	56	0	0	319643
144	64	0	0	319652
144	66	0	0	319758
144	64	75	0	319766
144	69	75	0	319897
144	64	0	0	319929
144	64	75	0	320015
144	69	0	0	320026
144	57	75	0	320153
144	69	75	0	320163
144	64	0	0	320173
144	64	75	0	320241
144	69	0	0	320259
144	69	75	0	320394
144	64	0	0	320421
144	64	75	0	320510
144	69	0	0	320540
144	56	75	0	320648
144	71	75	0	320662
144	64	0	0	320674
144	57	0	0	320704
144	64	75	0	320776
144	71	0	0	320792
144	71	75	0	320889
144	64	0	0	320937
144	64	75	0	321016
144	71	0	0	321038
144	59	75	0	321124
144	56	0	0	321143
144	72	75	0	321152
144	64	0	0	321177
144	64	75	0	321283
144	72	0	0	321293
144	72	75	0	321410
144	64	0	0	321447
144	64	75	0	321534
144	72	0	0	321563
144	57	75	0	321649
144	59	0	0	321669
144	71	75	0	321676
144	64	0	0	321712
144	64	75	0	321779
144	71	0	0	321808
144	71	75	0	321935
144	64	0	0	321995
144	64	75	0	322057
144	71	0	0	322078
144	54	0	0	322164
144	56	75	0	322184
144	72	75	0	322194
144	57	0	0	322209
144	64	0	0	322230
144	64	75	0	322321
144	72	0	0	322336
144	72	75	0	322437
144	64	0	0	322497
144	64	75	0	322571
144	72	0	0	322580
144	57	75	0	322647
144	56	0	0	322659
144	72	75	0	322681
144	64	0	0	322738
144	64	75	0	322812
144	72	0	0	322823
144	72	75	0	322920
144	64	0	0	322960
144	64	75	0	323045
144	72	0	0	323059
144	56	75	0	323134
144	57	0	0	323183
144	64	0	0	323200
144	71	75	0	323206
144	64	75	0	323284
144	71	0	0	323317
144	71	75	0	323424
144	64	0	0	323441
144	64	75	0	323529
144	71	0	0	323561
144	56	0	0	323649
144	57	75	0	323657
144	72	75	0	323682
144	64	0	0	323703
144	64	75	0	323791
144	72	0	0	323810
144	72	75	0	323907
144	64	0	0	323960
144	64	75	0	324046
144	72	0	0	324061
144	59	75	0	324145
144	57	0	0	324159
144	74	75	0	324168
144	64	0	0	324208
144	64	75	0	324293
144	74	0	0	324303
144	74	75	0	324403
144	64	0	0	324459
144	64	75	0	324533
144	74	0	0	324545
144	56	75	0	324619
144	59	0	0	324638
144	72	75	0	324661
144	64	0	0	324706
144	64	75	0	324790
144	72	0	0	324810
144	72	75	0	324905
144	64	0	0	324943
144	64	75	0	325034
144	72	0	0	325057
144	56	0	0	325165
144	57	75	0	325178
144	74	75	0	325203
144	64	0	0	325219
144	64	75	0	325327
144	74	0	0	325336
144	74	75	0	325443
144	64	0	0	325479
144	64	75	0	325563
144	74	0	0	325573
144	56	75	0	325664
144	72	75	0	325694
144	57	0	0	325706
144	64	0	0	325715
144	64	75	0	325810
144	72	0	0	325826
144	72	75	0	325939
144	64	0	0	325987
144	72	0	0	326073
144	64	75	0	326088
144	56	0	0	326155
144	57	75	0	326177
144	74	75	0	326187
144	64	0	0	326224
144	74	0	0	326316
144	64	75	0	326323
144	74	75	0	326434
144	64	0	0	326470
144	64	75	0	326556
144	74	0	0	326568
144	56	75	0	326671
144	57	0	0	326693
144	75	75	0	326698
144	64	0	0	326746
144	75	0	0	326848
144	64	75	0	326859
144	75	75	0	326960
144	64	0	0	327029
144	75	0	0	327124
144	64	75	0	327132
144	57	75	0	327158
144	56	0	0	327177
144	74	75	0	327241
144	64	0	0	327267
144	74	0	0	327363
144	64	75	0	327363
144	74	75	0	327472
144	64	0	0	327514
144	64	75	0	327577
144	74	0	0	327607
144	56	75	0	327699
144	57	0	0	327725
144	64	0	0	327734
144	72	75	0	327739
144	64	75	0	327821
144	72	0	0	327835
144	72	75	0	327950
144	64	0	0	327964
144	64	75	0	328060
144	72	0	0	328084
144	56	0	0	328208
144	57	75	0	328214
144	71	75	0	328221
144	64	0	0	328236
144	64	75	0	328328
144	71	0	0	328344
144	71	75	0	328457
144	64	0	0	328482
144	64	75	0	328579
144	71	0	0	328602
144	54	75	0	328667
144	57	0	0	328690
144	71	75	0	328707
144	64	0	0	328727
144	64	75	0	328822
144	71	0	0	328845
144	71	75	0	328959
144	64	0	0	328975
144	64	75	0	329072
144	71	0	0	329086
144	54	0	0	329138
144	56	75	0	329157
144	71	75	0	329225
144	64	0	0	329248
144	64	75	0	329321
144	71	0	0	329354
144	71	75	0	329482
144	64	0	0	329527
144	64	75	0	329568
144	71	0	0	329613
144	54	75	0	329726
144	56	0	0	329740
144	71	75	0	329747
144	64	0	0	329754
144	64	75	0	329846
144	71	0	0	329868
144	71	75	0	329985
144	64	0	0	330016
144	64	75	0	330117
144	71	0	0	330148
144	54	0	0	330258
144	57	75	0	330264
144	71	75	0	330272
144	64	0	0	330282
144	64	75	0	330373
144	71	0	0	330400
144	71	75	0	330518
144	64	0	0	330546
144	64	75	0	330632
144	71	0	0	330654
144	71	75	0	330765
144	54	75	0	330785
144	64	0	0	330796
144	64	75	0	330881
144	71	0	0	330891
144	57	0	0	330927
144	71	75	0	331013
144	64	0	0	331045
144	64	75	0	331124
144	71	0	0	331138
144	56	75	0	331225
144	54	0	0	331237
144	71	75	0	331269
144	64	0	0	331279
144	64	75	0	331395
144	71	0	0	331398
144	71	75	0	331515
144	52	0	0	331526
144	64	0	0	331533
144	64	75	0	331698
144	52	75	0	331725
144	71	0	0	331736
144	56	0	0	331774
144	71	75	0	331842
144	64	0	0	331856
144	64	75	0	331966
144	71	0	0	331973
144	71	75	0	332112
144	64	0	0	332121
144	54	75	0	332244
144	64	75	0	332265
144	71	0	0	332291
144	52	0	0	332328
144	71	75	0	332426
144	64	0	0	332474
144	64	75	0	332571
144	71	0	0	332599
144	71	75	0	332723
144	51	75	0	332737
144	64	0	0	332744
144	54	0	0	332760
144	64	75	0	332862
144	71	0	0	332871
144	71	75	0	333013
144	64	0	0	333033
144	64	75	0	333151
144	71	0	0	333157
144	52	75	0	333296
144	71	75	0	333303
144	51	0	0	333324
144	64	0	0	333329
144	64	75	0	333471
144	71	0	0	333488
144	71	75	0	333637
144	64	0	0	333645
144	64	75	0	333797
144	71	0	0	333814
144	47	75	0	333830
144	52	0	0	333894
144	71	75	0	333973
144	64	0	0	333988
144	64	75	0	334131
144	71	0	0	334143
144	52	75	0	334306
144	64	0	0	334323
144	71	75	0	334329
144	64	75	0	334458
144	71	0	0	334489
144	71	75	0	334624
144	64	0	0	334657
144	64	75	0	334795
144	71	0	0	334823
144	54	75	0	334834
144	52	0	0	334908
144	47	0	0	334942
144	71	75	0	334986
144	64	0	0	335006
144	64	75	0	335147
144	71	0	0	335159
144	71	75	0	335314
144	59	75	0	335321
144	64	0	0	335341
144	54	0	0	335350
144	64	75	0	335469
144	71	0	0	335488
144	71	75	0	335642
144	64	0	0	335661
144	57	75	0	335806
144	64	75	0	335822
144	71	0	0	335828
144	59	0	0	335856
144	71	75	0	335976
144	64	0	0	335989
144	64	75	0	336138
144	71	0	0	336151
144	56	75	0	336282
144	64	0	0	336317
144	71	75	0	336324
144	57	0	0	336330
144	71	0	0	336476
144	64	75	0	336487
144	71	75	0	336638
144	64	0	0	336664
144	71	0	0	336814
144	64	75	0	336828
144	59	75	0	336847
144	56	0	0	336879
144	71	75	0	336983
144	64	0	0	337007
144	71	0	0	337126
144	64	75	0	337146
144	57	75	0	337298
144	71	75	0	337307
144	59	0	0	337329
144	64	0	0	337347
144	64	75	0	337471
144	71	0	0	337480
144	71	75	0	337616
144	64	0	0	337648
144	60	75	0	337785
144	64	75	0	337792
144	71	0	0	337825
144	57	0	0	337846
144	71	75	0	337944
144	64	0	0	337993
144	64	75	0	338099
144	71	0	0	338112
144	59	75	0	338290
144	71	75	0	338312
144	60	0	0	338336
144	64	0	0	338344
144	64	75	0	338467
144	71	0	0	338500
144	71	75	0	338644
144	64	0	0	338687
144	52	75	0	338822
144	64	75	0	338840
144	71	0	0	338862
144	71	75	0	339021
144	64	0	0	339052
144	64	75	0	339159
144	71	0	0	339180
144	71	75	0	339346
144	56	75	0	339366
144	64	0	0	339374
144	59	0	0	339410
144	64	75	0	339516
144	71	0	0	339522
144	71	75	0	339666
144	64	0	0	339719
144	64	75	0	339822
144	59	75	0	339838
144	71	0	0	339850
144	68	75	0	340020
144	64	0	0	340048
144	68	0	0	340163
144	64	75	0	340171
144	69	75	0	340311
144	64	0	0	340344
144	64	75	0	340481
144	69	0	0	340493
144	68	75	0	340635
144	64	0	0	340679
144	64	75	0	340784
144	68	0	0	340795
144	69	75	0	340946
144	64	0	0	341003
144	64	75	0	341108
144	69	0	0	341122
144	59	0	0	341247
144	71	75	0	341280
144	60	75	0	341324
144	64	0	0	341342
144	64	75	0	341462
144	71	0	0	341472
144	71	75	0	341624
144	64	0	0	341669
144	59	75	0	341762
144	64	75	0	341775
144	71	0	0	341799
144	60	0	0	341809
144	71	75	0	341969
144	64	0	0	341997
144	71	0	0	342127
144	64	75	0	342143
144	60	75	0	342269
144	72	75	0	342303
144	59	0	0	342329
144	64	0	0	342338
144	64	75	0	342433
144	72	0	0	342458
144	72	75	0	342620
144	64	0	0	342659
144	72	0	0	342764
144	59	75	0	342769
144	64	75	0	342777
144	60	0	0	342808
144	74	75	0	342951
144	64	0	0	343005
144	64	75	0	343118
144	74	0	0	343125
144	60	75	0	343284
144	76	75	0	343297
144	59	0	0	343319
144	64	0	0	343328
144	64	75	0	343443
144	76	0	0	343448
144	76	75	0	343585
144	64	0	0	343620
144	64	75	0	343757
144	59	75	0	343769
144	76	0	0	343783
144	60	0	0	343800
144	64	0	0	343934
144	74	75	0	343945
144	64	75	0	344104
144	74	0	0	344132
144	59	0	0	344243
144	60	75	0	344258
144	72	75	0	344288
144	64	0	0	344303
144	64	75	0	344430
144	72	0	0	344448
144	72	75	0	344576
144	64	0	0	344584
144	64	75	0	344705
144	72	0	0	344721
144	59	75	0	344744
144	60	0	0	344764
144	71	75	0	344903
144	64	0	0	344913
144	64	75	0	345039
144	71	0	0	345050
144	60	75	0	345169
144	59	0	0	345179
144	72	75	0	345224
144	64	0	0	345233
144	64	75	0	345366
144	72	0	0	345384
144	72	75	0	345528
144	64	0	0	345556
144	64	75	0	345677
144	72	0	0	345695
144	59	75	0	345705
144	60	0	0	345740
144	74	75	0	345857
144	64	0	0	345867
144	64	75	0	345987
144	74	0	0	346019
144	60	75	0	346158
144	59	0	0	346167
144	64	0	0	346173
144	76	75	0	346183
144	64	75	0	346322
144	76	0	0	346332
144	64	0	0	346494
144	76	75	0	346503
144	64	75	0	346622
144	76	0	0	346647
144	59	75	0	346665
144	60	0	0	346684
144	64	0	0	346755
144	78	75	0	346840
144	66	75	0	346970
144	78	0	0	347009
144	66	0	0	347119
144	59	0	0	347146
144	80	75	0	347152
144	60	75	0	347161
144	79	75	0	347185
144	80	0	0	347200
144	67	75	0	347340
144	79	0	0	347368
144	79	75	0	347469
144	67	0	0	347492
144	67	75	0	347645
144	79	0	0	347658
144	59	75	0	347703
144	60	0	0	347731
144	67	0	0	347776
144	78	75	0	347822
144	78	0	0	347941
144	66	75	0	347951
144	78	75	0	348070
144	66	0	0	348093
144	59	0	0	348123
144	60	75	0	348135
144	78	0	0	348194
144	79	75	0	348200
144	67	75	0	348334
144	79	0	0	348366
144	67	0	0	348502
144	79	75	0	348519
144	59	75	0	348609
144	60	0	0	348623
144	67	75	0	348695
144	79	0	0	348710
144	67	0	0	348806
144	81	75	0	348850
144	79	75	0	348864
144	79	0	0	348950
144	81	0	0	348981
144	69	75	0	349001
144	59	0	0	349097
144	60	75	0	349103
144	69	0	0	349130
144	82	75	0	349193
144	70	75	0	349326
144	82	0	0	349345
144	82	75	0	349498
144	70	0	0	349509
144	60	0	0	349602
144	70	75	0	349639
144	59	75	0	349649
144	82	0	0	349661
144	82	75	0	349809
144	70	0	0	349820
144	82	0	0	349950
144	70	75	0	349958
144	82	75	0	350088
144	70	0	0	350096
144	60	75	0	350154
144	59	0	0	350166
144	83	75	0	350204
144	82	0	0	350216
144	83	0	0	350387
144	71	75	0	350398
144	71	0	0	350527
144	83	75	0	350539
144	60	0	0	350569
144	59	75	0	350582
144	83	0	0	350714
144	71	75	0	350722
144	71	0	0	350849
144	83	75	0	350854
144	83	0	0	351012
144	71	75	0	351019
144	60	75	0	351109
144	71	0	0	351119
144	59	0	0	351126
144	85	75	0	351196
144	85	0	0	351314
144	73	75	0	351321
144	85	75	0	351495
144	73	0	0	351511
144	60	0	0	351575
144	59	75	0	351594
144	85	0	0	351650
144	86	75	0	351680
144	74	75	0	351862
144	86	0	0	351876
144	86	75	0	351979
144	74	0	0	352018
144	86	0	0	352093
144	59	0	0	352142
144	60	75	0	352147
144	87	75	0	352195
144	75	75	0	352347
144	87	0	0	352357
144	87	75	0	352454
144	75	0	0	352486
144	60	0	0	352572
144	59	75	0	352604
144	87	0	0	352625
144	88	75	0	352632
144	88	0	0	352811
144	76	75	0	352824
144	88	75	0	352915
144	76	0	0	352950
144	88	0	0	353036
144	60	75	0	353077
144	59	0	0	353091
144	90	75	0	353135
144	90	0	0	353270
144	78	75	0	353275
144	90	75	0	353399
144	78	0	0	353435
144	59	75	0	353564
144	91	75	0	353574
144	60	0	0	353582
144	90	0	0	353603
144	79	75	0	353742
144	91	0	0	353770
144	91	75	0	353856
144	79	0	0	353879
144	91	0	0	353992
144	59	0	0	354034
144	60	75	0	354046
144	90	75	0	354087
144	90	0	0	354216
144	78	75	0	354242
144	90	75	0	354349
144	78	0	0	354381
144	59	75	0	354485
144	60	0	0	354507
144	91	75	0	354541
144	90	0	0	354560
144	91	0	0	354703
144	79	75	0	354716
144	91	75	0	354827
144	93	75	0	354842
144	79	0	0	354855
144	93	0	0	354898
144	91	0	0	354941
144	59	0	0	354980
144	60	75	0	354989
144	90	75	0	355065
144	90	0	0	355205
144	78	75	0	355213
144	90	75	0	355338
144	78	0	0	355404
144	59	75	0	355464
144	90	0	0	355472
144	60	0	0	355486
144	88	75	0	355539
144	76	75	0	355715
144	88	0	0	355729
144	88	75	0	355815
144	76	0	0	355842
144	88	0	0	355906
144	60	75	0	355972
144	59	0	0	356002
144	87	75	0	356021
144	87	0	0	356140
144	75	75	0	356173
144	87	75	0	356289
144	75	0	0	356346
144	60	0	0	356415
144	87	0	0	356420
144	59	75	0	356432
144	84	75	0	356495
144	84	0	0	356666
144	72	75	0	356677
144	84	75	0	356759
144	72	0	0	356820
144	84	0	0	356876
144	60	75	0	356931
144	59	0	0	356938
144	83	75	0	356967
144	71	75	0	357101
144	83	0	0	357120
144	83	75	0	357236
144	71	0	0	357252
144	60	0	0	357335
144	83	0	0	357342
144	59	75	0	357371
144	84	75	0	357420
144	84	0	0	357558
144	72	75	0	357595
144	84	75	0	357679
144	72	0	0	357725
144	84	0	0	357809
144	59	0	0	357838
144	60	75	0	357850
144	83	75	0	357906
144	83	0	0	358053
144	71	75	0	358065
144	83	75	0	358172
144	71	0	0	358205
144	83	0	0	358291
144	59	75	0	358344
144	60	0	0	358366
144	81	75	0	358395
144	69	75	0	358528
144	81	0	0	358542
144	69	0	0	358647
144	81	75	0	358654
144	81	0	0	358782
144	60	75	0	358832
144	59	0	0	358852
144	83	75	0	358904
144	83	0	0	359100
144	71	75	0	359131
144	83	75	0	359219
144	71	0	0	359240
144	59	75	0	359345
144	60	0	0	359351
144	83	0	0	359363
144	81	75	0	359424
144	69	75	0	359602
144	81	0	0	359609
144	81	75	0	359695
144	69	0	0	359749
144	81	0	0	359791
144	59	0	0	359878
144	60	75	0	359885
144	80	75	0	359902
144	80	0	0	359992
144	68	75	0	360026
144	80	75	0	360158
144	68	0	0	360194
144	59	75	0	360286
144	80	0	0	360299
144	60	0	0	360311
144	81	75	0	360354
144	81	0	0	360523
144	69	75	0	360542
144	81	75	0	360643
144	69	0	0	360663
144	81	0	0	360758
144	59	0	0	360801
144	60	75	0	360808
144	83	75	0	360868
144	83	0	0	360996
144	71	75	0	361015
144	83	75	0	361112
144	71	0	0	361138
144	83	0	0	361231
144	59	75	0	361296
144	60	0	0	361306
144	81	75	0	361331
144	81	0	0	361468
144	69	75	0	361488
144	81	75	0	361585
144	69	0	0	361599
144	81	0	0	361695
144	60	75	0	361770
144	59	0	0	361780
144	80	75	0	361832
144	80	0	0	361941
144	68	75	0	361971
144	80	75	0	362100
144	68	0	0	362133
144	80	0	0	362220
144	59	75	0	362262
144	60	0	0	362273
144	77	75	0	362317
144	77	0	0	362489
144	77	75	0	362600
144	77	0	0	362742
144	60	75	0	362800
144	59	0	0	362843
144	76	75	0	362861
144	64	75	0	362995
144	76	0	0	363045
144	76	75	0	363132
144	64	0	0	363156
144	76	0	0	363249
144	59	75	0	363293
144	60	0	0	363304
144	77	75	0	363337
144	65	75	0	363488
144	77	0	0	363510
144	77	75	0	363603
144	65	0	0	363637
144	77	0	0	363739
144	59	0	0	363778
144	60	75	0	363822
144	76	75	0	363836
144	64	75	0	363964
144	76	0	0	363997
144	76	75	0	364101
144	64	0	0	364136
144	76	0	0	364205
144	60	0	0	364242
144	59	75	0	364248
144	77	75	0	364308
144	65	75	0	364438
144	77	0	0	364456
144	77	75	0	364542
144	65	0	0	364608
144	77	0	0	364665
144	59	0	0	364704
144	60	75	0	364725
144	76	75	0	364766
144	64	75	0	364887
144	76	0	0	364928
144	76	75	0	365029
144	64	0	0	365057
144	76	0	0	365165
144	59	75	0	365170
144	60	0	0	365180
144	77	75	0	365240
144	65	75	0	365386
144	77	0	0	365396
144	77	75	0	365494
144	65	0	0	365524
144	77	0	0	365623
144	59	0	0	365669
144	60	75	0	365685
144	76	75	0	365729
144	64	75	0	365848
144	76	0	0	365882
144	76	75	0	365964
144	64	0	0	365992
144	76	0	0	366079
144	60	0	0	366141
144	59	75	0	366152
144	77	75	0	366192
144	77	0	0	366341
144	65	75	0	366346
144	60	75	0	366490
144	76	75	0	366496
144	77	75	0	366516
144	65	0	0	366528
144	59	0	0	366539
144	76	0	0	366552
144	77	0	0	366610
144	60	0	0	366681
144	76	75	0	366749
144	59	75	0	366764
144	71	75	0	366979
144	76	0	0	366991
144	76	75	0	367087
144	71	0	0	367110
144	76	0	0	367221
144	60	75	0	367255
144	71	75	0	367263
144	59	0	0	367299
144	77	75	0	367395
144	71	0	0	367418
144	71	75	0	367555
144	77	0	0	367597
144	71	0	0	367693
144	76	75	0	367738
144	71	75	0	367856
144	76	0	0	367884
144	76	75	0	368009
144	71	0	0	368036
144	71	75	0	368153
144	76	0	0	368162
144	59	75	0	368211
144	60	0	0	368276
144	77	75	0	368312
144	71	0	0	368334
144	77	0	0	368464
144	71	75	0	368481
144	71	0	0	368639
144	77	75	0	368665
144	60	75	0	368675
144	59	0	0	368683
144	71	75	0	368786
144	77	0	0	368815
144	76	75	0	368977
144	71	0	0	368985
144	59	75	0	369132
144	60	0	0	369143
144	71	75	0	369151
144	76	0	0	369173
144	77	75	0	369301
144	71	0	0	369315
144	71	75	0	369449
144	77	0	0	369461
144	60	75	0	369620
144	71	0	0	369627
144	79	75	0	369633
144	59	0	0	369648
144	71	75	0	369762
144	79	0	0	369788
144	79	75	0	369904
144	71	0	0	369933
144	79	0	0	370074
144	71	75	0	370089
144	59	75	0	370105
144	60	0	0	370161
144	80	75	0	370249
144	71	0	0	370301
144	71	75	0	370403
144	80	0	0	370410
144	60	75	0	370572
144	71	0	0	370591
144	77	75	0	370599
144	59	0	0	370610
144	79	75	0	370615
144	71	75	0	370707
144	77	0	0	370723
144	79	0	0	370733
144	79	75	0	370849
144	71	0	0	370893
144	71	75	0	371032
144	59	75	0	371044
144	60	0	0	371074
144	79	0	0	371084
144	77	75	0	371196
144	71	0	0	371207
144	71	75	0	371333
144	77	0	0	371378
144	60	75	0	371479
144	59	0	0	371514
144	76	75	0	371520
144	71	0	0	371549
144	71	75	0	371652
144	76	0	0	371689
144	76	75	0	371804
144	71	0	0	371848
144	59	75	0	371952
144	71	75	0	371967
144	60	0	0	371993
144	76	0	0	371998
144	77	75	0	372116
144	71	0	0	372124
144	71	75	0	372259
144	77	0	0	372277
144	60	75	0	372415
144	59	0	0	372443
144	79	75	0	372451
144	71	0	0	372461
144	71	75	0	372559
144	79	0	0	372589
144	79	75	0	372712
144	71	0	0	372729
144	71	75	0	372860
144	79	0	0	372879
144	59	75	0	372898
144	60	0	0	372939
144	80	75	0	373025
144	71	0	0	373061
144	71	75	0	373184
144	80	0	0	373194
144	60	75	0	373342
144	79	75	0	373353
144	59	0	0	373364
144	71	0	0	373371
144	71	75	0	373492
144	79	0	0	373528
144	79	75	0	373665
144	71	0	0	373674
144	59	75	0	373826
144	60	0	0	373836
144	71	75	0	373843
144	79	0	0	373872
144	77	75	0	373974
144	71	0	0	373988
144	71	75	0	374124
144	77	0	0	374138
144	62	75	0	374258
144	79	75	0	374301
144	71	0	0	374311
144	59	0	0	374318
144	71	75	0	374439
144	79	0	0	374463
144	79	75	0	374589
144	71	0	0	374619
144	71	75	0	374760
144	59	75	0	374770
144	79	0	0	374780
144	62	0	0	374816
144	80	75	0	374937
144	71	0	0	374980
144	71	75	0	375088
144	80	0	0	375095
144	60	75	0	375243
144	71	0	0	375262
144	79	75	0	375267
144	59	0	0	375289
144	71	75	0	375392
144	79	0	0	375418
144	71	0	0	375581
144	79	75	0	375588
144	59	75	0	375729
144	71	75	0	375737
144	60	0	0	375744
144	79	0	0	375756
144	79	75	0	375868
144	71	0	0	375913
144	79	0	0	375978
144	71	75	0	376112
144	62	75	0	376262
144	79	75	0	376279
144	59	0	0	376328
144	71	0	0	376336
144	71	75	0	376423
144	79	0	0	376431
144	79	75	0	376596
144	71	0	0	376624
144	71	75	0	376767
144	59	75	0	376774
144	62	0	0	376797
144	79	0	0	376807
144	80	75	0	376945
144	71	0	0	376962
144	71	75	0	377098
144	80	0	0	377108
144	60	75	0	377227
144	79	75	0	377280
144	59	0	0	377288
144	71	0	0	377294
144	71	75	0	377414
144	79	0	0	377445
144	79	75	0	377574
144	71	0	0	377642
144	71	75	0	377761
144	59	75	0	377778
144	79	0	0	377789
144	60	0	0	377828
144	79	75	0	377923
144	71	0	0	377959
144	71	75	0	378086
144	79	0	0	378100
144	62	75	0	378256
144	79	75	0	378266
144	71	0	0	378282
144	59	0	0	378315
144	71	75	0	378420
144	79	0	0	378439
144	79	75	0	378592
144	71	0	0	378611
144	59	75	0	378739
144	62	0	0	378751
144	71	75	0	378763
144	79	0	0	378774
144	80	75	0	378907
144	71	0	0	378927
144	71	75	0	379051
144	80	0	0	379065
144	60	75	0	379207
144	71	0	0	379237
144	59	0	0	379245
144	79	75	0	379250
144	71	75	0	379366
144	79	0	0	379388
144	71	0	0	379538
144	79	75	0	379546
144	71	75	0	379694
144	59	75	0	379711
144	79	0	0	379723
144	60	0	0	379738
144	77	75	0	379862
144	71	0	0	379870
144	71	75	0	380011
144	77	0	0	380021
144	62	75	0	380168
144	77	75	0	380182
144	59	0	0	380210
144	71	0	0	380219
144	71	75	0	380331
144	77	0	0	380339
144	79	75	0	380526
144	71	0	0	380536
144	71	75	0	380685
144	59	75	0	380698
144	62	0	0	380718
144	79	0	0	380725
144	80	75	0	380879
144	71	0	0	380890
144	71	75	0	381020
144	80	0	0	381028
144	60	75	0	381148
144	59	0	0	381176
144	79	75	0	381191
144	71	0	0	381203
144	71	75	0	381320
144	79	0	0	381335
144	77	75	0	381483
144	71	0	0	381493
144	59	75	0	381617
144	60	0	0	381626
144	71	75	0	381633
144	77	0	0	381647
144	71	0	0	381806
144	76	75	0	381818
144	71	75	0	381950
144	76	0	0	381999
144	59	0	0	382041
144	62	75	0	382059
144	77	75	0	382127
144	71	0	0	382147
144	71	75	0	382267
144	77	0	0	382276
144	79	75	0	382428
144	62	0	0	382438
144	71	0	0	382443
144	59	75	0	382466
144	71	75	0	382600
144	79	0	0	382610
144	71	0	0	382744
144	79	75	0	382751
144	79	0	0	382840
144	80	75	0	382949
144	71	75	0	383105
144	80	0	0	383126
144	60	75	0	383302
144	59	0	0	383325
144	79	75	0	383332
144	71	0	0	383351
144	71	75	0	383461
144	79	0	0	383494
144	77	75	0	383609
144	71	0	0	383655
144	71	75	0	383766
144	77	0	0	383775
144	59	75	0	383837
144	60	0	0	383848
144	76	75	0	383966
144	71	0	0	383981
144	71	75	0	384115
144	76	0	0	384139
144	77	75	0	384286
144	71	0	0	384292
144	62	75	0	384309
144	59	0	0	384332
144	77	0	0	384423
144	71	75	0	384428
144	79	75	0	384592
144	71	0	0	384600
144	71	75	0	384740
144	79	0	0	384750
144	59	75	0	384807
144	62	0	0	384815
144	80	75	0	384900
144	71	0	0	384926
144	71	75	0	385052
144	80	0	0	385063
144	60	75	0	385194
144	71	0	0	385213
144	79	75	0	385222
144	59	0	0	385232
144	71	75	0	385344
144	79	0	0	385369
144	71	0	0	385515
144	77	75	0	385523
144	71	75	0	385665
144	77	0	0	385680
144	59	75	0	385688
144	60	0	0	385749
144	76	75	0	385835
144	71	0	0	385871
144	71	75	0	386006
144	76	0	0	386030
144	62	75	0	386144
144	77	75	0	386173
144	59	0	0	386183
144	71	0	0	386215
144	71	75	0	386299
144	77	0	0	386309
144	79	75	0	386470
144	71	0	0	386481
144	71	75	0	386608
144	79	0	0	386620
144	59	75	0	386675
144	62	0	0	386686
144	80	75	0	386789
144	71	0	0	386795
144	71	75	0	386922
144	80	0	0	386937
144	60	75	0	387092
144	79	75	0	387111
144	59	0	0	387122
144	71	0	0	387131
144	71	75	0	387238
144	79	0	0	387289
144	77	75	0	387411
144	71	0	0	387433
144	59	75	0	387465
144	60	0	0	387516
144	77	0	0	387551
144	71	75	0	387566
144	76	75	0	387728
144	71	0	0	387756
144	71	75	0	387901
144	76	0	0	387909
144	59	0	0	388028
144	60	75	0	388033
144	77	75	0	388063
144	71	0	0	388074
144	76	75	0	388081
144	76	0	0	388100
144	71	75	0	388195
144	77	0	0	388206
144	79	75	0	388365
144	71	0	0	388377
144	59	75	0	388453
144	60	0	0	388492
144	79	0	0	388572
144	71	75	0	388591
144	79	75	0	388726
144	71	0	0	388761
144	79	0	0	388857
144	71	75	0	388926
144	62	75	0	389070
144	80	75	0	389088
144	59	0	0	389099
144	71	0	0	389113
144	80	0	0	389223
144	71	75	0	389228
144	80	75	0	389404
144	71	0	0	389420
144	80	0	0	389548
144	71	75	0	389559
144	59	75	0	389619
144	62	0	0	389647
144	71	0	0	389706
144	80	75	0	389711
144	71	75	0	389850
144	80	0	0	389864
144	71	0	0	390009
144	62	75	0	390035
144	59	0	0	390045
144	82	75	0	390054
144	82	0	0	390192
144	72	75	0	390204
144	72	0	0	390360
144	82	75	0	390365
144	82	0	0	390514
144	72	75	0	390536
144	59	75	0	390563
144	62	0	0	390578
144	82	75	0	390666
144	72	0	0	390680
144	72	75	0	390827
144	82	0	0	390836
144	62	75	0	390978
144	83	75	0	390988
144	72	0	0	390998
144	59	0	0	391003
144	72	75	0	391139
144	83	0	0	391154
144	83	75	0	391290
144	72	0	0	391300
144	83	0	0	391440
144	72	75	0	391452
144	59	75	0	391462
144	62	0	0	391499
144	72	0	0	391624
144	83	75	0	391633
144	83	0	0	391771
144	72	75	0	391776
144	62	75	0	391893
144	83	75	0	391902
144	59	0	0	391911
144	72	0	0	391928
144	75	75	0	392073
144	83	0	0	392110
144	83	75	0	392227
144	75	0	0	392245
144	75	75	0	392368
144	83	0	0	392412
144	62	0	0	392426
144	59	75	0	392431
144	83	75	0	392538
144	75	0	0	392548
144	75	75	0	392678
144	83	0	0	392721
144	83	75	0	392840
144	75	0	0	392854
144	62	75	0	392900
144	59	0	0	392968
144	76	75	0	392973
144	83	0	0	393022
144	83	75	0	393177
144	76	0	0	393187
144	76	75	0	393321
144	83	0	0	393337
144	59	75	0	393367
144	62	0	0	393433
144	83	75	0	393509
144	76	0	0	393531
144	76	75	0	393648
144	83	0	0	393700
144	62	75	0	393757
144	59	0	0	393798
144	82	75	0	393809
144	76	0	0	393841
144	76	75	0	393937
144	82	0	0	393970
144	80	75	0	394125
144	76	0	0	394165
144	59	75	0	394262
144	62	0	0	394272
144	76	75	0	394280
144	80	0	0	394295
144	80	75	0	394433
144	76	0	0	394494
144	78	75	0	394581
144	80	0	0	394638
144	62	75	0	394734
144	76	75	0	394743
144	78	0	0	394752
144	59	0	0	394776
144	80	75	0	394895
144	76	0	0	394958
144	78	75	0	395045
144	80	0	0	395124
144	59	75	0	395182
144	62	0	0	395200
144	76	75	0	395208
144	78	0	0	395218
144	80	75	0	395356
144	76	0	0	395383
144	80	0	0	395518
144	62	75	0	395711
144	76	75	0	395725
144	59	0	0	395770
144	75	75	0	395784
144	76	0	0	395818
144	75	0	0	396181
144	59	75	0	396189
144	78	75	0	396197
144	62	0	0	396227
144	78	0	0	396331
144	76	75	0	396337
144	75	75	0	396453
144	76	0	0	396500
144	62	75	0	396588
144	73	75	0	396611
144	59	0	0	396663
144	75	0	0	396682
144	73	0	0	396770
144	76	75	0	396792
144	74	75	0	396802
144	74	0	0	396839
144	75	75	0	396932
144	76	0	0	396998
144	73	75	0	397074
144	59	75	0	397113
144	62	0	0	397129
144	75	0	0	397139
144	73	0	0	397239
144	71	75	0	397245
144	75	75	0	397413
144	71	0	0	397429
144	62	75	0	397449
144	59	0	0	397463
144	73	75	0	397563
144	75	0	0	397603
144	71	75	0	397689
144	73	0	0	397749
144	69	75	0	397836
144	71	0	0	397862
144	71	75	0	397988
144	59	75	0	398018
144	62	0	0	398033
144	69	0	0	398042
144	73	75	0	398161
144	71	0	0	398171
144	71	75	0	398309
144	73	0	0	398363
144	71	0	0	398420
144	69	75	0	398428
144	62	75	0	398452
144	59	0	0	398524
144	68	75	0	398599
144	69	0	0	398635
144	68	0	0	398751
144	69	75	0	398764
144	68	75	0	398901
144	59	75	0	398938
144	69	0	0	398950
144	62	0	0	398959
144	66	75	0	399052
144	68	0	0	399120
144	69	75	0	399250
144	66	0	0	399262
144	62	75	0	399369
144	59	0	0	399396
144	68	75	0	399413
144	69	0	0	399467
144	59	75	0	399892
144	62	0	0	399924
144	62	75	0	400359
144	59	0	0	400397
144	59	75	0	400859
144	62	0	0	400868
144	62	75	0	401356
144	59	0	0	401426
144	59	75	0	401854
144	62	0	0	401900
144	62	75	0	402340
144	59	0	0	402397
144	59	75	0	402832
144	62	0	0	402857
144	64	75	0	403013
144	62	75	0	403021
144	62	0	0	403096
144	64	0	0	403120
144	64	75	0	403172
144	64	0	0	403285
144	62	75	0	403341
144	59	0	0	403367
144	64	75	0	403372
144	64	0	0	403501
144	59	75	0	403855
144	62	0	0	403869
144	64	75	0	403986
144	64	0	0	404070
144	64	75	0	404140
144	64	0	0	404229
144	64	75	0	404297
144	59	0	0	404306
144	62	75	0	404312
144	59	75	0	404771
144	64	0	0	404785
144	62	0	0	404794
144	64	75	0	404922
144	64	0	0	405027
144	64	75	0	405087
144	64	0	0	405164
144	64	75	0	405233
144	62	75	0	405259
144	59	0	0	405313
144	59	75	0	405712
144	62	0	0	405758
144	64	0	0	405777
144	64	75	0	405855
144	64	0	0	405979
144	64	75	0	406046
144	64	0	0	406152
144	64	75	0	406201
144	62	75	0	406208
144	59	0	0	406263
144	59	75	0	406715
144	64	0	0	406735
144	62	0	0	406744
144	64	75	0	406848
144	64	0	0	406935
144	64	75	0	407013
144	64	0	0	407131
144	64	75	0	407194
144	62	75	0	407227
144	59	0	0	407249
144	59	75	0	407722
144	62	0	0	407738
144	59	0	0	408210
144	60	75	0	408215
144	57	75	0	408710
144	60	0	0	408717
144	57	0	0	409208
144	59	75	0	409221
144	56	0	0	409343
144	56	75	0	409777
144	57	75	0	410963
144	56	0	0	410973
144	54	75	0	411477
144	57	0	0	411499
144	57	75	0	411974
144	54	0	0	411987
144	59	0	0	412109
144	59	75	0	412453
144	57	0	0	412508
144	54	75	0	412986
144	55	75	0	413521
144	54	0	0	413551
144	55	0	0	413967
144	57	75	0	414082
144	59	0	0	414175
144	59	75	0	414579
144	57	0	0	414613
144	54	75	0	415128
144	56	75	0	415644
144	54	0	0	415674
144	57	75	0	416146
144	59	0	0	416165
144	56	0	0	416195
144	59	75	0	416638
144	57	0	0	416670
144	54	75	0	417165
144	54	0	0	417645
144	55	75	0	417652
144	59	0	0	417723
144	57	75	0	418268
144	55	0	0	418302
144	59	75	0	418959
144	57	0	0	419016
144	57	75	0	419769
144	55	75	0	420224
144	57	0	0	420281
144	54	75	0	420977
144	55	0	0	421018
144	51	75	0	423785
144	52	0	0	423794
144	63	75	0	426586
144	66	75	0	426613
144	64	0	0	426650
144	69	75	0	427797
144	68	0	0	427869
144	47	75	0	430428
144	63	0	0	438752
144	64	75	0	438875
144	64	0	0	439724
144	63	75	0	439751
144	61	75	0	441502
144	63	0	0	441517
144	63	75	0	442351
144	61	0	0	442390
144	64	75	0	443395
144	63	0	0	443420
144	66	0	0	444112
144	66	75	0	444297
144	64	0	0	444353
144	64	75	0	445982
144	63	75	0	446851
144	64	0	0	446903
144	61	75	0	448339
144	63	0	0	448383
144	63	75	0	449114
144	61	0	0	449130
144	63	0	0	449890
144	64	75	0	449918
144	66	0	0	449990
144	64	0	0	450845
144	66	75	0	450853
144	71	75	0	450862
144	69	0	0	453278
144	67	75	0	453974
144	66	0	0	454004
144	76	75	0	454732
144	76	0	0	455359
144	74	75	0	455411
144	71	0	0	456037
144	71	75	0	456261
144	78	75	0	457149
144	78	0	0	458699
144	76	75	0	458760
144	74	0	0	460317
144	75	75	0	460479
144	76	0	0	460560
144	67	0	0	461517
144	78	75	0	463562
144	75	0	0	465591
144	76	75	0	465781
144	71	0	0	465819
144	75	75	0	466458
144	76	0	0	466485
144	75	0	0	467036
144	76	75	0	467084
144	78	0	0	467186
144	78	75	0	467790
144	76	0	0	467863
144	79	75	0	468581
144	78	0	0	468601
144	78	75	0	470062
144	79	0	0	470079
144	83	75	0	471599
144	78	0	0	471679
144	81	75	0	472587
144	83	0	0	472652
144	79	75	0	472767
144	81	0	0	472775
144	78	75	0	472970
144	79	0	0	472987
144	79	75	0	473773
144	78	0	0	473798
144	76	75	0	474164
144	79	0	0	474174
144	78	75	0	474608
144	76	0	0	474637
144	75	75	0	475457
144	78	0	0	475509
144	75	0	0	477299
144	73	75	0	477317
144	75	75	0	477723
144	73	0	0	477775
144	76	75	0	478200
144	75	0	0	478215
144	76	0	0	479261
144	71	75	0	479266
144	73	75	0	481037
144	75	75	0	481367
144	73	0	0	481380
144	76	75	0	481772
144	75	0	0	481792
144	70	75	0	482539
144	71	0	0	482573
144	78	75	0	482579
144	76	0	0	484223
144	75	75	0	484419
144	76	75	0	485124
144	75	0	0	485132
144	75	75	0	485876
144	76	0	0	486023
144	73	75	0	486737
144	75	0	0	486749
144	73	0	0	488434
144	71	75	0	488455
144	75	75	0	488472
144	70	0	0	488492
144	83	75	0	491032
144	71	0	0	491283
144	75	0	0	491374
144	78	0	0	491402
144	81	75	0	491805
144	83	0	0	491880
144	79	75	0	492513
144	81	0	0	492540
144	79	0	0	492827
144	81	75	0	492834
144	79	75	0	492998
144	81	0	0	493026
144	78	75	0	493180
144	79	0	0	493223
144	76	75	0	493509
144	78	0	0	493533
144	74	75	0	493862
144	76	0	0	493905
144	76	75	0	494584
144	74	0	0	494596
144	73	75	0	495307
144	76	0	0	495335
144	74	75	0	496016
144	73	0	0	496032
144	73	75	0	496366
144	74	0	0	496407
144	71	75	0	496733
144	73	0	0	496750
144	69	75	0	497428
144	71	0	0	497436
144	67	75	0	498139
144	69	0	0	498175
144	66	75	0	498886
144	67	0	0	498926
144	67	75	0	499512
144	66	0	0	499527
144	66	75	0	499862
144	67	0	0	499912
144	64	75	0	500254
144	66	0	0	500272
144	63	75	0	500991
144	64	0	0	501037
144	66	75	0	501647
144	63	0	0	501699
144	64	75	0	502714
144	66	0	0	502737
144	66	75	0	502883
144	64	0	0	502923
144	67	75	0	503078
144	66	0	0	503109
144	64	75	0	503793
144	67	0	0	503858
144	63	75	0	504487
144	64	0	0	504556
144	61	75	0	505499
144	63	0	0	505529
144	61	0	0	505696
144	63	75	0	505701
144	64	75	0	505889
144	63	0	0	505906
144	66	75	0	506648
144	64	0	0	506699
144	63	75	0	507446
144	66	0	0	507515
144	64	75	0	508549
144	63	0	0	508662
144	66	75	0	508774
144	64	0	0	508781
144	67	75	0	509004
144	66	0	0	509012
144	64	75	0	509835
144	67	0	0	509886
144	63	75	0	510694
144	64	0	0	510763
144	61	75	0	511803
144	63	0	0	511846
144	63	75	0	512019
144	61	0	0	512030
144	64	75	0	512241
144	63	0	0	512258
144	66	75	0	513142
144	64	0	0	513182
144	63	75	0	513988
144	66	0	0	514022
144	66	75	0	514720
144	63	0	0	514792
144	69	75	0	515551
144	66	0	0	515561
144	69	0	0	515930
144	67	75	0	516036
144	66	75	0	516433
144	67	0	0	516452
144	64	75	0	516785
144	66	0	0	516816
144	63	75	0	517148
144	64	0	0	517190
144	63	0	0	517538
144	69	75	0	517640
144	69	0	0	518035
144	67	75	0	518046
144	71	75	0	518444
144	67	0	0	518466
144	69	75	0	518870
144	71	0	0	518881
144	67	75	0	519234
144	69	0	0	519245
144	66	75	0	519609
144	67	0	0	519618
144	66	0	0	520021
144	71	75	0	520043
144	69	75	0	521217
144	71	0	0	521236
144	72	75	0	521945
144	69	0	0	521977
144	71	75	0	522290
144	72	0	0	522309
144	71	0	0	522456
144	69	75	0	522480
144	67	75	0	522652
144	69	0	0	522668
144	69	75	0	523074
144	67	0	0	523095
144	71	75	0	523448
144	69	0	0	523503
144	66	75	0	524129
144	71	0	0	524162
144	72	75	0	524876
144	66	0	0	524970
144	71	75	0	525210
144	72	0	0	525220
144	71	0	0	525372
144	69	75	0	525417
144	67	75	0	525545
144	69	0	0	525554
144	67	0	0	525920
144	69	75	0	525928
144	69	0	0	526307
144	71	75	0	526314
144	66	75	0	526980
144	71	0	0	527062
144	67	75	0	527727
144	66	0	0	527750
144	69	75	0	528497
144	67	0	0	528542
144	71	75	0	529264
144	69	0	0	529287
144	64	75	0	530031
144	66	75	0	530733
144	64	0	0	530786
144	67	75	0	531412
144	66	0	0	531432
144	69	75	0	532108
144	67	0	0	532133
144	63	75	0	532850
144	63	0	0	533555
144	64	75	0	533559
144	62	75	0	533567
144	62	0	0	533657
144	66	75	0	534244
144	64	0	0	534283
144	67	75	0	534994
144	66	0	0	535031
144	66	75	0	535806
144	67	0	0	535850
144	67	75	0	536558
144	66	0	0	536602
144	66	75	0	537296
144	67	0	0	537349
144	67	75	0	538045
144	66	0	0	538106
144	66	75	0	538799
144	67	0	0	538853
144	64	75	0	539499
144	66	0	0	539511
144	67	75	0	539519
144	69	0	0	539527
144	67	0	0	540039
144	63	75	0	540175
144	66	75	0	540187
144	64	0	0	540211
144	63	0	0	540891
144	64	75	0	540896
144	66	0	0	540904
144	67	75	0	540915
144	67	0	0	541452
144	66	75	0	541558
144	69	75	0	541599
144	71	0	0	541611
144	64	0	0	541620
144	72	75	0	542228
144	64	75	0	542236
144	72	0	0	543597
144	71	75	0	543621
144	63	75	0	545036
144	64	0	0	545087
144	50	75	0	547849
144	62	75	0	547891
144	51	0	0	547900
144	69	0	0	547905
144	63	0	0	547936
144	64	75	0	550895
144	62	0	0	550907
144	66	0	0	551413
144	66	75	0	551545
144	64	0	0	551555
144	66	0	0	552189
144	67	75	0	552233
144	66	75	0	553000
144	67	0	0	553024
144	62	75	0	553687
144	66	0	0	553734
144	64	75	0	554399
144	62	0	0	554409
144	61	75	0	555150
144	64	0	0	555206
144	61	0	0	555887
144	62	75	0	555896
144	62	0	0	556477
144	59	0	0	556545
144	54	0	0	556552
144	50	0	0	556559
144	59	75	0	556631
144	64	75	0	557392
144	52	75	0	557400
144	50	75	0	558078
144	62	75	0	558097
144	52	0	0	558103
144	64	0	0	558142
144	54	75	0	558767
144	66	75	0	558796
144	50	0	0	558820
144	62	0	0	558862
144	50	75	0	559543
144	62	75	0	559554
144	54	0	0	559584
144	66	0	0	559599
144	62	0	0	560203
144	49	75	0	560270
144	61	75	0	560305
144	50	0	0	560318
144	64	75	0	560998
144	49	0	0	561014
144	52	75	0	561033
144	61	0	0	561050
144	59	0	0	561092
144	46	75	0	562050
144	47	0	0	562090
144	58	75	0	562110
144	64	0	0	562168
144	59	75	0	562917
144	58	0	0	562936
144	47	75	0	562953
144	46	0	0	562977
144	51	75	0	564508
144	63	75	0	564527
144	52	0	0	564565
144	50	75	0	566022
144	62	75	0	566053
144	63	0	0	566063
144	51	0	0	566079
144	62	0	0	567523
144	71	0	0	567558
144	47	0	0	567679
144	46	75	0	567790
144	70	75	0	567822
144	49	75	0	567833
144	61	75	0	567843
144	50	0	0	567861
144	59	0	0	567884
144	49	0	0	568701
144	50	75	0	568732
144	50	0	0	568779
144	54	75	0	569558
144	66	75	0	569591
144	55	75	0	570302
144	66	0	0	570309
144	67	75	0	570314
144	54	0	0	570352
144	67	0	0	570941
144	54	75	0	571020
144	66	75	0	571034
144	55	0	0	571073
144	53	75	0	572251
144	54	0	0	572259
144	53	0	0	572300
144	46	0	0	572506
144	42	75	0	572676
144	53	75	0	572691
144	53	0	0	572821
144	54	75	0	572941
144	42	0	0	573489
144	54	0	0	573494
144	43	75	0	573499
144	55	75	0	573510
144	43	0	0	574066
144	55	0	0	574140
144	42	75	0	574270
144	54	75	0	574281
144	54	0	0	574950
144	42	0	0	574982
144	52	75	0	575079
144	40	75	0	575093
144	52	0	0	575606
144	40	0	0	575670
144	50	75	0	575892
144	38	75	0	575912
144	38	0	0	577312
144	50	0	0	577357
144	37	75	0	577500
144	49	75	0	577506
144	37	0	0	578854
144	49	0	0	578906
144	42	75	0	579048
144	54	75	0	579085
144	42	0	0	579709
144	54	0	0	579726
144	55	75	0	579790
144	43	75	0	579807
144	43	0	0	580323
144	55	0	0	580354
144	58	75	0	580587
144	46	75	0	580598
144	58	0	0	581186
144	46	0	0	581219
144	55	75	0	581364
144	43	75	0	581405
144	55	0	0	581688
144	43	0	0	581787
144	42	75	0	582111
144	54	75	0	582116
144	54	0	0	583500
144	42	0	0	583590
144	52	75	0	583711
144	40	75	0	583720
144	40	0	0	585024
144	52	0	0	585047
144	42	75	0	585410
144	50	75	0	585418
144	49	75	0	587143
144	50	0	0	587170
144	61	0	0	589992
144	62	75	0	590009
144	59	75	0	590016
144	70	0	0	590026
144	71	75	0	590035
144	47	75	0	590043
144	49	0	0	590093
144	67	75	0	590098
144	66	0	0	590110
144	50	75	0	593252
144	67	0	0	596253
144	66	75	0	596448
144	52	75	0	598058
144	50	0	0	598132
144	50	75	0	598891
144	52	0	0	598927
144	49	75	0	599823
144	50	0	0	599879
144	52	75	0	600716
144	49	0	0	600771
144	52	0	0	601480
144	54	75	0	601625
144	49	75	0	602465
144	54	0	0	602489
144	50	75	0	603530
144	49	0	0	603582
144	47	0	0	612582
144	42	0	0	612591
144	50	0	0	612600
144	59	0	0	612605
144	62	0	0	612612
144	66	0	0	612618
144	71	0	0	612623
