144	66	60	0	2440
144	54	65	0	2786
144	60	63	0	2792
144	58	68	0	2809
128	66	64	0	2840
144	63	62	0	3077
144	64	69	0	3181
128	63	64	0	3182
128	64	64	0	3415
144	65	64	0	3424
128	60	64	0	3521
128	54	64	0	3538
128	58	64	0	3551
144	66	70	0	3582
128	65	64	0	3625
144	54	69	0	3795
144	60	69	0	3799
144	58	63	0	3816
128	66	64	0	3872
144	64	74	0	3875
144	65	57	0	4015
128	64	64	0	4024
144	66	68	0	4246
128	65	64	0	4260
128	66	64	0	4327
144	67	68	0	4332
128	54	64	0	4418
128	60	64	0	4431
128	58	64	0	4452
144	65	76	0	4615
144	54	69	0	4630
144	58	66	0	4636
144	60	66	0	4640
128	67	64	0	4644
144	66	68	0	4758
128	65	64	0	4787
128	66	64	0	4983
144	67	71	0	4992
128	58	64	0	5121
144	68	65	0	5124
128	54	64	0	5136
128	60	64	0	5138
128	67	64	0	5146
144	66	71	0	5394
128	68	64	0	5404
144	54	73	0	5436
144	60	73	0	5440
144	58	70	0	5443
144	64	62	0	5542
144	65	41	0	5544
128	66	64	0	5549
144	66	76	0	5900
128	64	64	0	5907
128	65	64	0	5912
128	60	64	0	6013
128	54	64	0	6015
128	58	64	0	6017
144	60	69	0	6253
144	54	67	0	6258
144	58	66	0	6261
128	66	64	0	6373
144	64	55	0	6521
144	65	68	0	6601
128	64	64	0	6607
144	66	64	0	6898
128	65	64	0	6909
144	67	68	0	6948
128	66	64	0	6950
128	54	64	0	6954
128	60	64	0	6987
128	58	64	0	6997
144	54	68	0	7211
144	60	67	0	7215
144	58	70	0	7223
144	63	84	0	7279
128	67	64	0	7329
128	63	64	0	7532
144	64	68	0	7539
128	64	64	0	7673
144	65	68	0	7680
128	60	64	0	7698
128	54	64	0	7701
128	58	64	0	7704
144	66	74	0	7945
128	65	64	0	7953
144	58	68	0	7961
144	54	67	0	7965
144	60	68	0	7968
128	66	64	0	8327
144	64	69	0	8332
128	54	64	0	8364
128	58	64	0	8378
128	60	64	0	8395
144	65	65	0	8423
128	64	64	0	8455
144	60	64	0	8722
144	54	66	0	8731
144	58	64	0	8735
144	66	70	0	8743
128	65	64	0	8767
128	66	64	0	9007
144	64	66	0	9020
128	58	64	0	9089
128	54	64	0	9092
128	60	64	0	9095
144	65	67	0	9109
128	64	64	0	9125
144	54	73	0	9334
144	60	67	0	9340
144	58	67	0	9344
144	66	76	0	9371
128	65	64	0	9396
128	66	64	0	9675
144	68	67	0	9695
128	60	64	0	9793
128	54	64	0	9802
128	58	64	0	9813
144	65	53	0	9829
128	68	64	0	9843
144	66	70	0	10119
128	65	64	0	10155
144	62	77	0	10230
144	54	66	0	10234
144	58	72	0	10241
128	66	64	0	10283
144	66	30	0	10404
128	66	64	0	10476
144	67	79	0	10483
128	58	64	0	10560
128	54	64	0	10586
128	62	64	0	10589
144	68	70	0	10626
128	67	64	0	10642
144	62	71	0	10811
144	54	66	0	10818
144	58	72	0	10830
144	66	68	0	11152
128	68	64	0	11188
128	58	64	0	11255
128	62	64	0	11260
128	54	64	0	11264
144	67	77	0	11270
128	66	64	0	11280
144	66	76	0	11553
128	67	64	0	11574
144	62	66	0	11587
144	54	67	0	11593
144	58	68	0	11600
128	66	64	0	11726
144	66	69	0	11911
128	54	64	0	11994
144	65	78	0	12008
128	58	64	0	12014
128	62	64	0	12020
128	66	64	0	12031
144	64	78	0	12241
128	65	64	0	12245
144	58	74	0	12336
144	62	66	0	12342
144	54	73	0	12345
128	64	64	0	12405
144	64	64	0	12650
128	54	64	0	12712
128	62	64	0	12720
144	65	68	0	12726
128	58	64	0	12741
128	64	64	0	12746
144	66	74	0	12982
128	65	64	0	13000
144	54	74	0	13083
144	60	76	0	13086
144	58	74	0	13094
128	66	64	0	13158
128	58	64	0	13324
128	54	64	0	13332
144	67	74	0	13338
128	60	64	0	13382
144	68	70	0	13482
128	67	64	0	13526
144	60	71	0	13684
144	58	72	0	13687
144	54	69	0	13692
128	68	64	0	13715
144	66	85	0	13729
128	58	64	0	14016
128	60	64	0	14028
128	66	64	0	14045
128	54	64	0	14048
144	67	74	0	14070
144	68	66	0	14196
128	67	64	0	14235
144	66	79	0	14471
144	60	78	0	14474
144	54	79	0	14477
128	68	64	0	14480
144	58	68	0	14483
128	66	64	0	14750
144	67	68	0	14756
128	60	64	0	14817
128	54	64	0	14844
128	58	64	0	14860
144	68	67	0	14882
128	67	64	0	14887
144	66	79	0	15038
128	68	64	0	15042
144	58	61	0	15071
144	60	67	0	15075
144	54	65	0	15080
144	67	69	0	15390
128	66	64	0	15401
144	68	73	0	15544
128	67	64	0	15580
128	60	64	0	15633
128	54	64	0	15677
128	58	64	0	15691
128	68	64	0	15804
144	54	77	0	15914
144	60	81	0	15923
144	58	76	0	15926
144	63	58	0	16177
144	64	82	0	16282
128	60	64	0	16331
128	63	64	0	16339
128	58	64	0	16376
128	54	64	0	16403
128	64	64	0	16532
144	65	59	0	16539
144	54	76	0	16644
144	58	72	0	16649
144	60	69	0	16653
144	66	78	0	16703
128	65	64	0	16726
144	65	53	0	16967
128	66	64	0	16969
128	58	64	0	17003
128	54	64	0	17005
128	60	64	0	17016
144	64	72	0	17028
128	65	64	0	17032
128	64	64	0	17129
144	58	84	0	17264
144	54	83	0	17268
144	60	81	0	17274
144	63	71	0	17584
144	64	79	0	17667
128	63	64	0	17673
128	60	64	0	17736
128	54	64	0	17741
128	58	64	0	17764
144	65	67	0	17941
128	64	64	0	17944
144	66	73	0	18062
144	60	87	0	18084
144	54	79	0	18092
128	65	64	0	18094
144	58	68	0	18104
144	65	52	0	18384
128	66	64	0	18399
128	54	64	0	18446
128	65	64	0	18458
128	60	64	0	18466
144	64	72	0	18470
128	58	64	0	18486
128	64	64	0	18627
144	63	81	0	18663
144	54	75	0	18669
144	60	76	0	18674
144	58	70	0	18679
144	65	76	0	18974
128	63	64	0	19001
128	54	64	0	19052
128	60	64	0	19059
128	58	64	0	19064
144	67	79	0	19118
128	65	64	0	19154
144	60	80	0	19358
144	54	75	0	19361
144	58	72	0	19368
144	66	82	0	19399
128	67	64	0	19435
144	64	70	0	19710
128	66	64	0	19727
128	60	64	0	19753
128	58	64	0	19761
128	54	64	0	19764
144	65	71	0	19801
128	64	64	0	19832
144	60	79	0	19998
144	58	76	0	20002
144	54	77	0	20004
144	67	72	0	20080
128	65	64	0	20113
144	66	80	0	20408
128	67	64	0	20452
128	60	64	0	20479
128	58	64	0	20483
128	54	64	0	20491
144	65	74	0	20499
128	66	64	0	20535
144	67	81	0	20778
128	65	64	0	20809
144	54	67	0	20826
144	58	70	0	20829
144	62	78	0	20833
144	61	53	0	20889
144	69	85	0	21182
128	67	64	0	21216
128	61	64	0	21240
128	58	64	0	21243
128	62	64	0	21251
128	54	64	0	21263
144	62	69	0	21480
144	54	65	0	21483
144	58	70	0	21499
144	61	67	0	21504
144	68	82	0	21548
128	69	64	0	21608
144	69	80	0	21905
128	68	64	0	21914
128	62	64	0	22039
128	58	64	0	22042
128	61	64	0	22056
128	54	64	0	22078
144	70	75	0	22109
128	69	64	0	22133
144	54	61	0	22361
144	58	72	0	22365
144	61	76	0	22369
144	64	78	0	22372
144	68	85	0	22393
128	70	64	0	22412
144	69	74	0	22764
128	68	64	0	22772
128	61	64	0	23029
128	58	64	0	23034
128	54	64	0	23043
128	64	64	0	23045
144	70	75	0	23048
128	69	64	0	23065
144	58	70	0	23301
144	65	63	0	23311
144	54	68	0	23314
144	71	90	0	23321
144	64	72	0	23325
128	70	64	0	23329
144	70	66	0	23669
128	71	64	0	23726
128	64	64	0	23982
144	69	43	0	23992
128	54	64	0	23995
128	65	64	0	24008
144	71	55	0	24012
128	70	64	0	24015
128	58	64	0	24046
144	64	79	0	24280
128	71	64	0	24286
144	54	68	0	24289
144	58	66	0	24292
144	61	79	0	24297
144	70	73	0	24574
128	69	64	0	24600
144	67	67	0	24877
128	70	64	0	24914
128	61	64	0	24974
128	54	64	0	24977
128	58	64	0	24984
128	64	64	0	24987
144	66	84	0	25209
144	64	76	0	25219
128	67	64	0	25224
144	54	68	0	25231
144	61	71	0	25235
144	58	69	0	25239
128	66	64	0	25495
144	67	71	0	25509
144	66	59	0	25579
128	67	64	0	25628
128	58	64	0	25650
128	61	64	0	25653
128	64	64	0	25676
128	54	64	0	25683
128	66	64	0	25854
144	68	73	0	25856
144	64	79	0	25924
144	54	71	0	25930
144	61	79	0	25939
144	58	73	0	25942
144	67	74	0	26220
128	68	64	0	26259
128	54	64	0	26371
144	66	76	0	26375
128	58	64	0	26386
128	61	64	0	26401
128	64	64	0	26411
128	67	64	0	26419
128	66	64	0	26590
144	64	77	0	26724
144	54	68	0	26733
144	61	73	0	26737
144	58	70	0	26740
144	66	79	0	26746
144	68	67	0	27033
128	66	64	0	27037
128	68	64	0	27092
144	67	73	0	27103
128	54	64	0	27221
128	61	64	0	27248
128	58	64	0	27251
128	64	64	0	27253
144	66	80	0	27354
144	64	71	0	27363
144	61	55	0	27371
144	58	52	0	27375
144	54	66	0	27386
128	67	64	0	27395
144	68	67	0	27676
128	66	64	0	27686
128	68	64	0	27730
144	67	78	0	27749
128	58	64	0	27829
128	54	64	0	27838
128	61	64	0	27844
128	64	64	0	27858
144	66	77	0	27996
128	67	64	0	28037
144	64	66	0	28074
144	61	63	0	28083
144	58	68	0	28088
144	54	67	0	28092
144	68	78	0	28143
128	66	64	0	28172
144	67	81	0	28328
128	68	64	0	28335
144	69	75	0	28455
128	67	64	0	28476
128	54	64	0	28598
128	58	64	0	28633
128	64	64	0	28645
128	61	64	0	28648
144	70	84	0	28712
128	69	64	0	28735
144	64	73	0	28774
144	61	60	0	28783
144	54	61	0	28787
144	58	71	0	28791
144	71	88	0	28816
128	70	64	0	28828
144	72	78	0	29085
128	71	64	0	29106
128	54	64	0	29234
128	64	64	0	29237
128	58	64	0	29240
144	73	76	0	29243
128	61	64	0	29249
128	72	64	0	29265
144	74	84	0	29395
128	73	64	0	29410
144	64	82	0	29416
144	61	75	0	29419
144	58	69	0	29425
144	54	70	0	29428
144	75	74	0	29726
128	74	64	0	29735
128	64	64	0	29823
144	76	80	0	29828
128	54	64	0	29836
128	75	64	0	29843
128	58	64	0	29846
128	61	64	0	29848
144	77	80	0	30071
144	61	75	0	30087
144	64	80	0	30090
128	76	64	0	30092
144	58	70	0	30098
144	54	71	0	30103
144	78	73	0	30398
128	77	64	0	30407
128	54	64	0	30415
128	58	64	0	30418
128	64	64	0	30423
128	61	64	0	30426
128	78	64	0	30446
144	79	71	0	30461
144	61	69	0	30503
144	64	75	0	30507
144	54	64	0	30510
144	58	58	0	30515
128	54	64	0	30704
128	64	64	0	30709
128	58	64	0	30719
128	61	64	0	30720
128	79	64	0	30739
144	80	77	0	30744
144	61	59	0	30823
144	64	72	0	30827
128	80	64	0	30836
144	54	65	0	30839
144	58	52	0	30842
144	81	85	0	30860
144	82	76	0	31115
128	81	64	0	31136
144	81	70	0	31251
128	82	64	0	31254
128	58	64	0	31332
128	54	64	0	31336
128	61	64	0	31340
128	64	64	0	31346
144	82	80	0	31465
128	81	64	0	31476
144	64	82	0	31486
144	54	74	0	31496
144	61	81	0	31501
144	58	69	0	31505
144	81	67	0	31792
128	82	64	0	31821
144	80	82	0	31950
128	54	64	0	31961
128	81	64	0	31977
128	61	64	0	31984
128	58	64	0	31988
128	64	64	0	31990
144	79	71	0	32177
128	80	64	0	32180
144	64	75	0	32254
144	54	70	0	32263
144	61	72	0	32266
144	58	71	0	32269
144	78	84	0	32301
128	79	64	0	32322
144	77	66	0	32505
128	78	64	0	32512
128	54	64	0	32629
144	76	74	0	32640
128	58	64	0	32643
128	64	64	0	32646
128	61	64	0	32648
128	77	64	0	32658
128	76	64	0	32787
144	64	83	0	32818
144	75	85	0	32821
144	61	72	0	32823
144	54	70	0	32828
144	58	68	0	32831
144	76	77	0	33131
128	75	64	0	33135
144	78	73	0	33248
128	76	64	0	33272
128	58	64	0	33276
128	54	64	0	33282
128	64	64	0	33285
128	61	64	0	33287
144	74	81	0	33561
128	78	64	0	33563
144	64	81	0	33600
144	61	74	0	33609
144	54	68	0	33613
144	58	69	0	33616
144	75	82	0	33649
128	74	64	0	33686
144	72	76	0	33905
128	75	64	0	33915
144	78	71	0	33992
128	72	64	0	34031
128	58	64	0	34096
128	54	64	0	34102
128	61	64	0	34105
128	64	64	0	34113
144	75	70	0	34213
128	78	64	0	34250
144	64	81	0	34330
144	71	81	0	34336
144	61	74	0	34340
144	54	73	0	34343
144	58	72	0	34346
128	75	64	0	34354
144	75	76	0	34571
128	71	64	0	34578
144	71	59	0	34667
128	75	64	0	34685
128	54	64	0	34687
128	61	64	0	34690
128	64	64	0	34698
128	58	64	0	34701
144	64	77	0	34844
144	70	83	0	34847
144	61	74	0	34857
144	54	70	0	34860
128	71	64	0	34865
144	58	68	0	34872
144	73	66	0	35172
128	70	64	0	35182
128	58	64	0	35255
128	54	64	0	35261
128	64	64	0	35266
128	61	64	0	35275
144	70	57	0	35278
128	73	64	0	35326
144	67	81	0	35557
128	70	64	0	35561
144	64	67	0	35563
144	61	65	0	35567
144	58	66	0	35570
144	54	66	0	35578
144	70	64	0	35651
128	67	64	0	35700
128	61	64	0	35842
128	58	64	0	35844
128	54	64	0	35849
128	64	64	0	35857
144	67	65	0	35881
128	70	64	0	35895
144	66	82	0	36003
144	64	75	0	36009
144	61	68	0	36013
144	58	65	0	36018
144	54	62	0	36022
128	67	64	0	36042
128	58	64	0	36179
128	54	64	0	36182
128	61	64	0	36196
128	64	64	0	36213
144	70	70	0	36252
128	66	64	0	36254
144	64	69	0	36309
144	54	66	0	36316
144	61	59	0	36319
144	69	77	0	36327
144	58	70	0	36331
128	70	64	0	36343
144	67	74	0	36602
128	69	64	0	36632
128	58	64	0	36700
128	61	64	0	36710
128	64	64	0	36713
128	54	64	0	36719
144	70	69	0	36749
128	67	64	0	36787
128	70	64	0	36947
144	64	87	0	36964
144	67	86	0	36967
144	54	76	0	36971
144	58	76	0	36986
144	61	79	0	36989
144	66	78	0	37310
128	67	64	0	37338
128	54	64	0	37415
128	64	64	0	37420
128	58	64	0	37425
128	61	64	0	37438
144	70	62	0	37452
128	66	64	0	37462
128	70	64	0	37721
144	69	80	0	37728
144	54	72	0	37745
144	64	80	0	37749
144	61	76	0	37753
144	58	77	0	37756
128	69	64	0	38009
144	70	75	0	38020
128	64	64	0	38078
128	54	64	0	38091
128	58	64	0	38093
128	61	64	0	38101
144	67	72	0	38130
128	70	64	0	38132
144	64	85	0	38308
128	67	64	0	38311
144	54	71	0	38317
144	61	75	0	38321
144	66	87	0	38325
144	58	72	0	38327
144	70	66	0	38647
128	66	64	0	38651
128	70	64	0	38713
144	69	80	0	38739
128	64	64	0	38772
128	54	64	0	38789
128	61	64	0	38793
128	58	64	0	38796
128	69	64	0	39001
144	64	84	0	39115
144	61	78	0	39120
144	54	74	0	39124
144	58	74	0	39127
144	67	90	0	39130
144	70	71	0	39395
128	67	64	0	39398
144	67	74	0	39494
128	70	64	0	39517
128	54	64	0	39526
128	58	64	0	39563
128	64	64	0	39569
128	61	64	0	39578
128	67	64	0	39705
144	66	85	0	39746
144	64	83	0	39756
144	61	70	0	39761
144	54	72	0	39765
144	58	75	0	39772
128	66	64	0	40075
144	70	69	0	40087
144	69	83	0	40204
128	70	64	0	40207
128	64	64	0	40304
128	54	64	0	40307
128	61	64	0	40331
128	58	64	0	40337
128	69	64	0	40410
144	67	85	0	40573
144	61	76	0	40579
144	54	72	0	40582
144	58	72	0	40585
144	64	79	0	40588
128	67	64	0	40803
144	70	64	0	40818
128	70	64	0	40941
144	67	50	0	40948
128	54	64	0	40973
128	64	64	0	40987
128	61	64	0	40997
128	58	64	0	41004
128	67	64	0	41130
144	66	73	0	41176
144	58	62	0	41192
144	61	59	0	41196
144	64	66	0	41198
144	54	66	0	41205
144	70	67	0	41533
128	66	64	0	41535
144	69	74	0	41671
128	70	64	0	41679
128	54	64	0	41770
128	64	64	0	41774
128	61	64	0	41802
128	58	64	0	41805
128	69	64	0	41870
144	61	79	0	42029
144	64	84	0	42033
144	58	72	0	42038
144	54	74	0	42041
144	70	93	0	42071
128	70	64	0	42289
144	71	88	0	42306
128	58	64	0	42409
128	54	64	0	42413
128	61	64	0	42416
128	64	64	0	42418
144	72	87	0	42422
128	71	64	0	42477
144	73	87	0	42694
128	72	64	0	42712
144	64	69	0	42715
144	61	68	0	42719
144	54	72	0	42722
144	58	74	0	42725
144	72	75	0	43034
128	73	64	0	43052
128	54	64	0	43107
128	58	64	0	43113
128	64	64	0	43118
128	61	64	0	43131
144	71	79	0	43177
128	72	64	0	43194
144	61	64	0	43218
144	64	69	0	43221
144	54	62	0	43231
144	58	55	0	43237
128	58	64	0	43394
128	54	64	0	43397
128	64	64	0	43401
128	71	64	0	43403
128	61	64	0	43406
144	70	69	0	43421
144	61	61	0	43513
144	64	78	0	43516
144	54	67	0	43521
144	58	65	0	43524
144	69	81	0	43800
128	70	64	0	43813
128	64	64	0	43925
144	68	82	0	43931
128	58	64	0	43934
128	61	64	0	43937
128	54	64	0	43939
128	69	64	0	43953
144	64	84	0	44118
144	61	75	0	44126
144	54	70	0	44130
144	58	73	0	44132
144	67	83	0	44436
128	68	64	0	44439
128	64	64	0	44489
128	54	64	0	44492
128	58	64	0	44495
128	61	64	0	44497
144	61	70	0	44579
144	64	75	0	44583
144	58	62	0	44589
144	54	57	0	44593
144	66	84	0	44877
128	61	64	0	44887
128	54	64	0	44890
128	58	64	0	44893
128	64	64	0	44896
128	67	64	0	44899
144	64	72	0	44979
144	61	61	0	44983
144	58	60	0	44986
144	54	58	0	44990
144	65	80	0	45272
128	66	64	0	45280
128	64	64	0	45352
128	54	64	0	45355
128	58	64	0	45358
128	61	64	0	45361
144	66	85	0	45583
128	65	64	0	45633
144	61	80	0	45701
144	64	83	0	45703
144	58	76	0	45707
144	54	75	0	45711
144	67	89	0	45972
128	66	64	0	45978
128	64	64	0	46036
128	58	64	0	46044
128	61	64	0	46047
128	54	64	0	46050
144	68	80	0	46295
128	67	64	0	46335
144	64	85	0	46375
144	61	77	0	46382
144	58	76	0	46386
144	54	72	0	46389
144	69	89	0	46704
128	68	64	0	46713
128	64	64	0	46781
128	54	64	0	46784
128	58	64	0	46798
128	61	64	0	46801
144	70	76	0	47019
128	69	64	0	47050
144	61	81	0	47151
144	64	86	0	47154
144	58	76	0	47158
144	54	76	0	47161
144	71	89	0	47432
128	70	64	0	47447
128	64	64	0	47662
128	54	64	0	47667
128	58	64	0	47676
128	61	64	0	47686
144	72	85	0	47853
128	71	64	0	47901
144	64	84	0	48020
144	61	77	0	48024
144	58	72	0	48031
144	54	71	0	48035
144	73	82	0	48316
128	72	64	0	48346
128	54	64	0	48587
128	58	64	0	48612
128	64	64	0	48617
128	61	64	0	48633
144	74	80	0	48666
128	73	64	0	48686
144	64	86	0	48833
144	61	75	0	48841
144	58	73	0	48845
144	54	74	0	48848
144	75	82	0	49127
128	74	64	0	49151
128	54	64	0	49434
128	64	64	0	49456
128	58	64	0	49459
128	61	64	0	49477
144	76	88	0	49480
128	75	64	0	49485
144	64	86	0	49636
144	58	70	0	49644
144	61	85	0	49648
144	54	70	0	49652
144	77	76	0	49914
128	76	64	0	49953
128	54	64	0	50262
128	64	64	0	50296
128	58	64	0	50299
144	78	78	0	50309
128	61	64	0	50321
128	77	64	0	50343
144	61	68	0	50439
144	64	90	0	50445
144	54	74	0	50453
144	58	78	0	50457
128	78	64	0	50511
144	72	80	0	50720
128	61	64	0	50798
128	58	64	0	50801
128	64	64	0	50804
128	54	64	0	50814
144	78	73	0	50822
128	72	64	0	50876
144	75	76	0	51063
128	78	64	0	51071
144	61	79	0	51367
144	64	78	0	51370
144	54	74	0	51373
144	58	75	0	51379
144	71	86	0	51537
128	75	64	0	51543
128	58	64	0	51590
128	61	64	0	51608
128	64	64	0	51624
128	54	64	0	51631
144	72	81	0	51771
128	71	64	0	51794
144	64	87	0	51871
144	61	78	0	51879
144	54	75	0	51882
144	58	77	0	51886
144	75	80	0	52159
128	72	64	0	52169
128	54	64	0	52452
128	58	64	0	52460
144	73	55	0	52463
128	61	64	0	52475
128	64	64	0	52478
128	75	64	0	52597
144	61	81	0	52692
144	54	70	0	52697
144	64	76	0	52700
144	58	72	0	52702
144	72	81	0	52962
128	73	64	0	52980
128	54	64	0	53268
128	64	64	0	53286
128	58	64	0	53294
128	61	64	0	53304
144	71	86	0	53310
128	72	64	0	53330
128	71	64	0	53454
144	64	82	0	53457
144	54	74	0	53467
144	61	80	0	53471
144	58	70	0	53473
144	70	80	0	53699
128	61	64	0	53779
128	58	64	0	53781
128	64	64	0	53784
128	54	64	0	53788
144	69	80	0	53792
128	70	64	0	53817
144	70	67	0	54004
128	69	64	0	54034
144	64	86	0	54117
144	61	79	0	54119
144	54	73	0	54127
144	58	72	0	54131
128	70	64	0	54156
144	68	84	0	54388
144	69	77	0	54483
128	58	64	0	54486
128	64	64	0	54493
128	68	64	0	54496
128	61	64	0	54501
128	54	64	0	54503
144	70	79	0	54741
128	69	64	0	54756
144	64	81	0	54837
144	61	76	0	54841
144	54	73	0	54844
144	58	73	0	54848
144	68	71	0	55120
128	70	64	0	55127
128	58	64	0	55203
128	61	64	0	55207
144	69	78	0	55210
128	64	64	0	55213
128	54	64	0	55216
128	68	64	0	55219
144	70	79	0	55433
128	69	64	0	55462
144	58	70	0	55624
144	61	70	0	55627
144	64	68	0	55630
144	54	71	0	55641
144	68	74	0	55916
128	70	64	0	55922
144	69	77	0	56019
128	54	64	0	56025
128	58	64	0	56027
128	68	64	0	56036
128	64	64	0	56042
128	61	64	0	56048
144	70	78	0	56251
128	69	64	0	56270
144	58	70	0	56470
144	61	73	0	56475
144	64	70	0	56478
144	54	70	0	56486
144	68	70	0	56778
128	70	64	0	56804
144	69	76	0	56897
128	68	64	0	56905
128	54	64	0	56972
128	64	64	0	57015
128	61	64	0	57017
128	58	64	0	57023
144	70	75	0	57189
128	69	64	0	57235
144	64	72	0	57367
144	58	67	0	57372
144	61	67	0	57375
144	54	63	0	57379
144	68	61	0	57716
128	70	64	0	57736
144	69	66	0	57831
128	68	64	0	57852
128	54	64	0	57863
128	64	64	0	57870
128	58	64	0	57890
128	61	64	0	57892
144	70	70	0	58162
128	69	64	0	58210
144	54	73	0	58328
144	58	73	0	58332
144	61	84	0	58335
128	70	64	0	58410
144	66	75	0	58638
128	61	64	0	58814
128	58	64	0	58821
128	54	64	0	58842
144	63	66	0	59049
128	66	64	0	59089
144	61	81	0	59204
144	58	74	0	59207
144	54	68	0	59211
128	63	64	0	59479
144	64	78	0	59488
144	65	75	0	59626
128	61	64	0	59652
128	54	64	0	59654
128	64	64	0	59657
128	58	64	0	59661
144	66	80	0	59912
128	65	64	0	59934
144	61	78	0	60044
144	54	68	0	60047
144	58	71	0	60051
144	63	72	0	60329
128	66	64	0	60370
128	58	64	0	60408
128	61	64	0	60411
128	54	64	0	60421
144	64	75	0	60463
128	63	64	0	60483
144	65	72	0	60713
128	64	64	0	60717
144	57	85	0	60865
144	54	69	0	60879
144	66	79	0	61142
128	65	64	0	61154
128	57	64	0	61208
128	54	64	0	61254
144	65	76	0	61542
128	66	64	0	61578
144	54	79	0	61658
144	57	82	0	61667
144	60	88	0	61670
128	65	64	0	61937
144	64	81	0	61942
144	63	80	0	62086
128	64	64	0	62106
128	60	64	0	62182
128	54	64	0	62186
128	57	64	0	62188
144	66	84	0	62321
128	63	64	0	62334
144	57	87	0	62375
144	60	87	0	62378
144	54	79	0	62383
144	65	69	0	62709
128	66	64	0	62741
144	64	85	0	62871
128	65	64	0	62878
128	57	64	0	62895
128	60	64	0	62904
128	54	64	0	62948
128	64	64	0	63197
144	57	79	0	63236
144	54	76	0	63239
144	60	78	0	63242
144	66	84	0	63266
144	65	71	0	63502
128	66	64	0	63520
144	64	73	0	63632
128	54	64	0	63643
128	65	64	0	63656
128	60	64	0	63683
128	57	64	0	63696
144	63	87	0	63873
144	57	83	0	63885
144	60	79	0	63888
144	54	78	0	63892
128	64	64	0	63894
144	66	78	0	64226
128	63	64	0	64258
128	57	64	0	64356
128	60	64	0	64373
144	65	80	0	64381
128	66	64	0	64400
128	54	64	0	64403
144	64	77	0	64640
128	65	64	0	64656
128	64	64	0	64736
144	60	78	0	64745
144	57	74	0	64753
144	54	66	0	64755
144	66	78	0	65004
144	65	76	0	65149
128	66	64	0	65164
128	60	64	0	65204
128	57	64	0	65216
128	54	64	0	65219
144	64	73	0	65373
128	65	64	0	65375
144	60	75	0	65452
144	57	70	0	65466
144	54	68	0	65470
144	63	81	0	65497
128	64	64	0	65527
144	66	81	0	65735
128	63	64	0	65764
144	65	76	0	65849
128	66	64	0	65887
128	60	64	0	65921
128	57	64	0	65932
128	54	64	0	65945
144	64	84	0	66075
128	65	64	0	66096
144	60	82	0	66423
144	57	78	0	66428
144	54	75	0	66432
128	64	64	0	66435
144	66	80	0	66465
144	65	80	0	66597
128	66	64	0	66634
144	64	78	0	66834
128	65	64	0	66836
128	54	64	0	66851
128	60	64	0	66863
128	57	64	0	66866
144	63	83	0	66985
144	60	78	0	66992
144	57	75	0	66999
144	54	77	0	67006
128	64	64	0	67010
144	66	68	0	67238
128	63	64	0	67241
128	66	64	0	67362
128	60	64	0	67370
128	54	64	0	67373
144	65	67	0	67376
128	57	64	0	67386
144	64	87	0	67637
128	65	64	0	67641
144	60	79	0	67651
144	57	77	0	67658
144	54	75	0	67661
144	67	68	0	67989
128	64	64	0	68012
128	54	64	0	68124
144	66	70	0	68142
128	60	64	0	68148
128	57	64	0	68165
128	67	64	0	68186
144	65	69	0	68402
128	66	64	0	68415
144	57	58	0	68430
144	54	72	0	68433
144	60	72	0	68440
144	64	84	0	68505
128	65	64	0	68524
144	63	76	0	68728
128	64	64	0	68731
144	64	78	0	68826
128	63	64	0	68829
128	60	64	0	68833
128	54	64	0	68839
128	57	64	0	68849
128	64	64	0	69038
144	65	63	0	69047
144	60	83	0	69150
144	57	83	0	69153
144	54	78	0	69158
144	66	85	0	69188
128	65	64	0	69219
128	60	64	0	69541
128	66	64	0	69547
128	57	64	0	69552
144	64	88	0	69555
128	54	64	0	69583
128	64	64	0	69733
144	69	86	0	69736
144	54	78	0	69755
144	57	84	0	69761
144	60	75	0	69766
144	66	78	0	70131
128	54	64	0	70139
128	69	64	0	70153
128	60	64	0	70169
128	57	64	0	70191
128	66	64	0	70288
144	64	90	0	70292
128	64	64	0	70562
144	60	80	0	70619
144	54	80	0	70622
144	57	79	0	70625
144	69	89	0	70637
128	69	64	0	70895
144	66	63	0	70911
144	64	76	0	70961
128	66	64	0	70963
128	54	64	0	71030
128	60	64	0	71041
128	57	64	0	71044
144	70	82	0	71054
128	64	64	0	71082
128	70	64	0	71301
144	69	97	0	71306
144	60	74	0	71320
144	54	73	0	71322
144	57	70	0	71330
144	70	78	0	71641
128	69	64	0	71659
144	71	85	0	71754
128	70	64	0	71760
128	60	64	0	71775
128	54	64	0	71799
128	57	64	0	71813
128	71	64	0	72010
144	70	81	0	72021
144	54	76	0	72121
144	57	74	0	72127
144	60	70	0	72130
144	69	88	0	72164
128	70	64	0	72178
144	70	73	0	72377
128	69	64	0	72385
128	70	64	0	72513
144	71	78	0	72516
128	54	64	0	72553
128	57	64	0	72576
128	60	64	0	72585
144	69	77	0	72714
128	71	64	0	72724
144	57	85	0	72781
144	60	86	0	72784
144	54	78	0	72787
144	70	71	0	73076
128	69	64	0	73091
128	60	64	0	73212
128	70	64	0	73220
144	71	81	0	73223
128	54	64	0	73275
128	57	64	0	73290
128	71	64	0	73553
144	69	83	0	73557
144	54	74	0	73570
144	60	81	0	73573
144	57	78	0	73581
128	69	64	0	73839
144	70	61	0	73842
128	70	64	0	73908
144	71	63	0	73912
128	54	64	0	73990
128	57	64	0	73992
128	60	64	0	73995
144	69	66	0	74047
128	71	64	0	74056
128	69	64	0	74120
144	70	70	0	74124
144	60	73	0	74138
144	54	63	0	74145
144	57	66	0	74151
144	71	81	0	74168
128	70	64	0	74177
144	72	85	0	74257
128	71	64	0	74308
144	70	85	0	74590
128	72	64	0	74620
128	60	64	0	74633
144	71	80	0	74646
128	70	64	0	74668
128	54	64	0	74670
128	57	64	0	74673
144	69	79	0	74929
128	71	64	0	74947
144	60	83	0	74987
144	57	75	0	74990
144	54	76	0	74993
144	70	85	0	74998
128	69	64	0	75053
144	71	76	0	75273
128	70	64	0	75287
144	69	82	0	75405
128	71	64	0	75434
128	54	64	0	75464
128	60	64	0	75479
128	57	64	0	75485
144	70	76	0	75670
128	69	64	0	75674
144	71	88	0	75694
144	60	81	0	75711
128	70	64	0	75714
144	57	75	0	75718
144	54	74	0	75720
144	69	74	0	76030
128	71	64	0	76061
144	70	82	0	76115
128	69	64	0	76151
128	60	64	0	76163
128	54	64	0	76174
128	57	64	0	76179
128	70	64	0	76413
144	72	85	0	76449
144	71	73	0	76470
144	60	92	0	76476
144	54	83	0	76480
144	57	81	0	76487
128	71	64	0	76521
144	71	89	0	76742
128	72	64	0	76745
144	70	84	0	76809
128	71	64	0	76862
128	54	64	0	76876
128	60	64	0	76883
128	57	64	0	76888
128	70	64	0	77078
144	71	90	0	77083
144	60	81	0	77105
144	54	74	0	77111
144	57	76	0	77113
144	70	81	0	77427
128	71	64	0	77447
144	69	73	0	77517
128	70	64	0	77533
128	60	64	0	77536
128	54	64	0	77558
128	57	64	0	77573
144	67	94	0	77582
128	69	64	0	77628
128	67	64	0	77734
144	60	85	0	77943
144	57	78	0	77946
144	54	76	0	77951
144	70	89	0	77956
144	71	72	0	78218
128	70	64	0	78221
144	72	80	0	78224
128	54	64	0	78383
128	60	64	0	78389
128	71	64	0	78392
128	57	64	0	78420
128	72	64	0	78592
144	71	95	0	78603
144	54	75	0	78623
144	60	68	0	78628
144	57	73	0	78632
144	59	48	0	78658
128	59	64	0	78726
128	71	64	0	78920
144	70	81	0	78930
128	60	64	0	79023
144	69	59	0	79027
128	54	64	0	79029
128	70	64	0	79037
128	57	64	0	79047
144	67	81	0	79071
128	69	64	0	79084
144	66	94	0	79124
128	67	64	0	79179
128	66	64	0	79255
144	54	77	0	79470
144	60	81	0	79473
144	57	78	0	79477
144	70	85	0	79487
144	71	77	0	79715
128	70	64	0	79725
144	70	50	0	79857
128	71	64	0	79886
128	54	64	0	79966
128	60	64	0	79969
128	57	64	0	79990
128	70	64	0	80123
144	72	83	0	80130
144	60	81	0	80157
144	57	75	0	80160
144	54	76	0	80163
144	71	63	0	80525
144	70	72	0	80550
128	54	64	0	80576
128	72	64	0	80578
128	60	64	0	80582
128	71	64	0	80586
128	57	64	0	80601
144	69	86	0	80609
128	70	64	0	80661
128	69	64	0	80861
144	60	81	0	81013
144	57	81	0	81018
144	54	75	0	81020
144	74	71	0	81046
144	76	85	0	81055
128	76	64	0	81305
144	72	76	0	81319
128	74	64	0	81344
128	72	64	0	81369
144	71	56	0	81385
128	54	64	0	81396
128	60	64	0	81447
128	57	64	0	81454
144	60	73	0	81716
144	54	75	0	81720
128	71	64	0	81722
144	57	73	0	81726
144	75	91	0	81728
128	60	64	0	82191
128	57	64	0	82218
128	54	64	0	82221
128	75	64	0	82231
144	60	80	0	82617
144	54	80	0	82621
144	57	87	0	82632
144	76	88	0	82650
144	77	62	0	82684
128	77	64	0	82741
144	74	69	0	82962
144	72	71	0	83023
128	54	64	0	83025
128	76	64	0	83031
128	60	64	0	83044
128	74	64	0	83078
128	57	64	0	83082
144	71	81	0	83094
128	72	64	0	83140
128	71	64	0	83224
144	60	78	0	83285
144	57	79	0	83288
144	54	75	0	83293
144	75	93	0	83297
144	71	25	0	83640
128	71	64	0	83726
144	76	85	0	83805
144	77	62	0	83838
128	75	64	0	83863
128	60	64	0	83872
128	57	64	0	83900
128	77	64	0	83903
128	54	64	0	83908
128	76	64	0	83972
144	54	81	0	84227
144	71	88	0	84230
144	60	77	0	84233
144	57	66	0	84236
144	78	90	0	84244
144	59	51	0	84265
128	71	64	0	84370
128	59	64	0	84508
128	78	64	0	84519
144	71	86	0	84532
144	78	58	0	84606
128	71	64	0	84650
128	54	64	0	84653
128	60	64	0	84655
128	57	64	0	84658
128	78	64	0	84726
144	71	88	0	84872
144	60	81	0	84875
144	57	74	0	84882
144	81	91	0	84886
144	54	72	0	84888
144	78	78	0	85251
128	71	64	0	85254
128	81	64	0	85301
128	60	64	0	85341
128	54	64	0	85345
128	57	64	0	85356
144	71	74	0	85378
128	78	64	0	85409
128	71	64	0	85572
144	79	93	0	85737
144	60	83	0	85740
144	57	81	0	85743
144	54	40	0	85767
144	53	48	0	85804
128	54	64	0	85871
128	53	64	0	85873
144	78	78	0	85996
128	79	64	0	86027
144	77	76	0	86062
128	60	64	0	86082
128	78	64	0	86086
128	57	64	0	86113
144	78	80	0	86154
128	77	64	0	86213
144	60	85	0	86373
144	57	76	0	86377
144	54	75	0	86383
144	79	85	0	86389
128	78	64	0	86392
144	78	78	0	86735
128	54	64	0	86738
128	57	64	0	86747
128	60	64	0	86749
128	79	64	0	86781
144	77	80	0	86835
128	78	64	0	86849
144	78	70	0	86943
128	77	64	0	86996
128	78	64	0	87186
144	60	69	0	87277
144	53	64	0	87281
144	57	66	0	87285
144	79	89	0	87294
144	78	76	0	87554
128	79	64	0	87590
128	60	64	0	87603
128	53	64	0	87605
128	57	64	0	87631
128	78	64	0	87661
144	76	81	0	87692
144	57	53	0	87739
144	60	58	0	87742
144	52	77	0	87753
128	52	64	0	87983
128	60	64	0	88008
128	76	64	0	88011
128	57	64	0	88015
144	77	81	0	88018
144	57	61	0	88064
144	60	72	0	88070
144	50	48	0	88104
144	52	69	0	88110
128	52	64	0	88448
128	50	64	0	88455
128	77	64	0	88464
144	74	68	0	88468
144	76	72	0	88482
128	60	64	0	88523
128	76	64	0	88538
128	57	64	0	88570
144	77	65	0	88574
128	74	64	0	88578
128	77	64	0	88776
144	60	73	0	88895
144	52	78	0	88903
144	57	80	0	88911
144	79	69	0	88919
144	81	74	0	88924
128	52	64	0	89143
128	57	64	0	89167
128	60	64	0	89185
144	78	70	0	89202
128	81	64	0	89229
128	79	64	0	89238
144	77	65	0	89306
128	78	64	0	89322
144	76	61	0	89358
128	77	64	0	89412
128	76	64	0	89520
144	61	79	0	89543
144	64	78	0	89546
144	57	77	0	89549
144	79	90	0	89560
144	78	64	0	89908
128	57	64	0	89926
128	64	64	0	89942
128	61	64	0	89957
128	79	64	0	89978
144	77	68	0	90027
128	78	64	0	90057
144	74	86	0	90097
128	77	64	0	90135
128	74	64	0	90248
144	59	77	0	90437
144	63	82	0	90445
144	81	81	0	90447
144	65	63	0	90460
144	67	50	0	90482
128	67	64	0	90555
144	78	76	0	90748
128	59	64	0	90814
128	65	64	0	90823
128	81	64	0	90826
144	77	68	0	90831
128	63	64	0	90843
128	78	64	0	90898
144	74	56	0	90916
128	77	64	0	90953
128	74	64	0	91036
144	61	78	0	91062
144	57	72	0	91069
144	64	84	0	91082
144	79	90	0	91090
144	78	78	0	91435
128	79	64	0	91521
144	77	60	0	91551
144	76	62	0	91561
128	64	64	0	91581
128	78	64	0	91587
128	57	64	0	91599
144	74	93	0	91602
128	76	64	0	91613
128	61	64	0	91615
128	77	64	0	91671
128	74	64	0	91775
144	65	81	0	91969
144	59	83	0	91972
144	81	86	0	91975
144	63	83	0	91978
144	78	81	0	92272
128	81	64	0	92345
128	65	64	0	92350
128	63	64	0	92376
128	59	64	0	92378
144	77	32	0	92412
144	74	79	0	92445
144	76	79	0	92452
128	78	64	0	92456
128	77	64	0	92473
128	76	64	0	92501
128	74	64	0	92576
144	64	75	0	92617
144	57	70	0	92623
144	61	82	0	92629
144	79	89	0	92633
144	78	76	0	92963
128	79	64	0	93038
144	76	77	0	93061
128	78	64	0	93112
128	64	64	0	93129
144	74	87	0	93140
128	57	64	0	93143
128	61	64	0	93161
128	76	64	0	93163
128	74	64	0	93367
144	59	74	0	93479
144	65	69	0	93489
144	63	80	0	93497
144	76	89	0	93511
144	75	76	0	93765
128	76	64	0	93835
144	73	73	0	93845
128	75	64	0	93886
128	59	64	0	93903
128	65	64	0	93922
144	71	52	0	93941
128	63	64	0	93943
144	72	50	0	93947
128	73	64	0	93954
128	72	64	0	94020
128	71	64	0	94040
144	65	77	0	94073
144	73	73	0	94084
144	63	72	0	94087
144	57	78	0	94093
144	61	22	0	94282
128	61	64	0	94360
128	73	64	0	94452
144	71	88	0	94454
128	63	64	0	94487
128	65	64	0	94537
128	57	64	0	94548
144	73	62	0	94586
128	71	64	0	94627
128	73	64	0	94775
144	57	76	0	94922
144	61	79	0	94927
144	63	83	0	94933
144	70	67	0	94941
144	69	90	0	94954
128	70	64	0	95121
128	69	64	0	95141
144	69	79	0	95202
128	63	64	0	95289
144	70	80	0	95302
128	61	64	0	95309
128	69	64	0	95314
128	57	64	0	95337
128	70	64	0	95525
144	69	79	0	95532
144	57	69	0	95539
144	63	78	0	95547
144	61	74	0	95549
128	69	64	0	95866
144	67	76	0	95883
128	63	64	0	95960
128	61	64	0	95964
128	57	64	0	95985
144	69	77	0	95996
128	67	64	0	96028
128	69	64	0	96141
144	57	82	0	96309
144	63	82	0	96314
144	61	76	0	96324
144	69	89	0	96335
128	69	64	0	96490
144	69	62	0	96576
144	70	70	0	96699
128	69	64	0	96737
128	57	64	0	96757
128	61	64	0	96791
128	63	64	0	96793
128	70	64	0	96840
144	63	62	0	96902
144	69	87	0	96908
144	61	51	0	96916
144	57	77	0	96919
144	67	77	0	97241
128	69	64	0	97251
144	69	77	0	97382
128	67	64	0	97405
128	57	64	0	97422
128	63	64	0	97430
128	61	64	0	97448
128	69	64	0	97536
144	61	90	0	97698
144	57	73	0	97709
144	68	85	0	97719
144	69	74	0	97807
128	68	64	0	97823
128	57	64	0	97938
128	61	64	0	97941
144	70	82	0	97943
128	69	64	0	97947
144	68	76	0	98051
128	70	64	0	98068
144	61	73	0	98100
144	57	62	0	98103
144	63	74	0	98106
128	68	64	0	98135
144	69	78	0	98144
128	57	64	0	98204
128	61	64	0	98223
128	63	64	0	98232
128	69	64	0	98275
144	70	60	0	98286
144	68	71	0	98377
128	70	64	0	98380
144	63	70	0	98440
144	61	68	0	98444
144	57	63	0	98447
128	68	64	0	98504
144	69	76	0	98523
128	61	64	0	98559
128	63	64	0	98575
128	57	64	0	98591
144	70	67	0	98665
128	69	64	0	98670
128	70	64	0	98722
144	68	79	0	98728
144	57	82	0	98753
144	61	86	0	98756
144	64	88	0	98764
128	68	64	0	98942
128	64	64	0	98975
128	57	64	0	98978
128	61	64	0	98986
144	69	85	0	99126
144	57	76	0	99144
144	61	86	0	99150
144	63	87	0	99158
144	70	79	0	99284
128	69	64	0	99288
128	61	64	0	99363
128	57	64	0	99371
128	63	64	0	99383
144	68	68	0	99400
128	70	64	0	99416
144	69	72	0	99522
128	68	64	0	99525
144	63	66	0	99561
144	57	38	0	99574
144	61	55	0	99576
128	61	64	0	99650
144	70	69	0	99657
128	69	64	0	99661
128	57	64	0	99671
128	63	64	0	99681
144	68	52	0	99735
128	70	64	0	99746
128	68	64	0	99848
144	69	55	0	99856
144	57	63	0	99898
144	61	70	0	99913
144	62	69	0	99924
128	69	64	0	100027
144	70	64	0	100031
128	61	64	0	100057
128	62	64	0	100074
128	70	64	0	100093
128	57	64	0	100101
144	68	60	0	100104
128	68	64	0	100238
144	69	81	0	100246
144	61	74	0	100250
144	57	63	0	100253
144	63	80	0	100256
144	64	73	0	100293
128	69	64	0	100427
128	61	64	0	100435
128	64	64	0	100443
128	63	64	0	100446
128	57	64	0	100454
144	57	87	0	100615
144	64	96	0	100618
144	61	80	0	100624
144	63	73	0	100628
144	69	63	0	100899
144	70	81	0	101015
128	57	64	0	101017
128	64	64	0	101019
128	61	64	0	101035
128	63	64	0	101041
128	69	64	0	101066
144	63	76	0	101216
144	61	75	0	101219
144	64	81	0	101222
144	57	75	0	101225
144	68	92	0	101232
128	70	64	0	101247
128	68	64	0	101544
144	69	80	0	101548
144	71	82	0	101680
128	64	64	0	101700
128	57	64	0	101720
128	61	64	0	101723
128	63	64	0	101730
128	69	64	0	101833
144	70	83	0	101948
128	71	64	0	101960
144	63	76	0	102000
144	61	77	0	102003
144	57	69	0	102010
144	64	75	0	102013
128	70	64	0	102329
144	69	86	0	102339
128	64	64	0	102443
144	68	89	0	102459
128	57	64	0	102463
128	61	64	0	102466
128	63	64	0	102468
128	69	64	0	102492
144	61	76	0	102658
144	57	77	0	102661
144	63	74	0	102664
144	64	80	0	102668
128	68	64	0	102983
144	67	92	0	102986
128	63	64	0	103083
128	57	64	0	103085
128	64	64	0	103088
128	61	64	0	103090
144	68	84	0	103307
128	67	64	0	103347
144	64	84	0	103419
144	61	74	0	103425
144	63	74	0	103429
144	57	72	0	103432
144	69	90	0	103717
128	68	64	0	103727
128	64	64	0	103968
128	57	64	0	103981
128	61	64	0	103991
128	63	64	0	104000
144	70	82	0	104068
128	69	64	0	104081
144	61	77	0	104271
144	64	81	0	104275
144	63	72	0	104277
144	57	68	0	104282
144	71	81	0	104517
128	70	64	0	104522
128	64	64	0	104812
128	57	64	0	104819
128	61	64	0	104841
128	63	64	0	104855
144	72	85	0	104864
128	71	64	0	104900
144	61	74	0	105011
144	64	75	0	105015
144	63	76	0	105019
144	57	70	0	105023
144	73	81	0	105291
128	72	64	0	105315
128	64	64	0	105585
128	57	64	0	105600
128	61	64	0	105617
144	74	83	0	105620
128	73	64	0	105625
128	63	64	0	105628
144	64	80	0	105776
144	57	69	0	105782
144	63	73	0	105787
144	61	76	0	105790
144	75	87	0	106045
128	74	64	0	106071
128	64	64	0	106327
128	57	64	0	106340
128	61	64	0	106372
128	63	64	0	106382
144	76	92	0	106417
128	75	64	0	106426
144	61	81	0	106550
144	64	89	0	106553
128	76	64	0	106556
144	57	79	0	106559
128	61	64	0	106762
128	57	64	0	106765
144	76	75	0	106775
128	64	64	0	106779
144	80	82	0	106850
128	76	64	0	106905
128	80	64	0	107104
144	76	87	0	107109
144	64	85	0	107128
144	61	83	0	107130
144	57	72	0	107137
144	81	89	0	107189
128	76	64	0	107249
144	80	85	0	107484
128	81	64	0	107520
128	64	64	0	107540
128	57	64	0	107570
128	61	64	0	107578
144	76	85	0	107588
128	80	64	0	107614
128	76	64	0	107800
144	83	90	0	107803
144	61	74	0	107813
144	64	77	0	107817
144	63	75	0	107823
144	57	67	0	107827
144	81	74	0	108157
128	83	64	0	108218
144	80	84	0	108251
128	64	64	0	108255
128	57	64	0	108269
128	61	64	0	108297
128	81	64	0	108301
128	63	64	0	108308
128	80	64	0	108500
144	79	82	0	108511
144	63	70	0	108590
144	64	70	0	108594
144	61	65	0	108597
144	78	82	0	108609
144	57	63	0	108612
128	79	64	0	108663
128	78	64	0	108861
144	80	79	0	108864
128	61	64	0	108938
128	63	64	0	108939
128	64	64	0	108945
144	77	90	0	108957
128	57	64	0	108964
128	80	64	0	108987
144	79	78	0	109128
128	77	64	0	109145
144	61	81	0	109281
144	64	87	0	109284
144	57	75	0	109286
144	78	80	0	109543
128	79	64	0	109554
128	64	64	0	109556
128	57	64	0	109567
128	61	64	0	109573
144	77	85	0	109656
128	78	64	0	109706
128	77	64	0	109922
144	61	78	0	109933
144	76	65	0	109936
144	63	85	0	109940
144	74	78	0	109943
144	57	67	0	109946
144	78	87	0	110031
128	74	64	0	110048
128	76	64	0	110077
128	61	64	0	110223
128	63	64	0	110238
128	57	64	0	110251
144	77	77	0	110290
128	78	64	0	110325
144	60	81	0	110368
144	63	68	0	110369
144	57	59	0	110377
144	74	86	0	110387
128	77	64	0	110439
128	57	64	0	110530
128	63	64	0	110552
128	60	64	0	110566
144	76	73	0	110615
128	74	64	0	110625
144	60	72	0	110709
144	63	81	0	110718
144	57	65	0	110723
144	78	87	0	110761
128	76	64	0	110790
128	57	64	0	110897
128	63	64	0	110916
128	60	64	0	110918
144	75	79	0	110982
128	78	64	0	110992
144	60	72	0	111077
144	63	74	0	111081
144	57	53	0	111087
144	76	80	0	111091
128	75	64	0	111093
128	57	64	0	111238
128	63	64	0	111241
128	60	64	0	111258
144	74	77	0	111297
128	76	64	0	111307
144	63	72	0	111417
144	60	81	0	111422
144	57	65	0	111427
144	73	81	0	111432
128	74	64	0	111472
128	57	64	0	111574
128	63	64	0	111581
128	60	64	0	111589
128	73	64	0	111662
144	72	77	0	111672
144	71	81	0	111758
144	60	69	0	111766
144	63	78	0	111768
144	57	64	0	111773
128	72	64	0	111814
128	57	64	0	111891
128	60	64	0	111902
128	63	64	0	111909
144	70	74	0	112022
128	71	64	0	112036
144	57	75	0	112099
144	60	84	0	112101
144	63	81	0	112107
144	69	82	0	112119
128	70	64	0	112149
128	60	64	0	112281
128	57	64	0	112284
128	63	64	0	112287
144	68	71	0	112332
128	69	64	0	112340
144	57	68	0	112440
144	63	89	0	112443
144	61	76	0	112447
144	70	74	0	112466
128	68	64	0	112488
128	57	64	0	112593
128	61	64	0	112611
128	63	64	0	112614
128	70	64	0	112672
144	67	82	0	112697
144	57	75	0	112787
144	61	79	0	112796
144	64	84	0	112799
144	68	88	0	112804
128	67	64	0	112848
144	69	89	0	113155
128	68	64	0	113174
128	64	64	0	113221
128	61	64	0	113222
128	57	64	0	113238
144	70	85	0	113336
128	69	64	0	113358
144	57	57	0	113373
144	60	81	0	113376
144	63	83	0	113383
144	68	79	0	113675
128	70	64	0	113722
128	60	64	0	113729
128	63	64	0	113767
128	57	64	0	113772
144	69	86	0	113817
128	68	64	0	113839
128	69	64	0	114002
144	61	81	0	114151
144	64	81	0	114156
144	57	74	0	114160
144	70	85	0	114165
144	68	75	0	114480
128	70	64	0	114532
128	64	64	0	114536
128	61	64	0	114564
128	57	64	0	114577
144	69	83	0	114614
128	68	64	0	114630
144	71	88	0	114777
144	60	82	0	114785
144	57	57	0	114789
144	63	80	0	114802
128	69	64	0	114827
144	70	79	0	115115
128	71	64	0	115176
144	68	81	0	115198
128	60	64	0	115201
128	57	64	0	115253
128	70	64	0	115260
128	63	64	0	115268
144	69	79	0	115286
128	68	64	0	115302
144	67	65	0	115404
128	69	64	0	115434
128	67	64	0	115585
144	66	96	0	115706
144	61	90	0	115710
144	64	90	0	115712
144	57	79	0	115724
128	66	64	0	115965
144	67	83	0	115982
144	68	75	0	116074
128	67	64	0	116122
128	64	64	0	116129
144	66	80	0	116163
128	57	64	0	116166
128	61	64	0	116169
128	68	64	0	116230
144	67	90	0	116306
128	66	64	0	116310
144	60	79	0	116324
144	63	75	0	116327
144	57	64	0	116330
144	68	88	0	116383
128	67	64	0	116444
144	66	79	0	116753
128	68	64	0	116755
144	67	77	0	116805
128	60	64	0	116817
128	66	64	0	116843
128	57	64	0	116856
128	63	64	0	116860
144	68	75	0	116887
128	67	64	0	116919
128	68	64	0	117112
144	61	86	0	117220
144	66	95	0	117229
144	64	83	0	117233
144	57	77	0	117242
144	67	74	0	117501
128	66	64	0	117504
144	68	67	0	117585
128	67	64	0	117623
144	66	84	0	117666
128	64	64	0	117678
128	61	64	0	117697
128	68	64	0	117700
128	57	64	0	117723
128	66	64	0	117769
144	67	87	0	117773
144	57	49	0	117839
144	63	80	0	117845
144	60	83	0	117848
144	68	84	0	117855
128	67	64	0	117891
144	66	85	0	118227
128	68	64	0	118255
144	67	82	0	118334
128	60	64	0	118344
128	66	64	0	118350
128	57	64	0	118359
128	63	64	0	118372
144	68	81	0	118388
128	67	64	0	118435
128	68	64	0	118535
144	61	88	0	118730
144	64	89	0	118733
144	67	98	0	118742
144	57	77	0	118746
144	60	75	0	118803
144	70	81	0	119003
128	67	64	0	119029
144	69	82	0	119086
128	60	64	0	119087
128	61	64	0	119094
128	70	64	0	119115
128	64	64	0	119164
144	67	84	0	119166
128	57	64	0	119174
128	69	64	0	119188
128	67	64	0	119297
144	70	94	0	119340
144	61	90	0	119351
144	64	86	0	119355
144	57	69	0	119358
144	69	72	0	119727
128	70	64	0	119746
128	69	64	0	119797
144	67	81	0	119813
128	64	64	0	119826
128	61	64	0	119849
144	70	75	0	119867
128	57	64	0	119868
128	67	64	0	119906
128	70	64	0	120008
144	57	74	0	120236
144	60	83	0	120237
144	63	80	0	120241
144	73	93	0	120244
144	67	79	0	120506
128	73	64	0	120528
144	70	66	0	120575
128	67	64	0	120644
128	70	64	0	120652
144	69	55	0	120670
144	73	89	0	120686
144	70	47	0	120735
128	69	64	0	120738
128	60	64	0	120742
128	57	64	0	120757
128	63	64	0	120769
128	70	64	0	120791
128	73	64	0	120930
144	67	97	0	120934
144	63	79	0	120947
144	57	72	0	120950
144	60	82	0	120957
144	69	64	0	121285
144	70	42	0	121324
128	67	64	0	121341
144	73	85	0	121389
128	69	64	0	121407
128	70	64	0	121465
128	60	64	0	121485
128	57	64	0	121495
128	63	64	0	121498
128	73	64	0	121550
144	57	52	0	121793
144	61	75	0	121797
144	69	85	0	121802
144	64	72	0	121807
144	73	75	0	121983
128	69	64	0	122002
144	75	70	0	122015
128	57	64	0	122051
128	61	64	0	122086
128	64	64	0	122089
144	70	75	0	122118
128	73	64	0	122129
128	75	64	0	122147
144	69	72	0	122175
144	64	68	0	122194
144	61	68	0	122197
144	57	68	0	122216
128	70	64	0	122233
144	75	61	0	122246
128	69	64	0	122299
128	64	64	0	122345
128	57	64	0	122347
128	61	64	0	122362
128	75	64	0	122562
144	69	91	0	122571
144	61	83	0	122574
144	64	76	0	122582
144	57	73	0	122585
144	75	60	0	122650
128	69	64	0	122715
128	57	64	0	122793
128	64	64	0	122795
128	61	64	0	122811
128	75	64	0	122886
144	70	79	0	122897
144	57	71	0	122967
144	61	83	0	122973
144	64	75	0	122977
144	69	85	0	122988
128	70	64	0	123016
144	75	84	0	123049
128	64	64	0	123073
128	69	64	0	123082
144	77	83	0	123102
128	61	64	0	123105
128	57	64	0	123112
128	75	64	0	123145
128	77	64	0	123335
144	61	89	0	123460
144	57	75	0	123473
144	64	80	0	123476
144	78	89	0	123488
128	78	64	0	123771
144	69	77	0	123825
144	78	55	0	123904
128	64	64	0	123919
128	69	64	0	123944
128	57	64	0	123947
128	61	64	0	123949
128	78	64	0	124042
144	61	83	0	124115
144	57	78	0	124120
144	64	84	0	124124
144	79	80	0	124127
144	81	79	0	124130
144	78	73	0	124482
128	81	64	0	124526
128	79	64	0	124530
144	69	74	0	124544
128	57	64	0	124547
144	71	54	0	124571
128	64	64	0	124577
128	78	64	0	124585
128	61	64	0	124596
128	71	64	0	124653
144	78	80	0	124661
144	79	86	0	124704
128	69	64	0	124732
128	78	64	0	124820
128	79	64	0	124850
144	61	85	0	125036
144	64	81	0	125040
144	81	98	0	125044
144	57	79	0	125046
144	69	80	0	125265
128	81	64	0	125283
144	81	71	0	125362
128	69	64	0	125374
144	69	59	0	125478
144	73	80	0	125497
128	81	64	0	125507
144	71	54	0	125510
128	57	64	0	125545
128	69	64	0	125565
128	71	64	0	125573
128	64	64	0	125579
128	61	64	0	125580
144	81	66	0	125587
144	78	70	0	125629
128	73	64	0	125676
144	64	70	0	125907
128	78	64	0	125909
144	71	102	0	125913
144	61	70	0	125916
144	57	64	0	125925
128	81	64	0	125928
144	78	68	0	125990
144	73	27	0	126001
144	81	48	0	126023
128	71	64	0	126078
128	73	64	0	126277
128	78	64	0	126280
144	71	85	0	126299
144	73	52	0	126368
144	78	46	0	126396
128	71	64	0	126423
128	64	64	0	126507
128	57	64	0	126510
128	61	64	0	126540
128	81	64	0	126592
128	78	64	0	126641
128	73	64	0	126659
144	69	94	0	126661
144	64	78	0	126679
144	61	68	0	126682
144	57	66	0	126685
144	73	72	0	126982
144	78	70	0	126995
128	69	64	0	126998
128	78	64	0	127066
128	73	64	0	127083
144	71	85	0	127120
128	57	64	0	127123
128	64	64	0	127126
128	61	64	0	127147
144	73	61	0	127194
144	78	74	0	127211
128	71	64	0	127229
128	78	64	0	127476
128	73	64	0	127490
144	69	94	0	127492
144	64	66	0	127508
144	61	73	0	127511
144	57	65	0	127526
144	78	76	0	127743
128	69	64	0	127749
144	73	67	0	127775
128	78	64	0	127811
128	57	64	0	127827
128	64	64	0	127834
128	73	64	0	127837
128	61	64	0	127841
144	69	72	0	127860
144	64	72	0	127939
144	61	68	0	127942
144	57	71	0	127948
144	78	81	0	127995
144	73	72	0	128013
128	69	64	0	128031
128	57	64	0	128248
128	61	64	0	128251
144	69	84	0	128254
128	64	64	0	128257
128	78	64	0	128261
128	73	64	0	128283
144	61	90	0	128307
144	57	89	0	128313
128	69	64	0	128554
144	78	64	0	128571
144	73	58	0	128585
128	78	64	0	128616
128	57	64	0	128638
128	73	64	0	128646
144	69	63	0	128656
128	61	64	0	128661
144	78	60	0	128751
144	73	61	0	128756
128	69	64	0	128775
144	61	77	0	128808
144	64	83	0	128811
144	57	75	0	128814
128	61	64	0	128961
128	57	64	0	128964
128	78	64	0	128976
128	64	64	0	128979
128	73	64	0	129007
144	69	82	0	129021
144	64	87	0	129054
144	57	64	0	129056
144	61	65	0	129059
144	78	71	0	129300
128	69	64	0	129317
144	73	59	0	129325
128	78	64	0	129349
128	73	64	0	129375
144	69	63	0	129399
128	64	64	0	129403
128	61	64	0	129405
128	57	64	0	129420
144	78	74	0	129488
144	73	48	0	129501
144	61	64	0	129511
144	64	82	0	129513
144	57	71	0	129519
128	69	64	0	129524
128	57	64	0	129736
128	78	64	0	129739
128	64	64	0	129748
144	69	85	0	129753
128	73	64	0	129760
128	61	64	0	129763
144	64	86	0	129818
144	61	98	0	129822
144	57	65	0	129825
144	78	71	0	130078
128	69	64	0	130097
144	73	59	0	130101
128	78	64	0	130125
128	57	64	0	130130
128	64	64	0	130147
128	61	64	0	130151
128	73	64	0	130154
144	69	53	0	130189
144	78	73	0	130264
144	73	40	0	130272
144	64	81	0	130277
144	57	75	0	130286
144	61	70	0	130290
128	69	64	0	130311
128	64	64	0	130431
128	57	64	0	130444
128	61	64	0	130449
128	78	64	0	130463
128	73	64	0	130511
144	71	90	0	130540
144	61	64	0	130546
144	57	68	0	130550
144	65	86	0	130554
144	78	76	0	130814
128	71	64	0	130853
144	73	78	0	130889
128	78	64	0	130930
128	65	64	0	130937
128	57	64	0	130941
128	61	64	0	130951
144	71	74	0	130954
128	73	64	0	131000
128	71	64	0	131126
144	73	89	0	131197
144	61	87	0	131203
144	65	87	0	131205
144	57	80	0	131214
128	73	64	0	131416
128	57	64	0	131432
128	61	64	0	131435
128	65	64	0	131438
144	73	89	0	131480
144	61	81	0	131505
144	57	75	0	131510
144	65	81	0	131513
144	72	79	0	131802
128	73	64	0	131815
128	65	64	0	131866
128	57	64	0	131874
128	72	64	0	131885
144	71	68	0	131887
128	61	64	0	131890
128	71	64	0	131958
144	73	89	0	131966
144	61	64	0	132008
144	65	81	0	132016
144	57	72	0	132020
128	73	64	0	132171
128	57	64	0	132211
128	65	64	0	132216
128	61	64	0	132220
144	73	78	0	132241
144	65	75	0	132278
144	61	90	0	132286
144	57	69	0	132291
144	72	76	0	132620
128	73	64	0	132642
144	71	70	0	132693
128	57	64	0	132695
128	65	64	0	132700
128	72	64	0	132716
128	61	64	0	132718
128	71	64	0	132769
144	73	78	0	132777
144	65	89	0	132826
144	61	68	0	132830
144	57	81	0	132840
128	73	64	0	132905
128	57	64	0	132933
128	65	64	0	132940
128	61	64	0	132945
144	73	68	0	133000
144	61	77	0	133036
144	57	81	0	133049
144	65	81	0	133052
144	72	67	0	133365
128	73	64	0	133395
144	71	80	0	133440
128	72	64	0	133488
128	57	64	0	133490
128	65	64	0	133493
144	73	76	0	133529
128	61	64	0	133531
128	71	64	0	133567
128	73	64	0	133645
144	61	63	0	133686
144	65	44	0	133689
144	57	64	0	133697
144	73	81	0	133724
144	72	71	0	134094
128	73	64	0	134137
144	71	77	0	134159
128	72	64	0	134199
128	57	64	0	134217
144	73	59	0	134226
128	65	64	0	134229
128	61	64	0	134261
128	71	64	0	134269
128	73	64	0	134375
144	73	90	0	134587
144	61	92	0	134590
144	65	86	0	134594
144	57	80	0	134601
144	72	77	0	134864
128	73	64	0	134890
144	71	77	0	134934
128	57	64	0	134970
128	72	64	0	134981
128	65	64	0	135000
128	61	64	0	135006
144	74	90	0	135009
128	71	64	0	135063
144	61	78	0	135248
144	65	71	0	135252
144	57	68	0	135262
144	73	91	0	135269
128	74	64	0	135345
144	72	79	0	135626
128	73	64	0	135653
144	71	88	0	135711
128	72	64	0	135746
128	57	64	0	135748
144	73	64	0	135755
128	65	64	0	135757
128	61	64	0	135782
128	71	64	0	135817
144	74	76	0	135823
128	73	64	0	135853
144	61	85	0	136141
144	65	78	0	136143
144	57	78	0	136147
144	73	94	0	136166
128	74	64	0	136225
144	72	83	0	136437
128	73	64	0	136461
144	71	79	0	136501
128	72	64	0	136550
128	57	64	0	136571
144	74	86	0	136576
128	65	64	0	136584
128	61	64	0	136593
128	71	64	0	136623
144	65	88	0	136792
144	61	83	0	136796
144	73	91	0	136798
144	57	78	0	136805
128	74	64	0	136848
144	72	78	0	137124
128	73	64	0	137167
144	71	81	0	137233
128	72	64	0	137265
144	74	88	0	137281
128	71	64	0	137341
128	65	64	0	137343
128	57	64	0	137345
128	61	64	0	137349
128	74	64	0	137424
144	73	88	0	137708
144	61	84	0	137718
144	65	81	0	137722
144	57	79	0	137724
144	72	72	0	137956
128	73	64	0	137981
144	71	72	0	138037
144	74	86	0	138087
128	72	64	0	138089
128	65	64	0	138134
128	57	64	0	138137
128	71	64	0	138154
128	61	64	0	138156
144	61	83	0	138326
144	65	81	0	138332
144	73	85	0	138335
144	57	78	0	138341
128	74	64	0	138372
144	72	77	0	138650
128	57	64	0	138681
128	73	64	0	138686
128	65	64	0	138693
128	61	64	0	138718
144	71	67	0	138759
128	72	64	0	138780
144	74	83	0	138825
144	65	88	0	138846
144	61	76	0	138851
144	57	82	0	138854
128	71	64	0	138868
128	57	64	0	138974
128	65	64	0	138990
128	61	64	0	138992
128	74	64	0	139068
144	73	85	0	139210
144	61	87	0	139225
144	65	89	0	139229
144	57	88	0	139232
144	72	71	0	139460
128	73	64	0	139482
144	71	71	0	139542
128	72	64	0	139580
128	65	64	0	139583
128	57	64	0	139585
128	61	64	0	139592
144	74	79	0	139624
128	71	64	0	139664
144	65	79	0	139731
144	61	68	0	139734
144	57	64	0	139745
128	57	64	0	139795
128	65	64	0	139797
128	61	64	0	139821
144	73	81	0	139895
144	61	73	0	139924
128	74	64	0	139926
144	65	84	0	139935
144	57	80	0	139942
144	72	69	0	140215
128	65	64	0	140228
128	57	64	0	140231
128	73	64	0	140233
128	61	64	0	140247
128	72	64	0	140280
144	71	65	0	140286
144	74	81	0	140349
144	65	88	0	140366
144	61	64	0	140369
144	57	82	0	140374
128	71	64	0	140378
128	65	64	0	140479
128	57	64	0	140494
128	61	64	0	140509
128	74	64	0	140541
144	73	86	0	140756
144	61	91	0	140763
144	57	89	0	140767
144	65	90	0	140770
144	72	76	0	140846
128	73	64	0	140884
128	72	64	0	140911
144	71	80	0	140915
128	57	64	0	140965
128	61	64	0	140976
128	65	64	0	140983
144	70	81	0	141020
128	71	64	0	141033
128	70	64	0	141075
144	69	82	0	141094
144	65	86	0	141186
144	61	86	0	141189
144	68	101	0	141196
144	57	76	0	141200
128	69	64	0	141236
128	57	64	0	141259
128	68	64	0	141281
128	65	64	0	141288
128	61	64	0	141294
144	68	82	0	141532
144	61	85	0	141537
144	65	86	0	141540
144	57	82	0	141545
128	68	64	0	141577
144	69	89	0	141599
128	69	64	0	141692
128	61	64	0	141702
144	70	81	0	141712
128	65	64	0	141715
128	57	64	0	141722
144	71	88	0	141804
128	70	64	0	141821
144	65	78	0	141858
144	57	64	0	141867
144	61	81	0	141870
144	70	87	0	141892
128	71	64	0	141936
128	57	64	0	141982
128	65	64	0	141996
128	61	64	0	142008
128	70	64	0	142025
144	70	82	0	142246
144	61	81	0	142260
144	65	81	0	142266
144	57	80	0	142269
144	69	96	0	142286
128	70	64	0	142342
128	57	64	0	142605
144	70	84	0	142613
128	65	64	0	142616
128	61	64	0	142619
128	69	64	0	142621
144	69	65	0	142652
128	70	64	0	142663
128	69	64	0	142761
144	70	87	0	142900
144	69	86	0	142915
144	61	85	0	142917
144	65	72	0	142921
144	57	78	0	142926
128	70	64	0	143012
128	69	64	0	143230
144	70	78	0	143259
144	69	81	0	143295
128	70	64	0	143317
128	57	64	0	143394
128	69	64	0	143424
128	65	64	0	143428
128	61	64	0	143439
144	61	86	0	143716
144	69	95	0	143720
144	65	86	0	143723
144	57	80	0	143726
128	69	64	0	143957
144	70	81	0	143991
144	69	62	0	144039
128	70	64	0	144076
128	57	64	0	144133
128	65	64	0	144136
128	61	64	0	144148
128	69	64	0	144162
144	61	90	0	144313
144	65	81	0	144316
144	70	84	0	144320
144	57	75	0	144330
144	69	90	0	144333
128	70	64	0	144434
144	70	78	0	144706
128	69	64	0	144713
144	69	69	0	144796
128	70	64	0	144832
128	57	64	0	144900
128	65	64	0	144913
128	69	64	0	144921
128	61	64	0	144928
144	72	86	0	145119
144	61	81	0	145139
144	65	79	0	145144
144	57	77	0	145148
144	70	85	0	145160
144	69	90	0	145223
128	72	64	0	145231
128	70	64	0	145291
144	72	81	0	145537
128	69	64	0	145551
144	70	83	0	145572
128	72	64	0	145601
128	65	64	0	145617
128	57	64	0	145631
128	61	64	0	145639
144	69	55	0	145642
128	70	64	0	145688
128	69	64	0	145734
144	61	85	0	145815
144	69	86	0	145818
144	65	86	0	145821
144	57	80	0	145830
144	72	77	0	146151
128	69	64	0	146180
144	70	84	0	146229
128	72	64	0	146259
144	69	65	0	146280
128	57	64	0	146319
128	65	64	0	146321
128	70	64	0	146328
128	61	64	0	146333
128	69	64	0	146404
144	73	79	0	146647
144	61	84	0	146652
144	65	83	0	146655
144	57	80	0	146659
144	70	85	0	146676
144	69	71	0	146746
144	71	70	0	146759
128	73	64	0	146762
128	70	64	0	146812
128	71	64	0	146814
128	69	64	0	146982
144	73	76	0	147010
144	70	78	0	147044
128	73	64	0	147059
128	57	64	0	147108
144	69	59	0	147110
128	65	64	0	147127
128	70	64	0	147130
128	61	64	0	147136
128	69	64	0	147173
144	61	87	0	147301
144	73	85	0	147306
144	65	77	0	147313
144	57	79	0	147316
144	70	69	0	147685
128	73	64	0	147709
144	69	81	0	147731
128	70	64	0	147735
144	76	77	0	147801
128	65	64	0	147806
128	57	64	0	147820
128	69	64	0	147834
128	61	64	0	147837
128	76	64	0	147941
144	61	84	0	148205
144	65	85	0	148208
144	57	82	0	148211
144	81	98	0	148215
144	71	76	0	148481
128	81	64	0	148504
144	81	58	0	148562
128	71	64	0	148588
128	65	64	0	148643
128	57	64	0	148645
128	61	64	0	148668
128	81	64	0	148684
144	81	93	0	148837
144	61	81	0	148841
144	65	81	0	148853
144	57	76	0	148856
144	71	86	0	149171
128	81	64	0	149187
144	81	82	0	149253
128	71	64	0	149290
128	57	64	0	149309
128	65	64	0	149324
128	61	64	0	149342
128	81	64	0	149389
144	81	88	0	149581
144	65	88	0	149591
144	61	81	0	149597
144	57	79	0	149604
144	72	83	0	149621
144	71	69	0	149636
128	71	64	0	149695
128	81	64	0	149717
128	72	64	0	149898
144	82	84	0	149928
144	72	63	0	149991
128	82	64	0	150034
128	57	64	0	150086
128	65	64	0	150095
128	61	64	0	150105
128	72	64	0	150110
144	61	74	0	150246
144	82	89	0	150250
144	65	74	0	150253
144	57	76	0	150255
144	72	78	0	150547
128	82	64	0	150553
144	82	70	0	150671
128	72	64	0	150702
128	57	64	0	150755
128	65	64	0	150771
128	61	64	0	150777
128	82	64	0	150791
144	82	84	0	150968
144	61	73	0	151044
144	65	69	0	151046
144	57	73	0	151061
144	73	85	0	151094
128	82	64	0	151128
144	82	76	0	151354
128	73	64	0	151382
128	82	64	0	151411
144	73	55	0	151432
128	57	64	0	151503
128	65	64	0	151506
128	61	64	0	151533
128	73	64	0	151563
144	61	68	0	151651
144	82	87	0	151659
144	65	80	0	151663
144	57	78	0	151667
128	82	64	0	151970
144	73	75	0	151982
144	82	49	0	152072
128	73	64	0	152145
128	57	64	0	152163
128	65	64	0	152178
128	61	64	0	152193
128	82	64	0	152233
144	74	90	0	152479
144	81	95	0	152485
144	61	94	0	152494
144	65	90	0	152500
144	57	87	0	152505
128	74	64	0	152746
144	75	81	0	152795
128	57	64	0	152848
128	65	64	0	152865
128	61	64	0	152889
128	81	64	0	152904
128	75	64	0	152926
144	61	93	0	153157
144	65	91	0	153160
144	76	103	0	153163
144	81	98	0	153166
144	57	85	0	153170
128	76	64	0	153534
144	78	84	0	153555
128	81	64	0	153633
128	65	64	0	153638
128	57	64	0	153644
144	77	92	0	153649
128	61	64	0	153685
128	78	64	0	153688
128	77	64	0	153780
144	76	102	0	154046
144	61	90	0	154056
144	65	87	0	154060
144	57	81	0	154063
144	75	94	0	154377
128	76	64	0	154433
128	57	64	0	154509
128	65	64	0	154511
128	75	64	0	154516
128	61	64	0	154549
144	74	101	0	154732
144	61	85	0	154735
144	65	92	0	154738
144	57	84	0	154745
144	73	82	0	155059
128	74	64	0	155083
144	72	104	0	155188
128	73	64	0	155237
128	65	64	0	155303
128	57	64	0	155318
128	72	64	0	155327
128	61	64	0	155338
144	74	101	0	155616
144	61	86	0	155617
144	65	89	0	155622
144	57	84	0	155625
144	75	85	0	155911
128	74	64	0	155971
128	65	64	0	156032
128	57	64	0	156044
128	61	64	0	156086
128	75	64	0	156108
144	61	86	0	156265
144	76	101	0	156269
144	65	89	0	156272
144	57	84	0	156275
144	78	87	0	156645
128	76	64	0	156684
144	77	86	0	156743
128	65	64	0	156767
128	57	64	0	156788
128	78	64	0	156794
128	61	64	0	156824
128	77	64	0	156877
144	65	91	0	157163
144	61	87	0	157166
144	57	81	0	157173
144	75	97	0	157182
144	74	77	0	157446
128	75	64	0	157487
128	74	64	0	157613
128	61	64	0	157619
128	57	64	0	157623
128	65	64	0	157625
144	73	92	0	157799
144	61	79	0	157809
144	65	83	0	157813
144	57	75	0	157816
144	72	72	0	158108
128	73	64	0	158126
144	71	85	0	158157
128	72	64	0	158164
128	65	64	0	158225
128	57	64	0	158235
128	61	64	0	158239
144	70	91	0	158248
128	71	64	0	158278
144	69	75	0	158294
128	70	64	0	158344
128	69	64	0	158434
144	61	85	0	158674
144	65	83	0	158678
144	57	81	0	158681
144	69	92	0	158695
144	70	73	0	158920
128	69	64	0	158970
128	70	64	0	158982
144	71	85	0	158992
128	57	64	0	159056
128	61	64	0	159062
128	65	64	0	159069
144	70	71	0	159096
144	69	87	0	159121
128	71	64	0	159136
128	70	64	0	159148
144	65	71	0	159155
144	61	61	0	159159
144	57	64	0	159171
144	68	93	0	159276
128	69	64	0	159321
128	65	64	0	159883
128	57	64	0	159944
128	61	64	0	159953
128	68	64	0	160028
144	67	85	0	160275
144	61	84	0	160279
144	57	83	0	160282
144	64	88	0	160285
144	68	79	0	160399
128	67	64	0	160425
144	67	71	0	160503
128	68	64	0	160520
128	64	64	0	160601
144	65	74	0	160613
128	57	64	0	160634
128	61	64	0	160636
128	67	64	0	160663
144	66	85	0	160718
128	65	64	0	160778
144	62	80	0	160784
144	57	76	0	160794
144	68	71	0	160800
144	58	79	0	160819
144	67	68	0	160834
128	66	64	0	160864
128	67	64	0	160973
128	62	64	0	161592
128	57	64	0	161601
128	58	64	0	161632
128	68	64	0	161711
144	55	81	0	161943
144	68	82	0	161947
144	61	80	0	161950
144	58	83	0	161967
144	66	76	0	162011
128	68	64	0	162083
144	65	68	0	162102
128	66	64	0	162139
128	55	64	0	162202
128	61	64	0	162208
128	58	64	0	162211
144	64	60	0	162214
128	65	64	0	162216
144	66	61	0	162286
128	64	64	0	162292
144	65	75	0	162382
128	66	64	0	162401
144	58	64	0	162435
144	55	58	0	162438
144	61	69	0	162444
144	64	87	0	162446
128	65	64	0	162472
144	65	86	0	162544
128	64	64	0	162602
128	61	64	0	163264
128	55	64	0	163266
128	58	64	0	163282
128	65	64	0	163393
144	53	78	0	163599
144	60	66	0	163616
144	66	85	0	163623
144	56	47	0	163654
144	57	60	0	163657
144	65	74	0	163712
128	66	64	0	163730
144	64	64	0	163810
128	65	64	0	163826
144	66	82	0	163900
128	57	64	0	163926
128	56	64	0	163935
128	64	64	0	163939
128	53	64	0	163980
128	60	64	0	163983
144	65	67	0	164003
128	66	64	0	164021
128	65	64	0	164068
144	57	84	0	164126
144	53	66	0	164129
144	64	86	0	164134
144	60	75	0	164137
144	65	81	0	164166
128	64	64	0	164250
128	60	64	0	164967
128	57	64	0	164969
128	53	64	0	165024
128	65	64	0	165041
144	65	79	0	165265
144	53	84	0	165269
144	56	87	0	165274
144	59	88	0	165277
144	64	84	0	165359
128	65	64	0	165407
144	63	74	0	165457
128	64	64	0	165481
144	64	64	0	165573
128	63	64	0	165576
128	59	64	0	165615
128	53	64	0	165646
144	65	78	0	165670
128	56	64	0	165673
128	64	64	0	165708
144	63	86	0	165740
144	53	81	0	165803
128	65	64	0	165806
144	56	80	0	165812
144	59	81	0	165816
144	64	90	0	165824
128	63	64	0	165884
128	59	64	0	166575
128	53	64	0	166578
128	56	64	0	166646
128	64	64	0	166670
144	57	80	0	166918
144	52	75	0	166922
144	54	85	0	166924
144	64	89	0	166929
144	63	84	0	167044
128	64	64	0	167104
144	62	81	0	167129
128	63	64	0	167153
144	64	84	0	167254
128	57	64	0	167271
128	62	64	0	167284
128	54	64	0	167288
128	52	64	0	167296
144	63	78	0	167313
128	64	64	0	167365
128	63	64	0	167450
144	62	93	0	167478
144	52	93	0	167490
144	54	94	0	167494
144	57	85	0	167499
128	52	64	0	168364
128	54	64	0	168407
128	57	64	0	168410
128	62	64	0	168452
144	64	80	0	168555
144	50	90	0	168558
144	57	86	0	168565
144	54	94	0	168568
144	63	81	0	168631
144	62	69	0	168681
128	64	64	0	168689
128	63	64	0	168723
144	63	69	0	168809
128	62	64	0	168858
144	61	81	0	168902
128	63	64	0	168957
144	62	54	0	168972
128	61	64	0	169008
128	57	64	0	169018
128	50	64	0	169029
128	54	64	0	169089
144	61	70	0	169102
128	62	64	0	169140
144	60	95	0	169208
128	61	64	0	169238
144	50	84	0	169241
144	54	89	0	169249
144	57	75	0	169252
128	57	64	0	169937
128	50	64	0	169946
128	54	64	0	170045
128	60	64	0	170101
144	62	80	0	170264
144	49	86	0	170272
144	57	82	0	170278
144	54	79	0	170287
144	61	80	0	170338
128	62	64	0	170402
144	60	72	0	170420
128	61	64	0	170448
144	62	77	0	170547
128	60	64	0	170562
144	61	69	0	170603
128	62	64	0	170675
144	60	75	0	170702
128	61	64	0	170734
128	57	64	0	170794
128	54	64	0	170801
128	49	64	0	170824
128	60	64	0	170827
144	61	66	0	170833
144	60	70	0	170919
144	54	79	0	170947
144	57	77	0	170953
144	48	65	0	170956
144	59	99	0	170972
128	61	64	0	170976
128	60	64	0	171035
128	54	64	0	171815
128	48	64	0	171823
128	57	64	0	171866
128	59	64	0	171899
144	57	87	0	172064
144	47	86	0	172067
144	54	83	0	172071
144	59	82	0	172093
144	60	82	0	172193
128	59	64	0	172238
144	61	74	0	172289
128	60	64	0	172326
144	59	63	0	172362
128	61	64	0	172391
144	60	70	0	172455
128	59	64	0	172496
128	47	64	0	172525
144	61	72	0	172531
128	57	64	0	172541
128	54	64	0	172549
128	60	64	0	172587
128	61	64	0	172608
144	59	67	0	172622
144	57	88	0	172697
144	60	87	0	172700
144	47	92	0	172703
144	54	90	0	172708
144	61	87	0	172729
128	59	64	0	172749
128	47	64	0	173535
128	57	64	0	173539
128	61	64	0	173563
128	54	64	0	173587
128	60	64	0	173602
144	45	93	0	173769
144	55	89	0	173772
144	51	82	0	173782
144	60	93	0	173787
144	59	77	0	173901
128	60	64	0	173975
144	57	74	0	174001
128	57	64	0	174061
144	60	55	0	174084
128	59	64	0	174111
144	59	69	0	174173
128	45	64	0	174223
128	55	64	0	174231
128	60	64	0	174248
128	51	64	0	174263
144	55	85	0	174388
144	51	78	0	174392
144	45	81	0	174394
144	58	100	0	174416
128	59	64	0	174480
128	55	64	0	175111
128	45	64	0	175227
128	51	64	0	175254
128	58	64	0	175347
144	45	80	0	175424
144	49	86	0	175431
144	53	85	0	175436
144	57	84	0	175453
144	59	64	0	175554
128	57	64	0	175592
144	58	76	0	175638
128	59	64	0	175678
144	57	82	0	175813
128	53	64	0	175825
128	58	64	0	175828
128	45	64	0	175858
128	49	64	0	175868
144	59	85	0	175948
128	57	64	0	175985
144	45	84	0	176003
144	53	84	0	176007
144	58	80	0	176010
144	49	81	0	176013
128	59	64	0	176077
128	53	64	0	176731
128	45	64	0	176797
128	49	64	0	176838
144	52	80	0	177066
144	43	53	0	177068
144	48	74	0	177083
144	57	92	0	177096
144	47	63	0	177099
128	58	64	0	177102
144	45	48	0	177105
128	47	64	0	177150
128	45	64	0	177290
144	59	81	0	177353
128	57	64	0	177370
144	58	76	0	177430
128	59	64	0	177473
128	43	64	0	177506
128	52	64	0	177514
144	57	77	0	177532
128	58	64	0	177534
128	48	64	0	177547
144	48	65	0	177641
144	58	73	0	177654
144	52	65	0	177659
144	43	79	0	177672
128	57	64	0	177711
144	55	92	0	177727
128	58	64	0	177770
128	52	64	0	178354
128	48	64	0	178403
128	43	64	0	178442
128	55	64	0	178592
144	41	84	0	178738
144	50	95	0	178743
144	46	89	0	178746
144	56	98	0	178751
144	57	75	0	178942
128	56	64	0	178955
144	56	63	0	179047
128	57	64	0	179110
144	55	54	0	179173
128	56	64	0	179195
144	53	4	0	179271
128	55	64	0	179298
128	50	64	0	179336
128	41	64	0	179341
128	46	64	0	179343
144	57	91	0	179400
144	46	85	0	179412
144	50	71	0	179415
144	41	77	0	179418
128	53	64	0	179424
128	50	64	0	180154
128	46	64	0	180195
128	41	64	0	180206
128	57	64	0	180372
144	44	94	0	180467
144	48	96	0	180470
144	57	87	0	180477
144	40	84	0	180482
144	56	80	0	180776
128	57	64	0	180847
144	55	78	0	180867
128	56	64	0	180918
128	48	64	0	180949
144	53	72	0	180955
128	40	64	0	180960
128	55	64	0	180978
128	44	64	0	180993
144	56	85	0	181072
128	53	64	0	181101
144	40	69	0	181136
144	48	77	0	181139
144	55	87	0	181147
144	44	68	0	181150
128	56	64	0	181176
144	54	98	0	181263
128	55	64	0	181322
128	48	64	0	181996
128	40	64	0	182017
144	53	71	0	182061
128	44	64	0	182085
128	54	64	0	182105
144	52	85	0	182136
128	53	64	0	182181
144	51	94	0	182229
144	47	72	0	182238
144	38	76	0	182241
128	52	64	0	182265
144	42	84	0	182270
128	47	64	0	183906
128	38	64	0	183992
128	42	64	0	183994
144	50	65	0	184154
128	51	64	0	184205
144	48	81	0	184249
128	50	64	0	184312
144	49	89	0	184318
144	36	72	0	184323
144	39	76	0	184327
144	43	64	0	184331
128	48	64	0	184358
128	43	64	0	185990
128	36	64	0	186056
128	39	64	0	186080
144	48	69	0	186394
128	49	64	0	186406
144	46	78	0	186515
128	48	64	0	186550
144	35	66	0	186590
144	37	70	0	186599
144	47	81	0	186612
144	40	68	0	186625
128	46	64	0	186683
128	40	64	0	188725
128	35	64	0	188728
144	46	55	0	188768
128	47	64	0	188843
128	37	64	0	188908
144	44	61	0	189043
128	46	64	0	189097
144	45	25	0	189487
128	44	64	0	189522
144	31	51	0	190265
144	43	69	0	190287
128	45	64	0	190327
144	46	60	0	191002
128	43	64	0	191017
144	37	51	0	191021
144	44	63	0	191084
128	46	64	0	191133
128	44	64	0	191209
144	45	69	0	191212
144	41	13	0	191327
144	46	60	0	191335
128	45	64	0	191348
144	44	63	0	191425
128	46	64	0	191472
144	47	82	0	191508
128	44	64	0	191541
128	31	64	0	191955
128	37	64	0	192080
144	49	65	0	192154
128	41	64	0	192159
128	47	64	0	192234
144	48	69	0	192356
128	49	64	0	192387
144	38	69	0	192488
144	42	75	0	192531
144	51	78	0	192536
128	48	64	0	192560
144	49	60	0	192905
128	51	64	0	192970
144	50	73	0	193014
128	49	64	0	193044
144	51	67	0	193155
128	50	64	0	193184
144	49	71	0	193226
128	51	64	0	193290
144	50	87	0	193342
128	49	64	0	193345
144	54	40	0	193482
128	50	64	0	193494
128	54	64	0	193545
144	54	70	0	193595
144	56	63	0	193607
128	56	64	0	193717
128	38	64	0	193795
128	42	64	0	193954
144	55	90	0	194364
128	54	64	0	194377
144	43	71	0	194705
144	46	76	0	194708
144	56	79	0	194711
144	48	75	0	194715
128	55	64	0	194749
144	54	66	0	195065
128	56	64	0	195082
144	55	75	0	195167
128	54	64	0	195169
144	56	63	0	195272
128	55	64	0	195292
144	54	75	0	195330
128	56	64	0	195363
128	54	64	0	195448
144	57	75	0	195452
144	58	73	0	195578
128	57	64	0	195613
144	56	81	0	195672
128	58	64	0	195747
128	48	64	0	195997
128	43	64	0	196033
128	46	64	0	196105
144	59	87	0	196151
128	56	64	0	196187
144	45	75	0	196600
144	49	83	0	196607
144	53	75	0	196614
144	52	82	0	196618
144	61	97	0	196621
128	59	64	0	196667
144	58	75	0	197040
128	61	64	0	197109
144	59	71	0	197154
128	58	64	0	197165
144	61	60	0	197262
128	59	64	0	197280
144	58	66	0	197326
128	61	64	0	197386
144	60	78	0	197443
128	58	64	0	197446
144	61	54	0	197500
128	60	64	0	197613
144	62	58	0	198020
128	61	64	0	198051
128	45	64	0	198184
128	52	64	0	198239
128	53	64	0	198250
128	49	64	0	198253
144	48	82	0	198687
144	54	87	0	198690
144	55	72	0	198694
144	57	79	0	198697
144	63	93	0	198711
128	62	64	0	198743
144	64	77	0	199128
128	63	64	0	199141
144	66	58	0	199235
128	64	64	0	199271
144	63	66	0	199320
128	66	64	0	199373
144	64	73	0	199445
128	63	64	0	199454
144	66	69	0	199558
128	64	64	0	199577
144	63	79	0	199632
128	66	64	0	199680
144	65	40	0	199770
144	64	70	0	199781
128	63	64	0	199815
144	63	84	0	200218
128	64	64	0	200249
128	65	64	0	200251
128	48	64	0	200506
128	57	64	0	200511
128	55	64	0	200520
128	54	64	0	200547
128	63	64	0	200589
144	48	89	0	200681
144	54	84	0	200684
144	57	76	0	200687
144	55	89	0	200691
144	63	80	0	200701
144	64	72	0	201143
128	63	64	0	201146
144	66	54	0	201240
128	64	64	0	201266
128	66	64	0	201320
144	63	70	0	201326
144	64	70	0	201439
128	63	64	0	201443
144	66	60	0	201555
128	64	64	0	201561
144	63	81	0	201606
128	66	64	0	201609
144	64	80	0	202102
128	63	64	0	202118
128	55	64	0	202371
128	57	64	0	202377
128	48	64	0	202380
128	54	64	0	202410
128	64	64	0	202470
144	55	82	0	202573
144	57	80	0	202576
144	48	86	0	202580
144	54	96	0	202582
144	63	89	0	202589
128	63	64	0	202859
144	64	81	0	202870
144	63	57	0	202964
128	64	64	0	202995
144	61	79	0	203059
128	63	64	0	203089
144	60	95	0	203156
128	61	64	0	203171
128	60	64	0	203507
144	64	93	0	203594
144	63	82	0	203912
128	64	64	0	203923
144	61	84	0	203995
128	63	64	0	204025
144	60	97	0	204078
128	61	64	0	204117
128	60	64	0	204209
128	57	64	0	204263
128	48	64	0	204266
128	55	64	0	204269
128	54	64	0	204282
144	66	81	0	204336
144	54	76	0	204365
144	48	75	0	204371
144	57	71	0	204377
144	55	78	0	204382
144	63	76	0	204759
128	66	64	0	204787
144	64	79	0	204855
128	63	64	0	204881
144	66	73	0	204976
128	64	64	0	204998
144	63	70	0	205053
128	66	64	0	205100
144	64	78	0	205120
128	63	64	0	205129
144	63	73	0	205221
128	54	64	0	205233
128	55	64	0	205242
128	57	64	0	205245
128	64	64	0	205247
128	48	64	0	205250
144	57	93	0	205303
144	54	90	0	205306
144	48	99	0	205309
144	61	91	0	205318
144	55	64	0	205326
128	63	64	0	205391
128	55	64	0	205954
128	61	64	0	205978
128	57	64	0	205991
128	54	64	0	205994
128	48	64	0	206010
144	66	88	0	206042
144	48	98	0	206070
144	57	85	0	206073
144	54	83	0	206077
144	55	92	0	206081
144	63	67	0	206466
128	66	64	0	206483
144	64	77	0	206584
128	63	64	0	206597
144	66	70	0	206680
128	55	64	0	206684
128	57	64	0	206694
128	54	64	0	206718
128	64	64	0	206720
128	48	64	0	206723
144	63	73	0	206775
128	66	64	0	206810
128	63	64	0	206853
144	64	87	0	206867
144	63	83	0	206947
144	54	60	0	206951
144	48	63	0	206956
144	57	50	0	206964
144	55	47	0	206968
128	64	64	0	206976
144	61	103	0	207050
144	60	102	0	207099
128	63	64	0	207108
128	61	64	0	207181
128	57	64	0	207531
128	55	64	0	207534
128	48	64	0	207537
128	54	64	0	207543
128	60	64	0	207556
144	66	80	0	207568
144	48	91	0	207603
144	54	91	0	207607
144	57	81	0	207610
144	55	81	0	207613
144	65	35	0	207629
128	65	64	0	207679
144	63	71	0	207989
128	66	64	0	208020
144	64	69	0	208090
128	63	64	0	208114
144	66	75	0	208205
128	64	64	0	208214
128	48	64	0	208246
128	55	64	0	208267
128	57	64	0	208279
144	63	66	0	208284
128	54	64	0	208289
128	66	64	0	208330
128	63	64	0	208369
144	64	75	0	208404
144	63	78	0	208487
144	54	79	0	208514
144	57	67	0	208519
128	64	64	0	208521
144	48	74	0	208525
144	55	69	0	208540
144	61	104	0	208588
128	63	64	0	208657
128	55	64	0	208909
128	61	64	0	208914
128	57	64	0	208931
128	54	64	0	208939
128	48	64	0	208941
144	66	88	0	208986
144	54	83	0	209013
144	48	87	0	209017
144	57	78	0	209020
144	55	87	0	209023
144	63	69	0	209365
128	66	64	0	209421
144	64	70	0	209485
128	63	64	0	209509
144	66	64	0	209618
128	64	64	0	209630
144	63	58	0	209702
128	66	64	0	209745
128	48	64	0	209748
144	64	72	0	209755
128	63	64	0	209758
128	55	64	0	209789
128	54	64	0	209796
128	57	64	0	209801
144	63	55	0	209868
128	64	64	0	209907
144	61	86	0	209990
144	48	78	0	210026
128	63	64	0	210027
144	57	67	0	210031
144	54	81	0	210035
144	55	73	0	210039
144	60	99	0	210052
128	61	64	0	210122
144	63	76	0	211273
128	60	64	0	211297
144	61	76	0	211338
128	48	64	0	211349
128	63	64	0	211361
128	55	64	0	211380
128	57	64	0	211387
128	54	64	0	211396
144	60	58	0	211426
128	61	64	0	211428
128	60	64	0	211501
144	63	78	0	211505
144	54	57	0	211508
144	48	65	0	211519
144	57	40	0	211550
144	55	42	0	211568
144	61	78	0	211572
128	63	64	0	211622
144	60	87	0	211626
128	61	64	0	211680
128	60	64	0	212749
144	63	58	0	212760
144	61	70	0	212835
128	63	64	0	212838
128	48	64	0	212903
128	55	64	0	212908
128	57	64	0	212925
128	61	64	0	212928
128	54	64	0	212967
144	63	65	0	213015
144	61	71	0	213101
128	63	64	0	213108
144	54	57	0	213140
144	48	40	0	213154
144	57	34	0	213160
144	55	38	0	213181
144	60	77	0	213194
128	61	64	0	213227
144	69	74	0	213530
128	60	64	0	213572
144	71	31	0	213580
128	71	64	0	213630
128	55	64	0	213695
128	57	64	0	213720
128	48	64	0	213761
128	54	64	0	213773
144	60	65	0	214035
144	57	66	0	214258
144	54	86	0	214261
144	48	78	0	214265
144	66	85	0	214268
128	60	64	0	214320
144	67	80	0	214735
144	60	89	0	214745
128	66	64	0	214760
144	64	88	0	215192
128	67	64	0	215255
128	60	64	0	215267
128	48	64	0	215413
128	57	64	0	215476
128	54	64	0	215479
144	54	64	0	215586
144	57	77	0	215590
144	66	90	0	215593
144	62	92	0	215597
144	50	72	0	215601
144	48	55	0	215625
128	69	64	0	215628
128	64	64	0	215642
128	48	64	0	215699
144	67	86	0	216326
128	66	64	0	216364
128	57	64	0	216393
128	62	64	0	216413
128	50	64	0	216421
128	54	64	0	216604
144	63	103	0	216664
144	54	79	0	216671
144	57	69	0	216676
144	51	86	0	216692
128	67	64	0	216731
144	65	66	0	217270
144	64	69	0	217284
128	63	64	0	217385
128	51	64	0	217399
128	54	64	0	217432
128	57	64	0	217451
144	52	72	0	217689
144	56	81	0	217695
144	68	90	0	217700
144	57	72	0	217707
128	65	64	0	217770
128	57	64	0	218510
128	56	64	0	218550
128	52	64	0	218581
144	59	77	0	218841
144	54	85	0	218844
144	52	72	0	218848
144	70	84	0	218851
128	68	64	0	218923
128	64	64	0	218943
128	54	64	0	219813
128	59	64	0	219885
128	52	64	0	219902
128	70	64	0	220819
144	56	77	0	220827
144	60	76	0	220830
144	64	86	0	220833
144	52	73	0	220836
144	68	82	0	220840
128	52	64	0	222075
128	64	64	0	222307
128	68	64	0	222338
128	60	64	0	222376
128	56	64	0	222411
144	59	81	0	222575
144	72	88	0	222578
144	56	73	0	222588
144	52	69	0	222592
144	64	80	0	222596
128	52	64	0	222929
128	59	64	0	222935
128	56	64	0	222939
128	72	64	0	222975
128	64	64	0	222996
144	60	90	0	223050
144	56	58	0	223054
144	64	81	0	223061
144	52	58	0	223065
144	54	73	0	223070
144	71	61	0	223075
144	70	59	0	223084
144	69	71	0	223087
128	69	64	0	223227
128	70	64	0	223793
128	71	64	0	224281
128	52	64	0	224302
128	60	64	0	224312
128	54	64	0	224321
128	56	64	0	224324
128	64	64	0	224342
144	60	40	0	224498
144	56	58	0	224502
144	72	66	0	224506
144	54	49	0	224509
144	64	50	0	224522
144	52	38	0	224541
128	54	64	0	224883
128	52	64	0	224888
128	56	64	0	224891
128	72	64	0	224911
128	64	64	0	224932
128	60	64	0	224946
144	60	56	0	225008
144	68	74	0	225022
144	64	65	0	225028
144	54	57	0	225034
144	56	63	0	225037
144	52	49	0	225056
128	64	64	0	226445
128	52	64	0	227794
128	60	64	0	227902
128	56	64	0	227954
128	54	64	0	227986
144	67	61	0	228606
128	68	64	0	228648
144	66	55	0	229336
128	67	64	0	229382
144	65	50	0	229615
128	66	64	0	229633
144	64	52	0	229869
128	65	64	0	229871
128	64	64	0	230692
144	63	67	0	230695
144	54	68	0	230699
144	57	60	0	230701
128	63	64	0	230998
144	66	59	0	231016
144	65	67	0	231145
128	66	64	0	231158
128	54	64	0	231161
128	57	64	0	231171
144	64	69	0	231220
128	65	64	0	231233
144	63	69	0	231298
144	57	61	0	231319
144	54	74	0	231330
128	64	64	0	231347
144	66	68	0	231775
128	63	64	0	231797
128	57	64	0	231928
128	54	64	0	231946
144	65	69	0	231982
128	66	64	0	231998
128	65	64	0	232301
144	64	82	0	232310
144	57	70	0	232324
144	54	74	0	232326
128	54	64	0	232759
128	64	64	0	232766
128	57	64	0	232771
144	66	79	0	232782
144	65	79	0	232912
144	57	75	0	232928
144	54	76	0	232933
128	66	64	0	232939
144	64	80	0	232968
128	65	64	0	233034
144	65	70	0	233333
128	64	64	0	233361
144	64	82	0	233426
128	65	64	0	233447
128	57	64	0	233449
128	54	64	0	233473
144	63	86	0	233534
128	64	64	0	233569
128	63	64	0	233788
144	57	82	0	233914
144	54	83	0	233917
144	63	98	0	233948
128	63	64	0	234228
144	62	72	0	234265
128	57	64	0	234364
128	54	64	0	234367
128	62	64	0	234381
144	61	84	0	234390
128	61	64	0	234488
144	60	88	0	234492
144	62	71	0	234496
144	57	83	0	234515
144	54	81	0	234519
128	62	64	0	234540
144	61	90	0	234922
128	60	64	0	234926
128	57	64	0	234981
144	62	99	0	235018
128	61	64	0	235024
128	54	64	0	235031
128	62	64	0	235144
144	63	93	0	235417
144	57	90	0	235427
144	54	85	0	235434
144	62	78	0	235799
128	63	64	0	235801
128	57	64	0	235881
128	54	64	0	235888
144	61	82	0	235927
128	62	64	0	235939
144	60	97	0	235943
128	61	64	0	235971
144	54	72	0	236000
144	57	78	0	236005
144	61	80	0	236367
128	60	64	0	236380
144	62	100	0	236545
128	61	64	0	236555
128	57	64	0	236608
128	54	64	0	236617
128	62	64	0	236696
144	54	78	0	236927
144	58	75	0	236933
144	59	73	0	236945
144	63	90	0	236948
144	64	78	0	237189
128	63	64	0	237205
144	65	71	0	237289
128	64	64	0	237312
128	59	64	0	237319
128	54	64	0	237322
128	58	64	0	237324
144	63	84	0	237374
128	65	64	0	237406
144	64	90	0	237466
128	63	64	0	237478
144	54	71	0	237493
144	58	75	0	237499
144	59	68	0	237503
144	65	86	0	237577
128	64	64	0	237623
144	63	87	0	237956
128	65	64	0	237991
144	64	69	0	238030
128	63	64	0	238053
144	65	78	0	238085
128	59	64	0	238090
128	54	64	0	238126
128	58	64	0	238147
128	64	64	0	238150
128	65	64	0	238257
144	65	91	0	238457
144	54	81	0	238461
144	58	82	0	238467
144	60	82	0	238470
144	63	84	0	238751
128	65	64	0	238786
144	64	66	0	238856
128	63	64	0	238862
128	60	64	0	238930
128	54	64	0	238934
128	58	64	0	238949
128	64	64	0	238987
144	66	94	0	239077
144	54	81	0	239102
144	60	87	0	239106
144	58	86	0	239108
144	65	69	0	239462
128	66	64	0	239481
144	64	73	0	239530
128	65	64	0	239579
144	63	95	0	239618
128	60	64	0	239638
128	58	64	0	239641
128	64	64	0	239673
128	54	64	0	239686
128	63	64	0	239766
144	57	79	0	239996
144	60	74	0	240009
144	54	69	0	240011
144	66	89	0	240015
144	65	69	0	240266
128	66	64	0	240290
144	64	69	0	240376
128	65	64	0	240398
128	54	64	0	240438
128	57	64	0	240451
128	60	64	0	240464
144	66	67	0	240477
128	64	64	0	240489
144	65	74	0	240560
128	66	64	0	240588
144	60	66	0	240616
144	54	63	0	240620
144	57	73	0	240622
144	64	81	0	240626
128	65	64	0	240638
144	66	79	0	241031
128	64	64	0	241045
144	65	81	0	241127
128	66	64	0	241147
128	60	64	0	241168
144	64	82	0	241183
128	57	64	0	241190
128	54	64	0	241199
128	65	64	0	241228
144	63	98	0	241299
128	64	64	0	241325
128	63	64	0	241447
144	60	78	0	241619
144	66	88	0	241624
144	54	74	0	241628
144	57	71	0	241630
144	65	69	0	241937
128	66	64	0	241940
144	64	80	0	242053
128	65	64	0	242060
128	54	64	0	242080
128	60	64	0	242107
144	66	82	0	242112
128	57	64	0	242118
128	64	64	0	242144
144	65	82	0	242228
128	66	64	0	242233
144	57	79	0	242312
144	54	76	0	242315
144	60	78	0	242319
128	65	64	0	242668
144	66	79	0	242691
128	54	64	0	242784
128	60	64	0	242800
144	65	74	0	242804
128	57	64	0	242808
128	66	64	0	242811
144	64	81	0	242853
128	65	64	0	242863
144	63	98	0	242944
144	60	75	0	242960
144	54	70	0	242963
144	57	75	0	242974
128	64	64	0	242979
128	63	64	0	243088
128	57	64	0	243154
128	54	64	0	243159
128	60	64	0	243162
144	54	85	0	243334
144	57	86	0	243339
144	60	86	0	243346
144	66	91	0	243351
144	65	68	0	243638
128	66	64	0	243659
144	64	69	0	243761
128	65	64	0	243770
128	60	64	0	243805
128	54	64	0	243814
128	57	64	0	243829
144	66	70	0	243855
128	64	64	0	243880
144	65	82	0	243976
128	66	64	0	243987
144	57	75	0	244059
144	60	78	0	244064
144	54	73	0	244069
128	65	64	0	244440
144	66	80	0	244461
128	57	64	0	244515
128	60	64	0	244532
128	54	64	0	244536
144	65	70	0	244577
128	66	64	0	244587
144	64	78	0	244644
128	65	64	0	244658
144	60	89	0	244731
144	63	94	0	244734
144	57	85	0	244738
144	54	80	0	244741
128	64	64	0	244778
128	63	64	0	244862
128	60	64	0	244904
128	57	64	0	244906
128	54	64	0	244910
144	60	92	0	245136
144	66	90	0	245139
144	57	87	0	245142
144	54	81	0	245145
144	65	83	0	245405
128	66	64	0	245410
144	66	65	0	245505
128	65	64	0	245521
128	54	64	0	245557
128	57	64	0	245575
128	60	64	0	245599
128	66	64	0	245634
144	67	80	0	245643
144	68	87	0	245751
128	67	64	0	245779
144	60	82	0	245782
144	54	81	0	245785
144	57	72	0	245798
128	68	64	0	246180
144	67	85	0	246196
144	68	70	0	246266
128	54	64	0	246269
128	60	64	0	246277
128	67	64	0	246295
128	57	64	0	246297
144	69	94	0	246362
128	68	64	0	246365
128	69	64	0	246537
144	69	97	0	246758
144	57	89	0	246761
144	60	90	0	246764
144	54	77	0	246778
144	68	84	0	246981
128	69	64	0	246987
128	68	64	0	247096
144	67	86	0	247104
128	54	64	0	247138
128	57	64	0	247151
128	60	64	0	247154
128	67	64	0	247216
144	66	82	0	247226
144	65	88	0	247306
144	60	81	0	247317
144	54	80	0	247321
144	57	78	0	247324
128	66	64	0	247353
144	66	85	0	247705
128	65	64	0	247731
128	54	64	0	247740
144	67	85	0	247771
128	57	64	0	247786
128	60	64	0	247797
128	66	64	0	247800
128	67	64	0	247907
144	68	83	0	248199
144	60	91	0	248202
144	57	84	0	248205
144	54	79	0	248208
144	69	94	0	248235
128	68	64	0	248264
144	68	79	0	248552
128	69	64	0	248596
144	67	81	0	248644
128	54	64	0	248652
128	68	64	0	248672
128	60	64	0	248681
128	57	64	0	248684
144	66	84	0	248789
128	67	64	0	248791
144	57	76	0	248863
144	60	79	0	248866
144	65	96	0	248870
144	54	73	0	248873
128	66	64	0	248901
128	65	64	0	249272
144	66	86	0	249275
128	66	64	0	249378
144	67	102	0	249389
128	67	64	0	249509
128	54	64	0	249520
128	57	64	0	249528
128	60	64	0	249554
144	68	78	0	249789
144	69	94	0	249808
144	57	84	0	249812
144	60	87	0	249815
144	54	76	0	249818
128	68	64	0	249834
144	68	80	0	250085
128	69	64	0	250090
128	68	64	0	250144
144	67	58	0	250191
128	60	64	0	250196
128	54	64	0	250224
128	57	64	0	250230
128	67	64	0	250275
144	66	73	0	250295
128	66	64	0	250351
144	65	78	0	250378
144	57	80	0	250425
144	60	77	0	250432
144	54	73	0	250435
128	65	64	0	250682
144	66	79	0	250751
128	54	64	0	250775
128	60	64	0	250786
128	57	64	0	250796
144	65	77	0	250844
128	66	64	0	250856
128	65	64	0	250894
144	64	81	0	250899
144	57	80	0	250968
144	63	97	0	250971
144	54	79	0	250976
144	60	79	0	250979
128	64	64	0	251028
128	63	64	0	251105
128	54	64	0	251108
128	60	64	0	251114
128	57	64	0	251120
144	63	90	0	251353
144	57	90	0	251356
144	60	84	0	251365
144	54	83	0	251369
128	63	64	0	251595
144	64	66	0	251617
128	64	64	0	251726
144	65	65	0	251739
128	54	64	0	251771
128	60	64	0	251801
144	66	77	0	251812
128	57	64	0	251818
128	65	64	0	251821
128	66	64	0	251881
144	67	78	0	251899
128	67	64	0	252003
144	54	81	0	252159
144	60	84	0	252162
144	57	80	0	252164
144	68	88	0	252172
144	67	74	0	252415
128	68	64	0	252419
128	67	64	0	252532
144	66	78	0	252548
128	54	64	0	252551
128	60	64	0	252574
128	57	64	0	252599
144	65	70	0	252608
128	66	64	0	252617
144	64	99	0	252693
128	65	64	0	252730
128	64	64	0	252806
144	57	80	0	253079
144	60	80	0	253083
144	54	77	0	253086
144	63	89	0	253093
128	63	64	0	253334
144	64	81	0	253341
128	64	64	0	253449
144	65	84	0	253452
128	60	64	0	253469
128	54	64	0	253471
128	57	64	0	253479
144	63	84	0	253526
128	65	64	0	253585
144	57	58	0	253769
144	54	84	0	253776
144	64	99	0	253780
144	60	83	0	253783
128	63	64	0	253799
144	65	74	0	254110
128	64	64	0	254139
144	63	83	0	254183
128	60	64	0	254223
128	65	64	0	254225
144	64	75	0	254255
128	54	64	0	254259
128	57	64	0	254261
128	63	64	0	254291
128	64	64	0	254353
144	54	83	0	254687
144	60	84	0	254691
144	63	94	0	254694
144	57	76	0	254699
144	64	71	0	254948
128	63	64	0	254973
144	65	59	0	255048
128	64	64	0	255080
128	54	64	0	255110
128	60	64	0	255118
128	57	64	0	255136
144	63	83	0	255143
128	65	64	0	255195
144	64	84	0	255233
128	63	64	0	255244
144	57	83	0	255420
144	60	83	0	255422
144	54	80	0	255424
144	65	72	0	255781
128	64	64	0	255821
144	63	84	0	255866
128	60	64	0	255869
128	54	64	0	255873
128	57	64	0	255896
128	65	64	0	255904
144	64	86	0	255955
128	63	64	0	255968
128	64	64	0	256078
144	54	79	0	256400
144	63	85	0	256403
144	60	81	0	256406
144	57	77	0	256409
128	63	64	0	256699
144	64	66	0	256723
144	63	78	0	256764
128	64	64	0	256785
128	60	64	0	256799
128	57	64	0	256815
128	54	64	0	256823
128	63	64	0	256955
144	62	81	0	257015
144	60	80	0	257034
144	57	75	0	257038
144	54	74	0	257044
144	63	71	0	257360
128	62	64	0	257364
144	64	88	0	257436
128	60	64	0	257438
128	54	64	0	257442
128	57	64	0	257477
128	63	64	0	257479
128	64	64	0	257535
144	63	88	0	257890
144	57	84	0	257897
144	60	83	0	257907
144	54	76	0	257911
128	63	64	0	258206
144	64	51	0	258237
144	63	51	0	258303
128	64	64	0	258345
128	60	64	0	258353
128	54	64	0	258378
128	57	64	0	258387
144	62	65	0	258618
144	57	65	0	258621
144	60	68	0	258624
144	54	66	0	258629
128	63	64	0	258638
128	62	64	0	258990
144	63	63	0	258993
144	64	81	0	259081
128	63	64	0	259091
128	60	64	0	259135
128	57	64	0	259151
128	54	64	0	259152
128	64	64	0	259206
144	57	74	0	259553
144	54	74	0	259557
144	60	80	0	259557
144	63	82	0	259560
128	63	64	0	259840
144	62	66	0	259849
128	62	64	0	259938
144	63	57	0	259940
128	60	64	0	259969
128	54	64	0	259972
128	57	64	0	259999
128	63	64	0	260101
144	62	71	0	260114
144	54	74	0	260198
144	58	62	0	260229
144	57	68	0	260233
144	63	66	0	260595
128	62	64	0	260616
144	62	69	0	260692
128	63	64	0	260734
128	54	64	0	260755
128	57	64	0	260761
128	58	64	0	260765
128	62	64	0	260826
144	54	66	0	261100
144	58	58	0	261109
144	63	80	0	261113
144	55	67	0	261116
128	63	64	0	261428
144	62	62	0	261430
144	63	49	0	261528
128	55	64	0	261533
128	62	64	0	261558
128	54	64	0	261560
128	58	64	0	261566
128	63	64	0	261725
144	55	74	0	261747
144	51	76	0	261751
144	58	68	0	261754
144	62	76	0	261758
144	63	67	0	262186
128	55	64	0	262194
128	51	64	0	262198
128	62	64	0	262214
128	58	64	0	262218
144	55	82	0	262315
144	58	64	0	262318
144	52	84	0	262329
144	61	84	0	262382
128	63	64	0	262434
128	52	64	0	262501
128	55	64	0	262511
128	58	64	0	262538
128	61	64	0	262539
144	52	90	0	262726
144	55	80	0	262735
144	61	93	0	262739
144	58	79	0	262742
144	62	69	0	262978
128	61	64	0	262997
144	64	68	0	263099
128	55	64	0	263135
128	62	64	0	263136
128	58	64	0	263150
128	52	64	0	263172
144	63	79	0	263181
128	64	64	0	263220
144	61	52	0	263315
128	63	64	0	263333
144	62	82	0	263345
128	61	64	0	263376
144	52	68	0	263406
144	58	73	0	263411
144	55	66	0	263415
144	63	68	0	263799
128	62	64	0	263827
144	61	77	0	263923
128	63	64	0	263976
128	55	64	0	263992
128	58	64	0	263999
128	52	64	0	264010
144	50	66	0	264290
128	61	64	0	264303
144	62	84	0	264313
144	55	60	0	264317
144	53	62	0	264331
128	62	64	0	264628
144	64	55	0	264631
144	61	72	0	264690
128	53	64	0	264711
128	64	64	0	264714
128	55	64	0	264747
128	50	64	0	264791
144	62	74	0	264794
128	61	64	0	264810
144	55	72	0	264914
144	64	80	0	264918
144	50	60	0	264922
128	62	64	0	264978
144	63	67	0	265279
128	64	64	0	265356
144	61	72	0	265373
128	55	64	0	265377
128	63	64	0	265423
128	50	64	0	265437
144	60	84	0	265464
128	61	64	0	265477
144	50	72	0	265526
144	57	77	0	265534
144	54	78	0	265536
128	54	64	0	265678
128	60	64	0	265681
128	57	64	0	265693
128	50	64	0	265698
144	62	81	0	265917
144	57	76	0	265921
144	54	76	0	265924
144	50	75	0	265926
144	61	70	0	266198
128	62	64	0	266227
128	61	64	0	266257
144	60	62	0	266295
128	57	64	0	266337
128	50	64	0	266359
128	54	64	0	266363
144	62	63	0	266393
128	60	64	0	266411
144	61	70	0	266441
128	62	64	0	266468
144	57	69	0	266524
144	60	76	0	266525
144	50	72	0	266529
144	54	80	0	266536
128	61	64	0	266552
144	59	69	0	266891
128	60	64	0	266916
128	50	64	0	266955
128	57	64	0	266986
128	54	64	0	266998
144	62	77	0	266999
128	59	64	0	267020
128	62	64	0	267371
144	49	74	0	267393
144	54	72	0	267396
144	57	72	0	267399
144	61	81	0	267402
144	60	62	0	267691
128	61	64	0	267707
128	60	64	0	267768
144	59	69	0	267791
128	57	64	0	267795
128	54	64	0	267813
128	49	64	0	267825
144	61	63	0	267869
128	59	64	0	267878
144	60	77	0	267961
128	61	64	0	267967
144	57	75	0	267999
144	49	70	0	268008
144	54	67	0	268014
144	59	87	0	268036
128	60	64	0	268088
144	60	72	0	268393
128	57	64	0	268405
128	59	64	0	268427
128	54	64	0	268453
128	49	64	0	268498
144	59	73	0	268552
128	60	64	0	268588
128	59	64	0	268785
144	49	68	0	268893
144	53	70	0	268896
144	52	65	0	268900
144	58	89	0	268915
128	58	64	0	269201
144	59	72	0	269203
144	60	53	0	269295
128	59	64	0	269323
128	53	64	0	269358
144	58	81	0	269377
128	60	64	0	269428
128	49	64	0	269430
144	59	80	0	269483
128	52	64	0	269498
128	58	64	0	269505
144	52	71	0	269562
144	55	81	0	269568
144	49	76	0	269591
144	58	64	0	269618
128	59	64	0	269704
144	59	75	0	269989
128	58	64	0	269992
144	58	63	0	270077
128	52	64	0	270152
128	59	64	0	270171
128	49	64	0	270186
128	55	64	0	270197
144	57	83	0	270459
128	58	64	0	270477
144	48	66	0	270479
144	51	81	0	270485
144	54	87	0	270488
128	57	64	0	270781
144	58	76	0	270793
128	58	64	0	270920
144	57	62	0	270922
128	48	64	0	270944
128	51	64	0	270974
128	54	64	0	270975
144	58	64	0	271037
128	57	64	0	271060
144	59	95	0	271137
144	54	76	0	271140
144	51	78	0	271143
144	48	74	0	271147
128	58	64	0	271149
144	58	71	0	271539
128	59	64	0	271573
144	57	84	0	271620
128	58	64	0	271651
128	48	64	0	271798
128	51	64	0	271813
128	54	64	0	271817
128	57	64	0	271834
144	54	70	0	272044
144	51	72	0	272047
144	47	72	0	272050
144	57	95	0	272069
128	57	64	0	272352
144	58	77	0	272361
144	57	58	0	272484
128	58	64	0	272498
128	47	64	0	272598
128	54	64	0	272637
128	51	64	0	272638
144	59	88	0	272689
128	57	64	0	272697
144	54	72	0	272751
144	47	77	0	272756
144	51	68	0	272759
144	58	89	0	272791
128	59	64	0	272868
144	59	80	0	273210
128	58	64	0	273232
128	47	64	0	273302
144	58	76	0	273309
128	51	64	0	273332
128	54	64	0	273350
128	59	64	0	273354
144	57	75	0	273412
128	58	64	0	273463
144	51	80	0	273789
144	47	70	0	273805
144	56	89	0	273825
128	57	64	0	273864
144	53	59	0	273886
144	52	53	0	273907
128	52	64	0	273979
128	56	64	0	274150
144	57	75	0	274165
144	56	58	0	274262
128	57	64	0	274288
128	53	64	0	274349
144	55	77	0	274367
128	51	64	0	274369
128	47	64	0	274372
128	56	64	0	274392
144	57	83	0	274451
128	55	64	0	274472
144	53	72	0	274530
144	47	69	0	274540
144	51	76	0	274543
144	56	78	0	274933
128	57	64	0	274958
144	55	66	0	275029
128	47	64	0	275060
128	56	64	0	275067
128	53	64	0	275069
144	57	73	0	275097
128	51	64	0	275104
128	55	64	0	275147
144	54	83	0	275236
128	57	64	0	275300
144	47	71	0	275627
144	49	72	0	275635
144	52	55	0	275640
128	54	64	0	275653
144	55	85	0	275659
144	54	72	0	275959
128	55	64	0	275975
144	53	66	0	276064
128	54	64	0	276097
128	47	64	0	276323
128	49	64	0	276344
128	53	64	0	276390
128	52	64	0	276397
144	54	74	0	276400
144	49	60	0	276445
144	45	66	0	276447
144	53	63	0	276824
128	54	64	0	276857
144	52	81	0	276947
128	53	64	0	276970
128	49	64	0	277075
128	45	64	0	277107
144	43	68	0	277349
144	46	66	0	277357
144	53	71	0	277378
128	52	64	0	277392
144	52	66	0	277658
128	53	64	0	277679
144	51	74	0	277818
128	52	64	0	277850
128	43	64	0	277912
128	46	64	0	277968
144	42	60	0	278085
144	52	76	0	278090
144	45	45	0	278095
144	47	47	0	278098
128	51	64	0	278109
128	47	64	0	278273
144	51	67	0	278523
128	52	64	0	278548
144	50	60	0	278680
128	51	64	0	278707
128	42	64	0	278782
128	45	64	0	278811
144	41	51	0	279085
144	51	67	0	279104
144	44	55	0	279111
128	50	64	0	279125
128	51	64	0	279386
144	50	64	0	279398
144	49	66	0	279539
128	50	64	0	279584
128	41	64	0	279643
128	44	64	0	279659
144	43	54	0	279825
144	48	69	0	279832
128	49	64	0	279834
144	40	66	0	279867
144	49	68	0	280243
128	48	64	0	280244
128	43	64	0	280405
144	48	73	0	280419
128	40	64	0	280429
128	49	64	0	280450
144	47	71	0	280835
144	39	58	0	280840
144	41	53	0	280843
128	48	64	0	280853
128	47	64	0	281180
144	48	55	0	281195
128	48	64	0	281295
144	47	55	0	281310
128	41	64	0	281346
128	39	64	0	281375
144	41	49	0	281595
144	46	68	0	281607
144	38	59	0	281616
128	47	64	0	281619
128	46	64	0	282019
144	47	47	0	282033
144	46	61	0	282265
128	38	64	0	282295
128	47	64	0	282303
128	41	64	0	282409
144	45	61	0	282966
144	40	49	0	282972
144	37	55	0	282977
128	46	64	0	282979
144	46	54	0	283670
128	45	64	0	283694
128	46	64	0	283769
144	45	56	0	283785
128	40	64	0	283881
128	37	64	0	283930
128	45	64	0	284380
144	36	55	0	284383
144	44	55	0	284386
144	39	40	0	284391
144	45	46	0	285156
128	44	64	0	285173
144	44	61	0	285428
128	45	64	0	285437
128	36	64	0	285459
128	39	64	0	285697
144	43	52	0	287581
144	35	47	0	287601
128	44	64	0	287602
144	39	15	0	287758
128	39	64	0	287934
144	39	1	0	288387
128	35	64	0	293502
128	39	64	0	293538
128	43	64	0	293559
