144	60	63	0	6747
144	36	59	0	6750
144	48	47	0	6754
128	36	64	0	6853
128	48	64	0	6856
128	60	64	0	6873
144	63	43	0	6953
128	63	64	0	7034
144	66	35	0	7081
128	66	64	0	7165
144	48	51	0	7222
144	36	51	0	7226
144	60	55	0	7265
128	36	64	0	7310
128	48	64	0	7312
128	60	64	0	7378
144	63	49	0	7414
128	63	64	0	7508
144	66	42	0	7564
144	48	49	0	7678
144	36	53	0	7682
128	66	64	0	7686
144	69	50	0	7715
128	36	64	0	7766
128	48	64	0	7773
128	69	64	0	7823
144	66	59	0	7869
128	66	64	0	8048
144	63	51	0	8060
128	63	64	0	8150
144	36	60	0	8153
144	48	56	0	8156
144	60	62	0	8189
128	60	64	0	8248
128	36	64	0	8253
128	48	64	0	8256
144	48	64	0	8635
144	60	58	0	8647
144	36	60	0	8650
128	48	64	0	8770
128	36	64	0	8784
128	60	64	0	8787
144	57	62	0	8791
128	57	64	0	8930
144	60	66	0	9073
144	36	58	0	9127
128	60	64	0	9140
144	48	53	0	9152
144	54	76	0	9203
128	36	64	0	9269
128	54	64	0	9272
128	48	64	0	9287
144	36	65	0	9659
144	48	64	0	9663
144	60	66	0	9666
128	60	64	0	9764
144	57	57	0	9789
128	48	64	0	9800
128	36	64	0	9801
128	57	64	0	9922
144	48	60	0	10106
144	36	61	0	10113
144	54	62	0	10116
128	54	64	0	10166
128	36	64	0	10218
128	48	64	0	10224
144	48	59	0	10571
144	36	58	0	10579
144	60	55	0	10604
128	60	64	0	10688
144	57	62	0	10727
128	48	64	0	10748
128	36	64	0	10785
144	60	60	0	10867
128	57	64	0	10893
128	60	64	0	10947
144	36	62	0	11040
144	54	66	0	11043
144	48	62	0	11046
128	54	64	0	11100
128	48	64	0	11164
128	36	64	0	11173
144	36	61	0	11525
144	48	58	0	11528
144	60	49	0	11545
128	60	64	0	11641
144	57	59	0	11671
128	36	64	0	11689
128	48	64	0	11700
128	57	64	0	11800
144	60	54	0	11807
128	60	64	0	11887
144	54	58	0	11998
144	36	60	0	12013
144	48	55	0	12017
128	54	64	0	12059
128	48	64	0	12137
128	36	64	0	12138
144	36	59	0	12478
144	48	51	0	12489
144	63	61	0	12498
128	36	64	0	12647
128	48	64	0	12651
128	63	64	0	12656
144	60	42	0	12690
128	60	64	0	12789
144	57	49	0	12798
128	57	64	0	12883
144	48	58	0	12935
144	36	57	0	12946
144	66	63	0	12955
128	66	64	0	13007
128	48	64	0	13069
128	36	64	0	13073
144	48	55	0	13405
144	36	62	0	13413
144	63	56	0	13427
128	36	64	0	13576
144	60	43	0	13585
128	63	64	0	13587
128	48	64	0	13604
144	57	47	0	13698
128	60	64	0	13715
144	48	53	0	13905
128	57	64	0	13907
144	66	60	0	13913
144	36	59	0	13928
128	66	64	0	14070
128	48	64	0	14074
128	36	64	0	14077
144	36	65	0	14446
144	48	58	0	14454
144	69	59	0	14457
128	69	64	0	14595
144	66	59	0	14598
128	48	64	0	14625
128	36	64	0	14627
128	66	64	0	14693
144	69	58	0	14759
128	69	64	0	14877
144	66	52	0	14913
144	48	58	0	14925
144	36	58	0	14928
128	66	64	0	15015
144	69	60	0	15047
128	48	64	0	15080
128	36	64	0	15087
128	69	64	0	15190
144	66	57	0	15204
128	66	64	0	15335
144	69	66	0	15362
144	48	62	0	15376
144	36	62	0	15386
144	66	74	0	15511
128	69	64	0	15517
128	36	64	0	15537
128	48	64	0	15539
144	63	77	0	15688
128	66	64	0	15700
144	60	79	0	15817
128	63	64	0	15826
144	36	62	0	15829
144	48	54	0	15837
128	60	64	0	15961
128	48	64	0	15968
128	36	64	0	15973
144	48	54	0	16288
144	36	53	0	16310
144	69	59	0	16329
128	69	64	0	16464
128	36	64	0	16477
144	66	65	0	16483
128	48	64	0	16491
128	66	64	0	16604
144	69	50	0	16654
128	69	64	0	16790
144	48	59	0	16820
144	36	57	0	16830
144	66	59	0	16844
128	66	64	0	16982
144	69	59	0	17005
128	48	64	0	17007
128	36	64	0	17009
128	69	64	0	17137
144	66	61	0	17173
128	66	64	0	17287
144	48	64	0	17345
144	36	66	0	17349
144	69	67	0	17351
128	69	64	0	17496
144	66	75	0	17508
128	48	64	0	17511
128	36	64	0	17520
144	69	68	0	17666
128	66	64	0	17670
128	69	64	0	17734
144	36	66	0	17794
144	48	57	0	17800
144	72	80	0	17858
128	48	64	0	17948
128	36	64	0	17954
128	72	64	0	17979
144	36	68	0	18318
144	72	65	0	18321
144	48	66	0	18327
128	72	64	0	18439
144	69	50	0	18444
128	36	64	0	18472
128	48	64	0	18491
128	69	64	0	18613
144	72	55	0	18621
128	72	64	0	18760
144	48	60	0	18796
144	69	52	0	18800
144	36	47	0	18819
128	36	64	0	18912
128	69	64	0	18926
128	48	64	0	18938
144	72	50	0	18942
128	72	64	0	19036
144	69	37	0	19079
128	69	64	0	19224
144	48	51	0	19228
144	36	53	0	19240
144	72	55	0	19257
128	48	64	0	19376
128	36	64	0	19379
128	72	64	0	19383
144	69	52	0	19403
128	69	64	0	19514
144	72	50	0	19551
144	48	51	0	19702
144	36	53	0	19706
128	72	64	0	19710
144	69	52	0	19715
128	36	64	0	19825
128	69	64	0	19836
128	48	64	0	19839
144	36	50	0	20216
144	48	37	0	20231
144	72	65	0	20235
128	72	64	0	20392
144	66	56	0	20403
128	48	64	0	20416
128	36	64	0	20421
128	66	64	0	20522
144	72	65	0	20566
144	48	55	0	20688
128	72	64	0	20699
144	36	53	0	20708
144	66	53	0	20717
128	66	64	0	20847
128	48	64	0	20852
128	36	64	0	20869
144	72	61	0	20879
128	72	64	0	20972
144	66	50	0	21043
128	66	64	0	21146
144	48	49	0	21170
144	36	55	0	21174
144	72	58	0	21201
128	72	64	0	21292
128	48	64	0	21318
128	36	64	0	21339
144	66	54	0	21347
128	66	64	0	21427
144	72	54	0	21496
144	48	57	0	21631
144	36	57	0	21643
144	66	46	0	21680
128	72	64	0	21686
128	66	64	0	21749
128	48	64	0	21773
128	36	64	0	21790
144	48	66	0	22143
144	36	68	0	22147
144	72	74	0	22155
144	66	69	0	22322
128	72	64	0	22332
128	36	64	0	22361
128	48	64	0	22375
144	72	59	0	22455
128	66	64	0	22459
128	72	64	0	22610
144	69	65	0	22616
144	48	65	0	22631
144	36	66	0	22636
128	69	64	0	22772
144	72	68	0	22784
128	48	64	0	22823
128	36	64	0	22831
144	69	61	0	22943
128	72	64	0	22947
128	69	64	0	23021
144	72	70	0	23112
144	36	74	0	23115
144	48	69	0	23126
128	72	64	0	23297
144	66	65	0	23303
128	48	64	0	23317
128	36	64	0	23327
128	66	64	0	23432
144	72	62	0	23467
128	72	64	0	23582
144	48	69	0	23605
144	36	67	0	23612
144	69	61	0	23620
128	48	64	0	23777
128	69	64	0	23780
144	72	65	0	23786
128	36	64	0	23796
128	72	64	0	23903
144	69	59	0	23939
128	69	64	0	24033
144	72	61	0	24087
144	48	67	0	24090
144	36	69	0	24094
128	72	64	0	24245
128	48	64	0	24257
128	36	64	0	24265
144	66	66	0	24283
128	66	64	0	24387
144	72	63	0	24421
128	72	64	0	24546
144	48	72	0	24582
144	36	67	0	24586
144	66	63	0	24592
128	66	64	0	24701
128	48	64	0	24714
128	36	64	0	24738
144	72	63	0	24748
128	72	64	0	24861
144	66	48	0	24909
128	66	64	0	24995
144	72	62	0	25044
144	36	70	0	25057
144	48	65	0	25061
128	72	64	0	25114
144	66	62	0	25195
128	48	64	0	25228
128	36	64	0	25241
128	66	64	0	25279
144	72	67	0	25349
128	72	64	0	25451
144	36	71	0	25525
144	48	65	0	25534
144	60	81	0	25537
128	60	64	0	25676
128	48	64	0	25679
128	36	64	0	25706
144	36	71	0	26010
144	48	66	0	26013
144	72	71	0	26017
128	72	64	0	26172
144	66	70	0	26177
128	36	64	0	26209
128	48	64	0	26227
128	66	64	0	26297
144	72	59	0	26333
128	72	64	0	26442
144	48	66	0	26468
144	66	66	0	26480
144	36	66	0	26483
128	66	64	0	26558
144	72	63	0	26613
128	48	64	0	26639
128	36	64	0	26651
144	69	61	0	26789
128	72	64	0	26806
144	36	70	0	26948
144	48	64	0	26957
144	72	71	0	26971
128	69	64	0	26976
128	48	64	0	27119
128	36	64	0	27141
144	66	68	0	27155
128	72	64	0	27159
128	66	64	0	27259
144	72	64	0	27304
128	72	64	0	27425
144	66	70	0	27446
144	36	71	0	27452
144	48	72	0	27455
128	66	64	0	27584
144	72	73	0	27592
128	48	64	0	27602
128	36	64	0	27612
128	72	64	0	27744
144	69	66	0	27747
144	36	75	0	27906
128	69	64	0	27913
144	48	75	0	27916
144	72	71	0	27982
128	48	64	0	28069
128	36	64	0	28084
128	72	64	0	28142
144	66	67	0	28149
128	66	64	0	28265
144	72	67	0	28301
144	36	71	0	28423
128	72	64	0	28426
144	48	69	0	28430
144	66	70	0	28437
128	66	64	0	28545
128	48	64	0	28585
144	72	65	0	28597
128	36	64	0	28601
128	72	64	0	28697
144	66	68	0	28736
128	66	64	0	28834
144	72	74	0	28879
144	48	75	0	28896
144	36	75	0	28900
128	72	64	0	29001
144	66	71	0	29023
128	36	64	0	29057
128	48	64	0	29058
144	72	68	0	29180
128	66	64	0	29185
128	72	64	0	29317
144	36	74	0	29349
144	48	74	0	29356
144	63	83	0	29360
128	63	64	0	29477
128	48	64	0	29516
128	36	64	0	29529
144	72	84	0	29838
144	48	74	0	29843
144	36	74	0	29845
144	66	66	0	30015
128	72	64	0	30018
128	36	64	0	30083
128	48	64	0	30087
128	66	64	0	30144
144	72	67	0	30180
144	48	63	0	30294
144	36	64	0	30297
128	72	64	0	30304
144	66	64	0	30326
128	66	64	0	30466
144	72	61	0	30496
128	48	64	0	30575
128	36	64	0	30598
128	72	64	0	30615
144	66	56	0	30641
128	66	64	0	30762
144	72	63	0	30794
144	48	68	0	30829
144	36	69	0	30835
128	72	64	0	30954
144	66	67	0	30975
128	36	64	0	31029
128	48	64	0	31052
128	66	64	0	31122
144	72	63	0	31130
128	72	64	0	31266
144	36	63	0	31285
144	48	60	0	31290
144	63	60	0	31314
128	63	64	0	31381
128	48	64	0	31433
128	36	64	0	31441
144	48	49	0	31773
144	72	56	0	31777
144	36	55	0	31780
128	72	64	0	31948
144	66	60	0	31952
128	36	64	0	32056
128	48	64	0	32074
128	66	64	0	32080
144	72	48	0	32107
144	48	59	0	32256
144	36	62	0	32268
144	66	62	0	32271
128	72	64	0	32277
128	66	64	0	32423
144	72	57	0	32445
128	48	64	0	32449
128	36	64	0	32480
144	66	40	0	32588
128	72	64	0	32591
128	66	64	0	32723
144	48	58	0	32727
144	36	61	0	32732
144	72	49	0	32755
128	72	64	0	32833
144	66	51	0	32889
128	36	64	0	32914
128	48	64	0	32933
128	66	64	0	32993
144	72	56	0	33057
144	48	62	0	33215
144	36	63	0	33218
128	72	64	0	33220
144	63	64	0	33258
128	63	64	0	33347
128	48	64	0	33398
128	36	64	0	33410
144	69	54	0	33689
144	36	64	0	33699
144	48	58	0	33702
144	66	67	0	33864
128	69	64	0	33867
128	36	64	0	33960
128	48	64	0	33966
128	66	64	0	34022
144	69	68	0	34034
128	69	64	0	34176
144	48	63	0	34190
144	36	65	0	34193
144	63	67	0	34196
144	69	65	0	34325
128	63	64	0	34335
128	48	64	0	34411
128	36	64	0	34426
128	69	64	0	34464
144	66	65	0	34468
144	36	70	0	34642
144	48	64	0	34649
128	66	64	0	34651
144	60	63	0	34669
128	48	64	0	34799
128	60	64	0	34810
144	66	54	0	34814
128	36	64	0	34822
128	66	64	0	34892
144	60	47	0	34952
128	60	64	0	35066
144	48	66	0	35103
144	36	68	0	35106
144	63	59	0	35116
128	63	64	0	35192
128	48	64	0	35261
128	36	64	0	35264
144	60	55	0	35266
128	60	64	0	35365
144	63	59	0	35412
128	63	64	0	35486
144	36	72	0	35597
144	48	71	0	35610
144	57	68	0	35622
144	63	58	0	35745
128	57	64	0	35752
128	48	64	0	35755
128	36	64	0	35787
128	63	64	0	35879
144	57	53	0	35895
144	48	59	0	36074
128	57	64	0	36083
144	36	56	0	36087
144	63	58	0	36101
128	63	64	0	36193
128	36	64	0	36232
128	48	64	0	36237
144	57	51	0	36240
128	57	64	0	36368
144	63	51	0	36389
144	48	56	0	36548
144	36	60	0	36563
128	63	64	0	36567
144	57	60	0	36582
128	48	64	0	36737
128	36	64	0	36741
128	57	64	0	36748
144	63	60	0	36754
128	63	64	0	36882
144	57	57	0	36928
144	48	44	0	37026
144	36	58	0	37035
144	63	63	0	37108
128	57	64	0	37135
128	63	64	0	37170
128	48	64	0	37205
128	36	64	0	37210
144	57	63	0	37558
144	48	53	0	37561
144	36	55	0	37575
128	48	64	0	37713
128	57	64	0	37728
128	36	64	0	37731
144	63	65	0	37736
128	63	64	0	37809
144	57	55	0	37870
128	57	64	0	38039
144	63	63	0	38058
128	63	64	0	38138
144	57	49	0	38183
128	57	64	0	38328
144	63	58	0	38345
128	63	64	0	38432
144	57	64	0	38494
128	57	64	0	38619
144	63	61	0	38625
128	63	64	0	38717
144	57	58	0	38790
144	63	76	0	38965
128	57	64	0	38973
128	63	64	0	39043
144	48	72	0	39464
144	54	71	0	39477
144	63	68	0	39526
128	63	64	0	39581
128	48	64	0	39643
128	54	64	0	39652
144	63	74	0	39969
144	54	66	0	39984
144	48	60	0	39987
128	63	64	0	40023
128	48	64	0	40049
128	54	64	0	40054
144	63	74	0	40466
144	48	66	0	40470
144	54	47	0	40496
128	63	64	0	40513
128	48	64	0	40529
128	54	64	0	40558
144	48	61	0	40925
144	63	78	0	40933
144	54	64	0	40936
128	63	64	0	40984
128	54	64	0	40986
128	48	64	0	40989
144	48	60	0	41395
144	60	64	0	41406
144	66	59	0	41414
144	63	59	0	41422
144	54	63	0	41425
128	54	64	0	41717
128	48	64	0	41724
128	66	64	0	41734
128	60	64	0	41737
128	63	64	0	41742
144	63	53	0	41860
144	66	58	0	41864
144	60	58	0	41867
144	48	62	0	41889
144	54	60	0	41894
128	66	64	0	41919
128	63	64	0	41924
128	60	64	0	41929
128	54	64	0	41944
128	48	64	0	41947
144	48	63	0	42366
144	54	64	0	42376
144	66	61	0	42386
144	60	53	0	42393
144	63	44	0	42397
128	54	64	0	42435
128	66	64	0	42447
128	60	64	0	42464
128	63	64	0	42466
128	48	64	0	42474
144	48	58	0	42856
144	66	61	0	42868
144	60	53	0	42878
144	63	59	0	42882
144	54	56	0	42885
128	63	64	0	42937
128	54	64	0	42940
128	66	64	0	42943
128	48	64	0	42947
128	60	64	0	42950
144	48	65	0	43367
144	54	59	0	43397
144	66	64	0	43400
128	54	64	0	43492
128	66	64	0	43511
144	60	53	0	43516
128	48	64	0	43518
128	60	64	0	43608
144	66	63	0	43651
128	66	64	0	43807
144	69	77	0	43826
144	48	64	0	43830
144	54	58	0	43846
128	54	64	0	43906
128	48	64	0	43933
128	69	64	0	43953
144	48	60	0	44305
144	66	69	0	44315
144	54	61	0	44319
128	54	64	0	44420
128	66	64	0	44440
144	60	58	0	44454
128	48	64	0	44461
128	60	64	0	44562
144	66	41	0	44565
144	69	61	0	44740
128	66	64	0	44742
144	48	58	0	44758
144	54	55	0	44785
128	54	64	0	44851
128	69	64	0	44874
128	48	64	0	44888
144	48	53	0	45219
144	72	56	0	45239
144	54	58	0	45242
128	72	64	0	45361
144	69	59	0	45365
128	54	64	0	45383
128	48	64	0	45420
128	69	64	0	45484
144	75	64	0	45489
128	75	64	0	45563
144	48	65	0	45734
144	54	69	0	45737
144	78	75	0	45750
128	54	64	0	45808
128	78	64	0	45817
128	48	64	0	45836
144	48	66	0	46222
144	54	64	0	46234
144	78	52	0	46247
128	54	64	0	46335
128	78	64	0	46339
144	72	62	0	46360
128	48	64	0	46379
128	72	64	0	46512
144	78	58	0	46526
144	48	65	0	46653
144	54	63	0	46683
144	81	68	0	46694
128	78	64	0	46697
128	54	64	0	46768
128	48	64	0	46800
128	81	64	0	46818
144	48	58	0	47150
144	84	59	0	47155
144	54	56	0	47179
128	84	64	0	47295
144	72	57	0	47309
128	48	64	0	47315
128	54	64	0	47333
128	72	64	0	47465
144	84	52	0	47504
128	84	64	0	47634
144	72	58	0	47662
144	48	55	0	47665
144	54	48	0	47690
128	54	64	0	47763
128	48	64	0	47780
128	72	64	0	47802
144	84	57	0	47816
128	84	64	0	47963
144	72	48	0	48010
144	48	64	0	48122
144	54	59	0	48135
128	72	64	0	48157
144	84	65	0	48187
128	48	64	0	48271
128	54	64	0	48279
128	84	64	0	48307
144	72	59	0	48335
144	84	37	0	48452
128	72	64	0	48471
144	48	73	0	48577
144	75	67	0	48601
144	54	68	0	48604
128	84	64	0	48634
128	48	64	0	48727
128	54	64	0	48738
128	75	64	0	48755
144	48	65	0	49073
144	84	72	0	49079
144	54	63	0	49096
144	72	59	0	49238
128	84	64	0	49241
128	54	64	0	49291
128	48	64	0	49293
128	72	64	0	49414
144	84	59	0	49419
144	48	61	0	49556
128	84	64	0	49564
144	54	55	0	49589
144	72	63	0	49593
128	54	64	0	49687
128	48	64	0	49704
128	72	64	0	49746
144	84	67	0	49775
128	84	64	0	49892
144	72	59	0	49925
128	72	64	0	50045
144	48	56	0	50047
144	54	51	0	50077
144	84	70	0	50085
128	48	64	0	50203
128	84	64	0	50215
128	54	64	0	50218
144	72	57	0	50229
144	84	52	0	50359
128	72	64	0	50386
144	75	67	0	50518
144	48	66	0	50526
128	84	64	0	50532
144	54	67	0	50551
128	75	64	0	50649
128	54	64	0	50678
128	48	64	0	50681
144	48	70	0	50999
144	81	78	0	51014
144	54	67	0	51023
144	78	70	0	51146
128	81	64	0	51181
128	48	64	0	51205
128	54	64	0	51217
128	78	64	0	51315
144	79	68	0	51325
144	76	71	0	51453
128	79	64	0	51456
144	48	73	0	51518
144	54	71	0	51540
144	78	67	0	51628
128	76	64	0	51665
128	54	64	0	51675
128	48	64	0	51692
128	78	64	0	51816
144	75	73	0	51830
128	75	64	0	51971
144	48	66	0	51992
144	76	74	0	51996
144	54	70	0	52005
128	54	64	0	52146
144	75	61	0	52152
128	48	64	0	52163
128	76	64	0	52176
144	73	57	0	52328
128	75	64	0	52338
144	48	67	0	52485
144	72	85	0	52494
128	73	64	0	52496
144	54	66	0	52505
128	72	64	0	52676
128	48	64	0	52679
128	54	64	0	52695
144	69	83	0	52952
144	48	78	0	52959
144	54	74	0	52979
144	66	79	0	53098
128	69	64	0	53126
128	48	64	0	53142
128	54	64	0	53157
128	66	64	0	53258
144	67	68	0	53264
128	67	64	0	53408
144	64	79	0	53423
144	48	75	0	53439
144	54	74	0	53461
144	66	80	0	53592
128	48	64	0	53598
128	54	64	0	53617
128	64	64	0	53632
144	63	74	0	53761
128	66	64	0	53772
128	63	64	0	53902
144	48	73	0	53917
144	64	81	0	53932
144	54	75	0	53935
144	63	74	0	54082
128	48	64	0	54085
128	54	64	0	54095
128	64	64	0	54122
144	61	72	0	54253
128	63	64	0	54268
144	48	76	0	54426
144	60	95	0	54432
128	61	64	0	54435
144	54	78	0	54442
128	54	64	0	54586
128	48	64	0	54589
128	60	64	0	54603
144	48	84	0	54911
144	64	84	0	54920
144	54	76	0	54936
144	63	70	0	55076
128	48	64	0	55079
128	54	64	0	55082
128	64	64	0	55098
144	61	64	0	55225
128	63	64	0	55236
128	61	64	0	55375
144	48	69	0	55385
144	54	65	0	55405
144	60	69	0	55409
128	54	64	0	55468
144	61	51	0	55522
128	48	64	0	55526
128	60	64	0	55535
128	61	64	0	55688
144	63	59	0	55690
128	63	64	0	55842
144	64	58	0	55859
144	48	58	0	55865
144	54	58	0	55874
128	54	64	0	55955
128	48	64	0	56001
144	63	74	0	56014
128	64	64	0	56023
144	61	66	0	56201
128	63	64	0	56211
128	61	64	0	56323
144	48	60	0	56332
144	54	59	0	56348
144	60	75	0	56358
128	54	64	0	56431
128	48	64	0	56461
128	60	64	0	56493
144	61	64	0	56499
144	63	62	0	56635
128	61	64	0	56656
144	48	62	0	56777
144	54	62	0	56784
144	64	72	0	56807
128	63	64	0	56810
128	54	64	0	56892
128	48	64	0	56914
128	64	64	0	56979
144	63	66	0	56984
144	61	72	0	57123
128	63	64	0	57131
144	48	65	0	57208
144	54	59	0	57227
128	61	64	0	57251
144	64	70	0	57283
128	54	64	0	57304
128	48	64	0	57339
144	63	64	0	57432
128	64	64	0	57434
128	63	64	0	57590
144	61	64	0	57593
144	48	68	0	57721
128	61	64	0	57725
144	54	63	0	57734
144	64	70	0	57764
128	54	64	0	57805
128	48	64	0	57841
144	63	67	0	57906
128	64	64	0	57915
128	63	64	0	58079
144	61	62	0	58085
144	48	63	0	58218
144	54	64	0	58235
128	61	64	0	58237
144	60	84	0	58242
128	54	64	0	58336
128	48	64	0	58344
128	60	64	0	58359
144	48	81	0	58698
144	64	82	0	58702
144	54	78	0	58709
128	54	64	0	58837
128	48	64	0	58858
144	63	72	0	58875
128	64	64	0	58892
144	61	69	0	59005
128	63	64	0	59052
128	61	64	0	59162
144	48	60	0	59166
144	54	64	0	59176
144	60	83	0	59180
128	54	64	0	59248
128	48	64	0	59260
144	61	70	0	59326
128	60	64	0	59341
144	63	61	0	59477
128	61	64	0	59501
144	48	64	0	59661
144	54	66	0	59664
144	64	78	0	59667
128	63	64	0	59677
128	48	64	0	59765
128	54	64	0	59767
144	63	74	0	59848
128	64	64	0	59864
144	61	63	0	60014
128	63	64	0	60047
144	54	66	0	60145
128	61	64	0	60147
144	48	62	0	60159
144	60	79	0	60172
128	48	64	0	60270
128	54	64	0	60276
128	60	64	0	60325
144	61	68	0	60327
144	63	66	0	60467
128	61	64	0	60484
128	63	64	0	60647
144	54	70	0	60651
144	64	76	0	60653
144	48	67	0	60659
128	54	64	0	60777
128	48	64	0	60797
144	63	72	0	60827
128	64	64	0	60835
144	61	73	0	61000
128	63	64	0	61002
128	61	64	0	61138
144	48	73	0	61160
144	54	72	0	61166
144	64	78	0	61175
128	54	64	0	61230
128	48	64	0	61263
144	63	70	0	61314
128	64	64	0	61342
144	61	70	0	61476
128	63	64	0	61494
144	48	78	0	61609
128	61	64	0	61619
144	54	76	0	61630
144	64	80	0	61653
128	54	64	0	61704
128	48	64	0	61738
144	63	68	0	61797
128	64	64	0	61827
144	61	67	0	61988
128	63	64	0	62000
144	48	81	0	62122
144	60	89	0	62140
144	54	79	0	62143
128	61	64	0	62153
128	48	64	0	62252
128	54	64	0	62265
128	60	64	0	62281
144	48	77	0	62606
144	69	77	0	62610
144	54	73	0	62622
144	60	72	0	62764
128	69	64	0	62781
128	48	64	0	62811
128	54	64	0	62834
128	60	64	0	62916
144	69	68	0	62932
144	48	79	0	63064
128	69	64	0	63066
144	60	82	0	63082
144	54	79	0	63084
144	69	77	0	63218
128	54	64	0	63222
128	48	64	0	63225
128	60	64	0	63253
144	60	82	0	63440
128	69	64	0	63450
144	48	75	0	63527
144	54	74	0	63545
144	66	84	0	63573
128	60	64	0	63580
128	48	64	0	63690
128	66	64	0	63703
144	60	73	0	63706
128	54	64	0	63709
128	60	64	0	63865
144	63	84	0	63877
144	60	94	0	64015
128	63	64	0	64019
144	48	82	0	64022
144	54	81	0	64032
128	54	64	0	64152
128	48	64	0	64169
128	60	64	0	64176
144	48	87	0	64492
144	69	84	0	64506
144	54	83	0	64514
144	60	77	0	64648
128	69	64	0	64666
128	48	64	0	64692
128	54	64	0	64699
128	60	64	0	64809
144	69	74	0	64828
128	69	64	0	64961
144	60	80	0	65002
144	48	85	0	65006
144	54	83	0	65023
128	48	64	0	65138
128	54	64	0	65146
128	60	64	0	65154
144	69	76	0	65159
144	60	75	0	65310
128	69	64	0	65322
128	60	64	0	65482
144	48	81	0	65492
144	66	80	0	65498
144	54	85	0	65505
144	60	76	0	65632
128	66	64	0	65643
128	48	64	0	65651
128	54	64	0	65670
144	63	66	0	65812
128	60	64	0	65824
144	60	61	0	65968
144	48	66	0	65977
128	63	64	0	65981
144	54	70	0	65984
128	60	64	0	66060
128	54	64	0	66071
128	48	64	0	66094
144	69	55	0	66451
144	48	56	0	66455
144	54	55	0	66458
128	54	64	0	66581
128	48	64	0	66584
144	60	60	0	66587
128	69	64	0	66591
144	69	58	0	66743
128	60	64	0	66757
128	69	64	0	66880
144	60	58	0	66895
144	48	73	0	66900
144	54	67	0	66922
128	54	64	0	66973
128	60	64	0	67003
128	48	64	0	67008
144	69	67	0	67412
144	48	66	0	67414
144	54	70	0	67428
144	60	59	0	67557
128	54	64	0	67563
128	69	64	0	67565
128	48	64	0	67570
128	60	64	0	67704
144	69	58	0	67731
144	48	63	0	67859
144	60	71	0	67874
144	54	62	0	67886
128	69	64	0	67893
128	54	64	0	67950
128	48	64	0	67985
128	60	64	0	68007
144	60	69	0	68362
144	66	73	0	68368
128	66	64	0	68490
128	60	64	0	68511
144	48	56	0	68523
144	54	63	0	68527
128	48	64	0	68592
128	54	64	0	68594
144	60	71	0	68679
144	66	64	0	68683
128	66	64	0	68757
128	60	64	0	68766
144	48	64	0	68827
144	54	58	0	68841
128	54	64	0	68895
128	48	64	0	68898
144	60	62	0	68973
144	66	60	0	68983
128	66	64	0	69045
128	60	64	0	69060
144	48	63	0	69140
144	54	63	0	69145
128	54	64	0	69204
128	48	64	0	69213
144	60	62	0	69323
144	66	63	0	69325
128	66	64	0	69380
128	60	64	0	69395
144	48	69	0	69458
144	54	65	0	69476
128	54	64	0	69527
128	48	64	0	69540
144	60	75	0	69641
144	66	70	0	69649
128	66	64	0	69701
128	60	64	0	69730
144	48	74	0	69796
144	54	72	0	69804
128	54	64	0	69855
128	48	64	0	69861
144	60	53	0	70244
144	66	61	0	70246
144	63	69	0	70252
128	66	64	0	70376
128	63	64	0	70385
128	60	64	0	70396
144	48	62	0	70403
144	57	47	0	70422
144	54	59	0	70425
128	54	64	0	70506
128	57	64	0	70513
128	48	64	0	70534
144	60	58	0	70595
144	66	53	0	70605
144	63	52	0	70615
128	63	64	0	70686
128	66	64	0	70689
128	60	64	0	70718
144	48	59	0	70769
144	54	56	0	70771
144	57	43	0	70790
128	57	64	0	70869
128	54	64	0	70871
128	48	64	0	70901
144	60	58	0	70953
144	66	61	0	70956
144	63	56	0	70960
128	63	64	0	71028
128	66	64	0	71035
128	60	64	0	71060
144	48	56	0	71131
144	57	44	0	71136
144	54	43	0	71147
128	54	64	0	71214
128	48	64	0	71224
128	57	64	0	71226
144	60	60	0	71316
144	66	63	0	71320
144	63	60	0	71326
128	63	64	0	71397
128	66	64	0	71412
128	60	64	0	71425
144	48	59	0	71479
144	54	54	0	71490
144	57	42	0	71495
128	54	64	0	71556
128	48	64	0	71562
128	57	64	0	71573
144	60	59	0	71632
144	66	67	0	71635
144	63	58	0	71638
128	63	64	0	71695
128	66	64	0	71699
128	60	64	0	71713
144	48	75	0	71767
144	57	60	0	71785
144	54	63	0	71793
128	54	64	0	71837
128	57	64	0	71844
128	48	64	0	71849
144	72	68	0	72221
144	60	65	0	72225
128	72	64	0	72355
128	60	64	0	72360
144	72	58	0	72698
144	60	45	0	72710
128	72	64	0	72786
128	60	64	0	72799
144	60	56	0	73171
144	72	58	0	73178
128	72	64	0	73257
128	60	64	0	73271
144	72	70	0	73651
144	60	59	0	73658
128	72	64	0	73724
128	60	64	0	73728
144	48	58	0	74129
144	72	61	0	74144
144	60	49	0	74155
128	60	64	0	74278
128	48	64	0	74281
128	72	64	0	74289
144	51	65	0	74612
144	72	53	0	74621
144	60	51	0	74626
128	51	64	0	74666
128	72	64	0	74731
128	60	64	0	74735
144	48	69	0	75083
144	60	63	0	75102
144	72	57	0	75108
128	48	64	0	75171
128	72	64	0	75178
128	60	64	0	75183
144	72	64	0	75583
144	45	66	0	75586
144	60	49	0	75599
128	45	64	0	75644
128	72	64	0	75660
128	60	64	0	75674
144	72	69	0	76069
144	51	72	0	76073
128	51	64	0	76194
144	60	29	0	76222
144	48	56	0	76226
128	72	64	0	76289
128	60	64	0	76326
128	48	64	0	76386
144	51	73	0	76406
128	51	64	0	76461
144	48	89	0	76542
144	60	69	0	76545
144	72	62	0	76558
128	48	64	0	76634
128	72	64	0	76642
128	60	64	0	76661
144	72	74	0	77047
144	60	69	0	77051
144	51	75	0	77054
128	51	64	0	77202
144	48	80	0	77224
128	72	64	0	77233
128	60	64	0	77249
128	48	64	0	77357
144	51	66	0	77366
144	60	69	0	77477
144	72	73	0	77480
128	51	64	0	77483
144	48	90	0	77487
128	48	64	0	77589
128	60	64	0	77595
128	72	64	0	77598
144	51	72	0	77978
144	60	77	0	77991
144	72	77	0	77997
128	51	64	0	78117
128	60	64	0	78128
128	72	64	0	78130
144	48	66	0	78147
144	51	64	0	78252
128	48	64	0	78278
128	51	64	0	78394
144	60	69	0	78401
144	48	78	0	78415
144	72	60	0	78418
128	72	64	0	78487
128	60	64	0	78507
128	48	64	0	78524
144	51	70	0	78969
144	60	72	0	78974
144	72	74	0	78977
128	51	64	0	79099
128	72	64	0	79117
144	48	68	0	79120
128	60	64	0	79141
144	51	63	0	79243
128	48	64	0	79253
128	51	64	0	79385
144	48	85	0	79401
144	60	69	0	79419
144	72	73	0	79423
128	48	64	0	79513
128	72	64	0	79548
128	60	64	0	79552
144	54	72	0	79923
144	72	74	0	79931
144	60	57	0	79975
128	54	64	0	80074
144	48	60	0	80087
128	72	64	0	80101
128	60	64	0	80120
128	48	64	0	80225
144	54	68	0	80235
144	60	64	0	80311
144	72	63	0	80316
128	54	64	0	80351
144	48	72	0	80371
128	72	64	0	80442
128	60	64	0	80445
128	48	64	0	80511
144	54	71	0	80520
128	54	64	0	80654
144	48	69	0	80683
144	60	47	0	80780
144	72	57	0	80792
144	54	78	0	80841
128	48	64	0	80858
128	72	64	0	80918
128	60	64	0	80934
128	54	64	0	80959
144	48	72	0	81019
144	54	78	0	81143
128	48	64	0	81162
128	54	64	0	81269
144	60	79	0	81281
144	48	85	0	81290
144	72	72	0	81293
128	72	64	0	81402
128	60	64	0	81410
128	48	64	0	81416
144	54	78	0	81808
144	60	66	0	81829
144	72	69	0	81836
144	48	80	0	81966
128	54	64	0	81969
128	72	64	0	81979
128	60	64	0	81997
128	48	64	0	82081
144	54	64	0	82084
128	54	64	0	82258
144	48	82	0	82279
144	60	72	0	82292
144	72	74	0	82299
128	72	64	0	82429
144	54	76	0	82432
128	48	64	0	82434
128	60	64	0	82450
128	54	64	0	82584
144	48	67	0	82613
128	48	64	0	82780
144	54	75	0	82783
144	60	62	0	82792
144	72	63	0	82799
128	72	64	0	82891
128	60	64	0	82906
128	54	64	0	82918
144	48	78	0	82937
128	48	64	0	83042
144	54	66	0	83075
128	54	64	0	83237
144	48	81	0	83252
144	60	74	0	83276
144	72	74	0	83280
128	48	64	0	83366
128	72	64	0	83374
128	60	64	0	83387
144	54	69	0	83759
144	60	53	0	83774
144	72	52	0	83779
144	48	66	0	83902
128	54	64	0	83913
128	72	64	0	83919
128	60	64	0	83930
128	48	64	0	84041
144	54	43	0	84075
128	54	64	0	84214
144	48	58	0	84235
144	60	47	0	84268
144	72	51	0	84275
128	72	64	0	84359
128	48	64	0	84383
128	60	64	0	84391
144	54	53	0	84407
128	54	64	0	84544
144	48	51	0	84589
128	48	64	0	84699
144	60	52	0	84729
144	54	65	0	84732
144	72	57	0	84735
128	72	64	0	84823
128	60	64	0	84844
128	54	64	0	84869
144	48	59	0	84899
128	48	64	0	85004
144	54	58	0	85047
128	54	64	0	85153
144	72	54	0	85217
144	48	65	0	85222
144	60	49	0	85225
128	48	64	0	85290
128	72	64	0	85300
128	60	64	0	85328
144	54	68	0	85673
144	69	65	0	85685
128	69	64	0	85820
128	54	64	0	85832
144	66	63	0	85836
128	66	64	0	85976
144	67	63	0	85996
144	64	64	0	86131
128	67	64	0	86136
144	54	51	0	86270
144	66	67	0	86306
128	64	64	0	86310
128	54	64	0	86330
128	66	64	0	86488
144	63	55	0	86511
128	63	64	0	86622
144	64	62	0	86651
144	54	62	0	86667
128	54	64	0	86733
128	64	64	0	86836
144	61	73	0	86843
128	61	64	0	87009
144	63	63	0	87016
144	54	68	0	87140
128	63	64	0	87142
144	60	79	0	87151
128	54	64	0	87218
128	60	64	0	87299
144	60	66	0	87654
144	54	71	0	87677
144	61	59	0	87791
128	60	64	0	87799
128	54	64	0	87827
144	63	64	0	87932
128	61	64	0	87934
128	63	64	0	88077
144	64	66	0	88084
144	54	64	0	88097
128	54	64	0	88183
144	63	45	0	88199
128	64	64	0	88224
128	63	64	0	88376
144	61	54	0	88398
128	61	64	0	88535
144	60	68	0	88571
144	54	64	0	88600
128	54	64	0	88662
128	60	64	0	88703
144	61	52	0	88730
128	61	64	0	88845
144	63	57	0	88852
128	63	64	0	89028
144	54	57	0	89032
144	64	64	0	89054
128	54	64	0	89093
128	64	64	0	89202
144	63	67	0	89206
128	63	64	0	89360
144	61	59	0	89363
128	61	64	0	89521
144	54	60	0	89524
144	60	69	0	89540
128	54	64	0	89583
128	60	64	0	89686
144	61	51	0	89699
144	63	58	0	89855
128	61	64	0	89867
144	54	63	0	89970
128	63	64	0	90004
144	64	62	0	90020
128	54	64	0	90037
128	64	64	0	90173
144	63	62	0	90194
128	63	64	0	90351
144	61	61	0	90357
144	54	59	0	90470
128	61	64	0	90474
144	64	64	0	90527
128	54	64	0	90530
128	64	64	0	90683
144	63	59	0	90690
128	63	64	0	90833
144	61	58	0	90855
128	61	64	0	90972
144	54	63	0	90983
144	60	69	0	91002
128	54	64	0	91033
128	60	64	0	91068
144	57	60	0	91466
144	60	70	0	91470
144	54	55	0	91483
128	54	64	0	91552
128	57	64	0	91571
128	60	64	0	91597
144	61	51	0	91631
128	61	64	0	91731
144	63	52	0	91819
128	63	64	0	91919
144	57	50	0	91945
144	54	57	0	91951
144	64	66	0	91957
128	54	64	0	92015
128	57	64	0	92027
128	64	64	0	92095
144	63	63	0	92098
128	63	64	0	92240
144	61	53	0	92262
128	61	64	0	92390
144	57	61	0	92428
144	60	70	0	92432
144	54	68	0	92435
128	54	64	0	92496
128	57	64	0	92519
128	60	64	0	92549
144	61	56	0	92582
144	63	58	0	92747
128	61	64	0	92750
128	63	64	0	92871
144	57	53	0	92909
144	64	62	0	92916
144	54	53	0	92919
128	54	64	0	92984
128	57	64	0	92999
128	64	64	0	93073
144	63	53	0	93079
128	63	64	0	93236
144	61	60	0	93255
128	61	64	0	93356
144	57	72	0	93384
144	64	65	0	93439
128	64	64	0	93572
144	63	64	0	93581
128	57	64	0	93587
144	56	66	0	93592
144	54	60	0	93704
128	56	64	0	93705
144	61	66	0	93725
128	63	64	0	93727
128	54	64	0	93781
128	61	64	0	93842
144	57	65	0	93852
144	64	66	0	93915
128	57	64	0	94036
144	63	65	0	94069
128	64	64	0	94073
144	55	69	0	94076
128	55	64	0	94172
144	54	67	0	94175
144	61	68	0	94203
128	63	64	0	94212
128	54	64	0	94291
144	57	69	0	94336
128	61	64	0	94348
144	64	69	0	94423
128	57	64	0	94479
144	55	64	0	94488
128	64	64	0	94574
144	63	63	0	94592
144	54	64	0	94619
128	55	64	0	94622
128	63	64	0	94701
144	61	63	0	94715
128	54	64	0	94775
128	61	64	0	94785
144	52	75	0	94814
144	60	75	0	94833
128	60	64	0	94904
128	52	64	0	94907
144	55	72	0	95329
144	64	72	0	95352
144	54	65	0	95479
128	55	64	0	95481
144	63	59	0	95500
128	64	64	0	95503
144	61	59	0	95611
128	63	64	0	95618
128	54	64	0	95652
144	52	58	0	95688
128	61	64	0	95743
144	60	62	0	95786
144	51	60	0	95850
128	52	64	0	95865
128	60	64	0	95879
144	61	40	0	95917
128	51	64	0	95965
144	52	56	0	96011
128	61	64	0	96035
144	63	53	0	96076
144	54	70	0	96133
128	52	64	0	96135
128	63	64	0	96236
144	64	64	0	96271
128	54	64	0	96274
144	55	62	0	96293
128	55	64	0	96438
144	54	70	0	96446
144	63	64	0	96475
128	64	64	0	96477
128	54	64	0	96594
128	63	64	0	96604
144	61	59	0	96609
144	52	71	0	96622
128	61	64	0	96704
144	60	81	0	96739
144	51	81	0	96760
128	52	64	0	96811
128	60	64	0	96864
128	51	64	0	96873
144	55	75	0	97193
144	64	78	0	97241
144	54	75	0	97309
128	55	64	0	97324
128	64	64	0	97389
144	63	65	0	97394
128	54	64	0	97491
144	61	63	0	97501
128	63	64	0	97505
144	52	68	0	97551
128	61	64	0	97573
144	60	66	0	97606
144	51	71	0	97701
128	52	64	0	97723
128	60	64	0	97737
144	61	65	0	97752
128	51	64	0	97785
128	61	64	0	97814
144	52	65	0	97817
144	60	53	0	97866
144	54	74	0	97962
128	52	64	0	97966
128	60	64	0	97977
144	61	59	0	98000
128	54	64	0	98107
144	55	80	0	98113
128	61	64	0	98121
144	63	58	0	98144
128	63	64	0	98223
144	54	74	0	98263
144	64	62	0	98267
128	55	64	0	98279
128	64	64	0	98407
144	63	66	0	98409
128	54	64	0	98493
128	63	64	0	98520
144	61	61	0	98533
128	61	64	0	98599
144	55	80	0	99160
144	64	78	0	99191
144	54	73	0	99300
128	55	64	0	99319
144	63	65	0	99368
128	64	64	0	99375
144	51	51	0	99453
128	54	64	0	99464
144	61	70	0	99474
128	63	64	0	99513
128	51	64	0	99572
128	61	64	0	99625
144	52	79	0	99658
144	60	66	0	99685
128	60	64	0	99817
128	52	64	0	99822
144	55	78	0	100099
144	64	80	0	100145
144	54	74	0	100229
128	55	64	0	100252
144	63	67	0	100313
128	64	64	0	100324
128	63	64	0	100432
144	61	53	0	100437
128	54	64	0	100447
144	52	80	0	100460
128	61	64	0	100514
144	60	71	0	100579
144	51	80	0	100654
128	52	64	0	100677
128	60	64	0	100766
128	51	64	0	100770
144	55	72	0	101069
144	64	78	0	101112
144	54	76	0	101197
128	55	64	0	101230
144	63	68	0	101279
128	64	64	0	101295
144	51	69	0	101373
128	54	64	0	101403
144	61	63	0	101418
128	63	64	0	101438
128	51	64	0	101544
128	61	64	0	101567
144	52	69	0	101587
144	60	78	0	101590
128	52	64	0	101748
128	60	64	0	101751
144	52	87	0	102110
144	60	81	0	102118
128	52	64	0	102278
128	60	64	0	102341
144	52	77	0	102546
144	60	81	0	102549
128	52	64	0	102686
128	60	64	0	102722
144	48	75	0	102994
144	64	69	0	103039
144	52	43	0	103065
144	60	56	0	103160
128	64	64	0	103169
128	52	64	0	103214
128	48	64	0	103217
128	60	64	0	103336
144	64	66	0	103344
128	64	64	0	103485
144	60	74	0	103493
144	48	66	0	103502
144	52	66	0	103507
128	52	64	0	103617
128	48	64	0	103627
128	60	64	0	103657
144	64	60	0	103670
128	64	64	0	103801
144	60	66	0	103808
128	60	64	0	103941
144	48	60	0	103966
144	52	53	0	103971
144	64	64	0	103974
128	48	64	0	104087
128	52	64	0	104098
128	64	64	0	104123
144	60	66	0	104134
128	60	64	0	104276
144	64	55	0	104305
144	48	48	0	104431
144	52	55	0	104441
128	64	64	0	104472
144	60	60	0	104484
128	48	64	0	104514
128	52	64	0	104519
128	60	64	0	104555
144	55	61	0	104920
144	64	55	0	104928
144	48	60	0	104937
128	48	64	0	105021
128	55	64	0	105036
144	60	55	0	105054
128	64	64	0	105062
128	60	64	0	105216
144	64	53	0	105251
128	64	64	0	105379
144	55	65	0	105409
144	48	57	0	105413
144	60	65	0	105425
128	48	64	0	105483
128	55	64	0	105486
128	60	64	0	105549
144	64	57	0	105596
128	64	64	0	105694
144	60	62	0	105730
128	60	64	0	105878
144	48	71	0	105891
144	54	69	0	105904
144	64	55	0	105926
128	54	64	0	105974
128	48	64	0	106005
128	64	64	0	106007
144	60	58	0	106036
128	60	64	0	106167
144	64	66	0	106897
144	55	80	0	106908
144	48	63	0	106914
128	64	64	0	107037
128	55	64	0	107039
144	60	58	0	107053
128	48	64	0	107055
128	60	64	0	107194
144	64	63	0	107215
128	64	64	0	107333
144	60	69	0	107363
144	48	70	0	107366
144	55	72	0	107370
128	55	64	0	107469
128	48	64	0	107478
128	60	64	0	107518
144	64	69	0	107540
128	64	64	0	107660
144	60	70	0	107684
128	60	64	0	107838
144	64	82	0	107858
144	48	66	0	107861
144	54	70	0	107864
144	60	68	0	107945
128	64	64	0	107975
128	54	64	0	107991
128	48	64	0	107996
128	60	64	0	108071
144	55	74	0	108817
144	48	59	0	108826
144	64	75	0	108840
128	55	64	0	108941
128	48	64	0	108947
128	64	64	0	108966
144	60	69	0	108976
128	60	64	0	109100
144	64	56	0	109110
144	55	77	0	109251
144	48	73	0	109256
128	64	64	0	109257
144	69	82	0	109260
128	48	64	0	109346
128	55	64	0	109348
128	69	64	0	109409
144	48	64	0	109757
144	55	70	0	109761
144	65	33	0	109801
128	55	64	0	109903
128	48	64	0	109910
128	65	64	0	109922
144	66	75	0	110241
144	60	75	0	110244
128	60	64	0	110317
128	66	64	0	110347
144	55	68	0	110757
144	48	58	0	110764
128	48	64	0	110832
128	55	64	0	110845
144	66	66	0	110902
144	60	59	0	110907
144	63	49	0	110927
128	66	64	0	110957
128	60	64	0	110977
128	63	64	0	110989
144	55	75	0	111067
144	48	59	0	111085
128	48	64	0	111145
128	55	64	0	111152
144	66	75	0	111217
144	60	72	0	111220
144	63	74	0	111224
128	66	64	0	111319
128	63	64	0	111322
128	60	64	0	111335
144	48	74	0	111743
144	54	72	0	111746
144	57	55	0	111764
128	54	64	0	111800
128	48	64	0	111814
128	57	64	0	111822
144	66	70	0	111874
144	60	62	0	111879
144	63	55	0	111891
128	66	64	0	111936
128	63	64	0	111948
128	60	64	0	111955
144	54	68	0	112037
144	57	61	0	112041
144	48	55	0	112049
128	54	64	0	112092
128	57	64	0	112101
128	48	64	0	112114
144	66	82	0	112186
144	60	76	0	112189
144	63	75	0	112192
128	63	64	0	112250
128	66	64	0	112257
128	60	64	0	112266
144	48	75	0	112650
144	55	78	0	112659
144	63	80	0	112680
128	48	64	0	112768
128	55	64	0	112770
128	63	64	0	112788
144	60	59	0	112799
128	60	64	0	112936
144	63	64	0	112968
128	63	64	0	113031
144	64	72	0	113105
144	48	64	0	113137
144	55	64	0	113147
128	55	64	0	113221
128	48	64	0	113224
128	64	64	0	113242
144	60	71	0	113262
128	60	64	0	113401
144	64	65	0	113418
128	64	64	0	113559
144	48	76	0	113574
144	63	69	0	113579
144	55	73	0	113588
128	55	64	0	113667
128	48	64	0	113681
128	63	64	0	113708
144	60	67	0	113720
144	63	53	0	113876
128	60	64	0	113886
128	63	64	0	114001
144	64	77	0	114046
144	48	69	0	114054
144	55	64	0	114062
128	48	64	0	114153
128	55	64	0	114157
128	64	64	0	114159
144	63	80	0	114540
144	48	74	0	114541
144	55	77	0	114545
128	63	64	0	114663
128	48	64	0	114666
128	55	64	0	114680
144	60	49	0	114693
144	63	60	0	114851
128	60	64	0	114859
128	63	64	0	115009
144	64	63	0	115037
144	55	59	0	115044
144	48	58	0	115048
128	48	64	0	115118
128	55	64	0	115121
128	64	64	0	115156
144	60	65	0	115190
128	60	64	0	115358
144	64	59	0	115377
144	55	59	0	115519
128	64	64	0	115522
144	63	67	0	115550
144	48	38	0	115553
128	55	64	0	115633
128	48	64	0	115635
128	63	64	0	115662
144	60	60	0	115689
128	60	64	0	115802
144	63	49	0	115841
128	63	64	0	115964
144	48	62	0	115996
144	55	66	0	116000
144	64	62	0	116006
128	64	64	0	116064
128	48	64	0	116073
128	55	64	0	116076
144	66	58	0	116438
144	55	58	0	116442
144	48	58	0	116446
128	66	64	0	116574
144	60	58	0	116587
128	48	64	0	116614
128	55	64	0	116627
144	66	48	0	116735
128	60	64	0	116744
128	66	64	0	116881
144	55	62	0	116911
144	60	64	0	116916
144	48	66	0	116925
128	60	64	0	117059
144	69	59	0	117062
128	48	64	0	117075
128	55	64	0	117078
128	69	64	0	117195
144	60	54	0	117201
144	48	62	0	117396
128	60	64	0	117398
144	55	63	0	117407
144	67	71	0	117449
128	48	64	0	117546
128	55	64	0	117551
144	60	51	0	117554
128	67	64	0	117558
144	66	66	0	117717
128	60	64	0	117740
144	64	75	0	117841
128	66	64	0	117845
144	48	67	0	117933
144	55	39	0	117950
144	63	86	0	117963
128	64	64	0	118004
128	55	64	0	118036
128	48	64	0	118039
128	63	64	0	118053
144	66	79	0	118439
144	48	69	0	118442
144	55	75	0	118445
128	66	64	0	118559
144	60	66	0	118569
128	55	64	0	118585
128	48	64	0	118587
128	60	64	0	118723
144	66	67	0	118737
128	66	64	0	118867
144	60	61	0	118915
144	48	61	0	118923
144	55	62	0	118928
128	48	64	0	119026
128	55	64	0	119038
128	60	64	0	119044
144	66	54	0	119059
128	66	64	0	119148
144	60	57	0	119207
128	60	64	0	119335
144	69	83	0	119367
144	48	69	0	119374
144	55	69	0	119383
128	48	64	0	119492
128	55	64	0	119502
144	67	59	0	119633
128	69	64	0	119647
144	66	67	0	119708
128	67	64	0	119714
144	64	69	0	119745
128	66	64	0	119779
144	63	84	0	119850
128	64	64	0	119865
144	48	69	0	119869
144	55	66	0	119889
128	63	64	0	119989
128	48	64	0	120005
128	55	64	0	120010
144	60	69	0	120319
144	48	71	0	120348
144	55	78	0	120352
144	66	59	0	120443
128	60	64	0	120491
128	48	64	0	120544
128	55	64	0	120549
144	64	59	0	120565
128	66	64	0	120586
144	60	73	0	120699
128	64	64	0	120722
144	48	70	0	120820
144	55	69	0	120833
144	66	83	0	120851
128	60	64	0	120869
144	64	81	0	120903
128	66	64	0	120941
128	55	64	0	120944
128	48	64	0	120947
128	64	64	0	121014
144	66	77	0	121350
144	48	75	0	121367
144	55	79	0	121370
144	64	62	0	121428
128	66	64	0	121466
128	55	64	0	121508
128	48	64	0	121511
144	60	66	0	121513
128	64	64	0	121531
128	60	64	0	121614
144	66	66	0	121626
144	64	58	0	121702
128	66	64	0	121753
128	64	64	0	121761
144	60	75	0	121768
144	48	64	0	121814
144	55	65	0	121832
144	63	86	0	121881
128	60	64	0	121902
144	60	43	0	121986
128	55	64	0	121991
128	48	64	0	121994
128	63	64	0	122008
128	60	64	0	122048
144	60	64	0	122367
144	55	75	0	122382
144	48	70	0	122385
144	63	57	0	122444
128	60	64	0	122455
128	63	64	0	122507
128	55	64	0	122511
144	66	73	0	122527
128	48	64	0	122529
144	60	66	0	122635
128	66	64	0	122637
144	63	61	0	122727
128	60	64	0	122749
128	63	64	0	122796
144	66	70	0	122807
144	48	57	0	122838
144	55	49	0	122844
128	66	64	0	122859
144	60	64	0	122896
128	48	64	0	122921
128	55	64	0	122930
144	63	52	0	122984
128	60	64	0	123000
144	66	71	0	123052
128	63	64	0	123058
128	66	64	0	123130
144	60	75	0	123151
144	63	63	0	123219
144	48	64	0	123247
144	55	62	0	123253
144	66	81	0	123274
128	63	64	0	123277
128	60	64	0	123279
144	69	82	0	123321
128	55	64	0	123341
128	66	64	0	123346
128	48	64	0	123355
144	67	67	0	123606
128	69	64	0	123623
128	67	64	0	123683
144	66	73	0	123687
144	48	73	0	123735
144	55	70	0	123742
128	66	64	0	123755
144	67	72	0	123771
128	55	64	0	123834
144	66	76	0	123846
128	48	64	0	123860
128	67	64	0	123882
128	66	64	0	124232
144	67	69	0	124249
144	48	65	0	124269
144	55	62	0	124272
144	66	81	0	124299
128	67	64	0	124306
128	55	64	0	124359
128	48	64	0	124362
128	66	64	0	124622
144	67	67	0	124642
144	66	70	0	124698
128	67	64	0	124708
144	55	58	0	124713
144	48	58	0	124717
128	55	64	0	124785
128	48	64	0	124788
128	66	64	0	125062
144	67	61	0	125095
144	55	64	0	125135
144	48	57	0	125147
128	48	64	0	125222
128	67	64	0	125231
128	55	64	0	125236
144	66	64	0	125246
128	66	64	0	125553
144	67	65	0	125578
144	55	64	0	125640
144	48	60	0	125645
144	66	55	0	125652
128	67	64	0	125676
128	48	64	0	125715
128	55	64	0	125719
144	55	55	0	126140
128	66	64	0	126147
144	48	53	0	126156
144	67	63	0	126177
128	48	64	0	126241
128	67	64	0	126286
128	55	64	0	126290
144	66	67	0	126314
128	66	64	0	126428
144	67	65	0	126450
144	48	60	0	126571
128	67	64	0	126577
144	55	60	0	126580
144	66	67	0	126600
128	48	64	0	126698
128	55	64	0	126700
128	66	64	0	126732
144	67	61	0	126759
144	66	63	0	126912
128	67	64	0	126921
128	66	64	0	127023
144	64	66	0	127036
144	48	64	0	127047
144	55	64	0	127066
128	48	64	0	127143
128	55	64	0	127146
128	64	64	0	127196
144	66	49	0	127223
128	66	64	0	127293
144	64	36	0	127329
144	48	55	0	127529
144	55	65	0	127537
144	63	76	0	127550
128	64	64	0	127572
128	55	64	0	127602
128	48	64	0	127606
128	63	64	0	127656
144	67	78	0	128012
144	48	76	0	128016
144	55	79	0	128019
144	66	76	0	128145
128	67	64	0	128179
128	48	64	0	128244
128	55	64	0	128260
128	66	64	0	128326
144	67	71	0	128346
144	55	62	0	128491
128	67	64	0	128495
144	48	52	0	128501
144	66	75	0	128503
128	48	64	0	128589
128	55	64	0	128619
128	66	64	0	128621
144	67	61	0	128658
144	66	54	0	128814
128	67	64	0	128860
128	66	64	0	128961
144	55	58	0	128974
144	64	60	0	128988
144	48	58	0	128992
128	48	64	0	129115
128	55	64	0	129119
128	64	64	0	129147
144	66	57	0	129151
128	66	64	0	129284
144	64	45	0	129302
128	64	64	0	129480
144	63	74	0	129482
128	63	64	0	129622
144	48	64	0	129954
144	54	68	0	129958
144	67	69	0	129962
144	57	66	0	129965
144	66	75	0	130094
128	67	64	0	130106
128	48	64	0	130139
128	57	64	0	130154
128	54	64	0	130158
128	66	64	0	130245
144	67	61	0	130285
128	67	64	0	130427
144	66	69	0	130430
144	48	55	0	130434
144	57	53	0	130438
144	54	59	0	130442
128	66	64	0	130564
128	48	64	0	130594
128	54	64	0	130607
128	57	64	0	130613
144	67	52	0	130629
144	66	67	0	130743
128	67	64	0	130774
128	66	64	0	130903
144	57	49	0	130936
144	64	66	0	130943
144	54	55	0	130945
144	48	43	0	130950
128	48	64	0	131050
128	54	64	0	131092
128	64	64	0	131096
128	57	64	0	131097
144	66	51	0	131116
128	66	64	0	131204
144	64	43	0	131237
128	64	64	0	131401
144	54	55	0	131406
144	63	67	0	131412
144	57	36	0	131417
144	48	38	0	131435
128	63	64	0	131464
128	54	64	0	131510
128	48	64	0	131513
128	57	64	0	131517
144	67	57	0	131893
144	55	71	0	131897
144	48	58	0	131902
128	48	64	0	132020
128	55	64	0	132023
144	66	55	0	132055
128	67	64	0	132066
128	66	64	0	132154
144	64	50	0	132199
128	64	64	0	132352
144	48	69	0	132370
144	54	76	0	132385
144	63	68	0	132388
128	63	64	0	132475
128	48	64	0	132502
128	54	64	0	132506
144	48	69	0	132848
144	67	67	0	132863
144	55	47	0	132894
144	53	40	0	132921
128	53	64	0	132981
128	55	64	0	133005
128	48	64	0	133047
144	66	59	0	133053
128	67	64	0	133063
128	66	64	0	133134
144	64	55	0	133171
128	64	64	0	133325
144	48	59	0	133344
144	54	79	0	133348
144	63	70	0	133350
128	48	64	0	133429
128	63	64	0	133439
128	54	64	0	133450
144	48	69	0	133790
144	67	69	0	133796
144	55	75	0	133806
128	48	64	0	133927
128	67	64	0	133936
128	55	64	0	133940
144	66	61	0	133967
128	66	64	0	134121
144	64	69	0	134144
128	64	64	0	134286
144	48	61	0	134293
144	55	55	0	134304
144	67	67	0	134335
128	48	64	0	134374
128	55	64	0	134377
144	66	62	0	134478
128	67	64	0	134485
128	66	64	0	134544
144	64	58	0	134605
144	48	57	0	134776
144	55	62	0	134779
144	63	63	0	134824
128	64	64	0	134836
128	55	64	0	134874
128	48	64	0	134889
128	63	64	0	134996
144	64	59	0	135013
144	63	53	0	135134
128	64	64	0	135157
128	63	64	0	135266
144	61	63	0	135277
144	48	66	0	135297
144	55	61	0	135321
144	60	75	0	135348
128	61	64	0	135350
128	48	64	0	135442
128	55	64	0	135456
128	60	64	0	135490
144	55	66	0	135840
144	60	60	0	135843
144	48	49	0	135856
128	48	64	0	135933
128	55	64	0	135939
144	63	64	0	135955
128	60	64	0	135958
128	63	64	0	136018
144	60	52	0	136056
128	60	64	0	136195
144	55	56	0	136212
144	48	46	0	136227
144	63	60	0	136229
128	63	64	0	136286
128	48	64	0	136305
144	60	52	0	136311
128	55	64	0	136322
128	60	64	0	136437
144	63	58	0	136473
128	63	64	0	136574
144	60	63	0	136637
144	55	62	0	136678
144	48	58	0	136685
128	55	64	0	136760
128	48	64	0	136765
128	60	64	0	136796
144	63	57	0	136838
128	63	64	0	136911
144	60	62	0	136969
144	55	78	0	137166
144	48	71	0	137170
144	63	79	0	137172
128	60	64	0	137187
128	63	64	0	137243
128	48	64	0	137257
128	55	64	0	137266
