144	47	53	0	2084
144	54	51	0	2094
128	54	64	0	2159
128	47	64	0	2164
144	54	54	0	2561
144	47	47	0	2575
128	47	64	0	2649
128	54	64	0	2654
144	54	54	0	3087
144	47	47	0	3098
128	54	64	0	3166
128	47	64	0	3176
144	54	58	0	3517
144	47	38	0	3543
128	54	64	0	3599
128	47	64	0	3609
144	47	42	0	4005
144	54	47	0	4011
128	47	64	0	4088
128	54	64	0	4092
144	59	58	0	4487
144	47	44	0	4501
144	54	50	0	4508
128	54	64	0	4597
128	47	64	0	4615
128	59	64	0	4666
144	66	46	0	4713
128	66	64	0	4779
144	47	40	0	5003
144	54	47	0	5007
128	54	64	0	5076
128	47	64	0	5091
144	47	48	0	5477
144	54	51	0	5491
128	54	64	0	5564
128	47	64	0	5565
144	47	53	0	5944
144	54	56	0	5957
128	54	64	0	6044
128	47	64	0	6049
144	54	52	0	6484
144	47	41	0	6489
128	54	64	0	6570
128	47	64	0	6583
144	47	55	0	6921
144	54	58	0	6927
128	54	64	0	7047
128	47	64	0	7054
144	47	55	0	7359
144	54	58	0	7371
128	54	64	0	7438
128	47	64	0	7459
144	47	70	0	7864
144	59	62	0	7873
144	54	63	0	7985
128	47	64	0	8013
128	59	64	0	8027
144	66	63	0	8030
128	54	64	0	8052
128	66	64	0	8088
144	59	49	0	8157
128	59	64	0	8283
144	66	63	0	8313
144	47	57	0	8341
144	54	56	0	8363
128	66	64	0	8395
128	47	64	0	8425
128	54	64	0	8427
144	59	56	0	8467
128	59	64	0	8586
144	66	46	0	8633
128	66	64	0	8718
144	47	57	0	8773
144	54	59	0	8785
144	59	62	0	8793
128	54	64	0	8859
128	47	64	0	8887
128	59	64	0	8892
144	66	59	0	8943
128	66	64	0	9001
144	59	55	0	9068
128	59	64	0	9231
144	47	48	0	9243
144	60	53	0	9248
144	54	54	0	9251
128	54	64	0	9311
128	47	64	0	9327
128	60	64	0	9330
144	59	72	0	9780
144	47	59	0	9791
144	54	65	0	9794
128	59	64	0	9913
128	54	64	0	9949
144	66	58	0	9957
128	47	64	0	9959
128	66	64	0	10024
144	59	60	0	10084
144	54	66	0	10234
144	47	58	0	10238
144	63	70	0	10242
128	59	64	0	10250
128	54	64	0	10372
128	47	64	0	10377
128	63	64	0	10386
144	59	72	0	10743
144	47	61	0	10757
144	54	64	0	10761
128	59	64	0	10906
128	47	64	0	10915
128	54	64	0	10917
144	66	60	0	10921
128	66	64	0	11011
144	59	58	0	11043
144	54	64	0	11202
144	47	59	0	11206
128	59	64	0	11209
144	63	71	0	11212
128	63	64	0	11313
128	47	64	0	11318
128	54	64	0	11322
144	59	73	0	11663
144	54	64	0	11693
144	47	47	0	11699
144	66	61	0	11839
128	59	64	0	11842
128	54	64	0	11854
128	47	64	0	11892
128	66	64	0	11958
144	59	65	0	11998
128	59	64	0	12147
144	63	67	0	12153
144	47	59	0	12160
144	54	59	0	12163
128	54	64	0	12249
128	47	64	0	12253
128	63	64	0	12265
144	59	63	0	12636
144	47	51	0	12649
144	54	63	0	12677
128	54	64	0	12806
144	66	59	0	12809
128	59	64	0	12817
128	47	64	0	12819
128	66	64	0	12906
144	59	62	0	12959
144	47	61	0	13106
144	54	63	0	13115
144	63	61	0	13138
128	59	64	0	13162
128	54	64	0	13202
128	63	64	0	13236
128	47	64	0	13238
144	47	62	0	13612
144	66	65	0	13615
144	54	67	0	13625
128	54	64	0	13783
128	66	64	0	13790
128	47	64	0	13799
144	63	62	0	13806
128	63	64	0	13896
144	60	58	0	13951
128	60	64	0	14070
144	66	61	0	14089
144	47	60	0	14099
144	54	61	0	14111
128	54	64	0	14174
128	47	64	0	14196
128	66	64	0	14246
144	63	55	0	14270
128	63	64	0	14352
144	60	60	0	14402
144	54	62	0	14558
144	47	56	0	14562
128	60	64	0	14576
144	66	62	0	14583
128	54	64	0	14631
128	47	64	0	14648
144	63	50	0	14704
128	66	64	0	14716
128	63	64	0	14824
144	60	58	0	14874
144	47	57	0	15023
144	54	64	0	15031
144	59	71	0	15052
128	60	64	0	15067
128	54	64	0	15136
128	47	64	0	15141
128	59	64	0	15169
144	47	63	0	15587
144	54	70	0	15590
144	66	67	0	15593
128	54	64	0	15709
128	47	64	0	15725
128	66	64	0	15734
144	63	65	0	15737
128	63	64	0	15852
144	60	58	0	15889
128	60	64	0	15989
144	66	58	0	16044
144	47	59	0	16047
144	54	63	0	16063
128	54	64	0	16123
128	47	64	0	16144
128	66	64	0	16147
144	63	57	0	16203
128	63	64	0	16288
144	60	47	0	16353
128	60	64	0	16473
144	66	59	0	16503
144	47	61	0	16517
144	54	66	0	16520
128	54	64	0	16590
128	47	64	0	16612
144	63	58	0	16643
128	66	64	0	16645
128	63	64	0	16760
144	60	47	0	16795
144	59	66	0	16982
128	60	64	0	16985
144	47	64	0	17006
144	54	70	0	17018
128	54	64	0	17153
128	59	64	0	17156
128	47	64	0	17167
144	63	70	0	17519
144	47	69	0	17532
144	54	74	0	17540
128	63	64	0	17658
144	60	62	0	17666
128	54	64	0	17728
128	47	64	0	17748
128	60	64	0	17827
144	63	60	0	17846
128	63	64	0	17938
144	59	72	0	17988
144	47	64	0	17992
144	54	69	0	18002
128	54	64	0	18133
128	47	64	0	18154
128	59	64	0	18170
144	63	70	0	18472
144	47	72	0	18475
144	54	76	0	18493
128	63	64	0	18622
144	60	74	0	18631
128	54	64	0	18680
128	47	64	0	18684
128	60	64	0	18716
144	63	59	0	18788
128	63	64	0	18851
144	59	72	0	18925
144	47	64	0	18952
144	54	70	0	18957
128	54	64	0	19093
128	59	64	0	19108
128	47	64	0	19113
144	63	68	0	19416
144	47	65	0	19424
144	54	70	0	19434
128	63	64	0	19559
144	60	42	0	19585
128	54	64	0	19612
128	47	64	0	19630
128	60	64	0	19708
144	63	55	0	19738
128	63	64	0	19843
144	59	55	0	19882
144	47	57	0	19903
144	54	59	0	19916
128	59	64	0	20044
128	54	64	0	20053
144	63	60	0	20059
128	47	64	0	20069
128	63	64	0	20140
144	59	49	0	20211
128	59	64	0	20308
144	63	59	0	20364
144	47	62	0	20367
144	54	66	0	20381
128	63	64	0	20445
144	59	48	0	20498
128	47	64	0	20516
128	54	64	0	20519
128	59	64	0	20618
144	63	42	0	20694
128	63	64	0	20779
144	47	63	0	20822
144	59	69	0	20825
144	54	70	0	20831
128	54	64	0	20960
128	47	64	0	20963
128	59	64	0	20970
144	47	64	0	21322
144	54	68	0	21330
144	66	64	0	21333
128	66	64	0	21445
144	59	64	0	21452
128	47	64	0	21543
128	54	64	0	21557
128	59	64	0	21623
144	66	62	0	21628
128	66	64	0	21752
144	47	58	0	21773
144	54	66	0	21782
144	59	64	0	21786
128	59	64	0	21942
144	66	54	0	21958
128	54	64	0	21970
128	47	64	0	21980
128	66	64	0	22048
144	59	69	0	22103
144	47	68	0	22238
144	54	74	0	22245
128	59	64	0	22270
144	66	79	0	22292
128	66	64	0	22407
144	59	77	0	22434
128	47	64	0	22464
128	54	64	0	22494
144	66	76	0	22577
128	59	64	0	22622
144	47	72	0	22734
144	60	94	0	22744
144	54	79	0	22749
128	66	64	0	22763
128	54	64	0	22939
128	47	64	0	22951
128	60	64	0	22984
144	47	74	0	23240
144	54	79	0	23244
144	59	82	0	23254
144	66	75	0	23395
128	59	64	0	23418
128	47	64	0	23454
128	54	64	0	23462
128	66	64	0	23520
144	59	60	0	23538
144	47	69	0	23723
144	54	70	0	23735
144	66	76	0	23744
128	59	64	0	23747
128	66	64	0	23863
144	59	66	0	23881
128	47	64	0	23962
128	54	64	0	23986
144	66	71	0	24037
128	59	64	0	24041
128	66	64	0	24180
144	59	75	0	24211
144	47	76	0	24231
144	54	79	0	24235
128	59	64	0	24353
144	66	73	0	24369
128	54	64	0	24469
144	59	58	0	24473
128	47	64	0	24484
128	66	64	0	24500
144	60	92	0	24667
144	47	75	0	24695
144	54	84	0	24706
128	59	64	0	24726
128	47	64	0	24863
128	54	64	0	24867
128	60	64	0	24869
144	47	83	0	25205
144	59	87	0	25215
144	54	85	0	25220
144	66	79	0	25348
128	59	64	0	25397
128	47	64	0	25495
144	59	59	0	25512
128	66	64	0	25514
128	54	64	0	25534
128	59	64	0	25702
144	66	50	0	25714
144	47	59	0	25739
144	54	54	0	25763
128	54	64	0	25837
128	47	64	0	25877
128	66	64	0	25889
144	59	74	0	26195
144	47	64	0	26203
144	54	63	0	26218
144	66	63	0	26349
128	59	64	0	26367
128	47	64	0	26405
128	54	64	0	26407
144	59	55	0	26465
128	66	64	0	26478
144	63	78	0	26636
144	47	71	0	26639
144	54	76	0	26643
128	59	64	0	26647
128	47	64	0	26866
128	54	64	0	26873
128	63	64	0	26907
144	59	67	0	27168
144	47	78	0	27173
144	54	80	0	27185
144	66	69	0	27304
128	59	64	0	27335
128	54	64	0	27418
128	47	64	0	27429
128	66	64	0	27442
144	59	69	0	27473
144	47	73	0	27654
144	54	68	0	27664
128	59	64	0	27697
144	66	67	0	27728
128	54	64	0	27774
128	47	64	0	27777
128	66	64	0	27817
144	59	70	0	27861
128	59	64	0	28004
144	63	78	0	28145
144	47	81	0	28148
144	54	80	0	28151
144	59	68	0	28270
128	63	64	0	28273
128	54	64	0	28279
128	47	64	0	28293
128	59	64	0	28385
144	66	71	0	28418
128	66	64	0	28485
144	59	68	0	28579
144	47	69	0	28595
144	54	68	0	28617
128	54	64	0	28683
128	47	64	0	28711
128	59	64	0	28731
144	63	61	0	28770
128	63	64	0	28828
144	47	72	0	29080
144	54	80	0	29087
144	66	79	0	29090
128	66	64	0	29203
128	47	64	0	29217
128	54	64	0	29219
144	59	66	0	29223
128	59	64	0	29345
144	66	66	0	29389
128	66	64	0	29473
144	59	71	0	29553
144	47	67	0	29557
144	54	65	0	29571
128	54	64	0	29629
128	47	64	0	29642
128	59	64	0	29693
144	66	60	0	29712
128	66	64	0	29767
144	59	50	0	29872
128	59	64	0	29948
144	66	65	0	30006
144	47	69	0	30010
144	54	65	0	30029
128	66	64	0	30072
128	54	64	0	30114
128	47	64	0	30120
144	59	60	0	30151
128	59	64	0	30291
144	66	50	0	30310
144	47	68	0	30462
144	54	68	0	30471
144	69	72	0	30481
128	66	64	0	30492
128	54	64	0	30571
128	47	64	0	30581
128	69	64	0	30609
144	47	76	0	30989
144	69	79	0	30991
144	54	72	0	31014
128	47	64	0	31135
128	54	64	0	31152
128	69	64	0	31165
144	69	82	0	31309
128	69	64	0	31468
144	47	70	0	31489
144	54	74	0	31498
128	54	64	0	31585
128	47	64	0	31588
144	69	81	0	31623
128	69	64	0	31775
144	66	79	0	31931
144	47	69	0	31934
144	54	74	0	31943
128	54	64	0	32074
128	47	64	0	32078
128	66	64	0	32098
144	66	77	0	32257
144	63	85	0	32385
144	47	69	0	32404
144	54	76	0	32411
128	66	64	0	32420
128	54	64	0	32528
128	47	64	0	32532
128	63	64	0	32572
144	47	68	0	32916
144	69	63	0	32921
144	54	68	0	32953
144	66	65	0	33063
128	69	64	0	33065
128	47	64	0	33071
128	54	64	0	33095
128	66	64	0	33192
144	69	59	0	33237
128	69	64	0	33399
144	63	79	0	33401
144	47	69	0	33412
144	54	69	0	33438
128	54	64	0	33500
128	63	64	0	33525
128	47	64	0	33538
144	47	65	0	33887
144	66	66	0	33892
144	54	73	0	33900
128	66	64	0	33983
128	54	64	0	34021
128	47	64	0	34032
144	63	55	0	34052
128	63	64	0	34116
144	66	64	0	34166
128	66	64	0	34266
144	60	64	0	34316
144	47	55	0	34361
144	54	68	0	34371
128	54	64	0	34465
128	60	64	0	34468
128	47	64	0	34485
144	63	63	0	34827
144	47	63	0	34843
144	54	71	0	34848
128	63	64	0	34979
144	60	64	0	34985
128	54	64	0	34994
128	47	64	0	35002
128	60	64	0	35063
144	63	52	0	35131
128	63	64	0	35217
144	60	60	0	35292
144	47	62	0	35315
144	54	65	0	35327
128	54	64	0	35407
128	60	64	0	35426
128	47	64	0	35436
144	63	58	0	35465
128	63	64	0	35552
144	60	58	0	35606
128	60	64	0	35716
144	63	61	0	35778
144	47	59	0	35787
144	54	63	0	35803
128	47	64	0	35907
128	63	64	0	35917
128	54	64	0	35926
144	60	61	0	35939
128	60	64	0	36063
144	63	62	0	36102
128	63	64	0	36198
144	60	73	0	36231
144	47	56	0	36255
144	54	62	0	36260
128	54	64	0	36327
128	47	64	0	36330
128	60	64	0	36342
144	47	62	0	36752
144	54	66	0	36756
144	63	70	0	36770
128	63	64	0	36901
144	60	55	0	36911
128	54	64	0	36917
128	47	64	0	36923
128	60	64	0	37065
144	63	42	0	37072
144	60	69	0	37211
128	63	64	0	37214
144	47	66	0	37217
144	54	72	0	37224
128	54	64	0	37305
128	47	64	0	37309
128	60	64	0	37356
144	63	67	0	37736
144	47	64	0	37739
144	54	72	0	37744
128	54	64	0	37843
144	60	64	0	37846
128	47	64	0	37858
128	63	64	0	37868
128	60	64	0	38005
144	63	52	0	38021
144	60	72	0	38164
128	63	64	0	38166
144	47	59	0	38177
144	54	72	0	38181
128	47	64	0	38263
128	54	64	0	38272
128	60	64	0	38305
144	63	71	0	38670
144	47	75	0	38673
144	54	80	0	38680
144	60	68	0	38768
128	63	64	0	38806
128	47	64	0	38846
128	54	64	0	38857
128	60	64	0	38948
144	63	60	0	38987
128	63	64	0	39090
144	60	66	0	39117
144	47	67	0	39154
144	54	73	0	39159
128	47	64	0	39261
128	54	64	0	39263
128	60	64	0	39270
144	54	76	0	39656
144	47	67	0	39660
144	63	72	0	39663
128	47	64	0	39743
128	54	64	0	39770
128	63	64	0	39855
144	47	75	0	40144
144	59	78	0	40154
144	54	77	0	40157
128	54	64	0	40273
128	47	64	0	40278
128	59	64	0	40318
144	63	79	0	40630
144	47	77	0	40633
144	54	85	0	40640
144	60	71	0	40761
128	63	64	0	40781
128	54	64	0	40800
128	47	64	0	40803
128	60	64	0	40898
144	63	64	0	40926
128	63	64	0	41051
144	60	69	0	41062
144	47	67	0	41098
144	54	73	0	41102
128	47	64	0	41204
128	60	64	0	41206
128	54	64	0	41212
144	63	65	0	41224
128	63	64	0	41367
144	60	59	0	41398
128	60	64	0	41528
144	63	71	0	41548
144	47	70	0	41563
144	54	77	0	41571
128	63	64	0	41667
144	60	64	0	41690
128	54	64	0	41698
128	47	64	0	41701
128	60	64	0	41831
144	63	49	0	41893
128	63	64	0	42027
144	59	70	0	42047
144	47	68	0	42052
144	54	75	0	42056
128	54	64	0	42165
128	47	64	0	42188
128	59	64	0	42197
144	63	82	0	42556
144	47	80	0	42558
144	54	83	0	42571
144	60	72	0	42670
128	63	64	0	42699
128	47	64	0	42777
128	54	64	0	42799
144	63	68	0	42865
128	60	64	0	42869
144	59	88	0	42996
144	47	74	0	42997
144	54	81	0	43000
128	63	64	0	43008
128	54	64	0	43119
128	47	64	0	43124
128	59	64	0	43127
144	63	81	0	43507
144	47	78	0	43510
144	54	83	0	43521
128	47	64	0	43668
128	54	64	0	43672
128	63	64	0	43720
144	60	72	0	43726
128	60	64	0	43812
144	63	53	0	43837
128	63	64	0	43963
144	47	74	0	43976
144	59	76	0	43983
144	54	68	0	43994
128	54	64	0	44049
128	47	64	0	44085
144	63	64	0	44141
128	59	64	0	44144
128	63	64	0	44291
144	63	75	0	44469
144	47	72	0	44477
144	54	78	0	44481
144	60	69	0	44640
128	63	64	0	44652
128	54	64	0	44656
128	47	64	0	44666
144	63	51	0	44779
128	60	64	0	44786
128	63	64	0	44892
144	59	77	0	44932
144	47	68	0	44940
144	54	73	0	44950
144	63	66	0	45077
128	54	64	0	45082
128	59	64	0	45087
128	47	64	0	45093
128	63	64	0	45197
144	60	49	0	45271
128	60	64	0	45358
144	63	70	0	45380
144	47	69	0	45399
144	54	74	0	45410
128	63	64	0	45509
144	59	68	0	45513
128	47	64	0	45542
128	54	64	0	45546
128	59	64	0	45641
144	63	58	0	45679
128	63	64	0	45774
144	47	72	0	45870
144	54	79	0	45877
144	59	77	0	45893
128	54	64	0	45998
128	47	64	0	46003
128	59	64	0	46058
144	47	63	0	46372
144	66	72	0	46386
144	54	72	0	46390
128	66	64	0	46524
144	59	62	0	46534
144	66	69	0	46701
128	59	64	0	46721
128	47	64	0	46746
128	54	64	0	46765
128	66	64	0	46827
144	59	60	0	46830
144	66	68	0	47000
128	59	64	0	47002
128	66	64	0	47133
144	59	65	0	47149
144	47	66	0	47322
144	54	69	0	47325
144	69	77	0	47351
128	59	64	0	47385
144	59	53	0	47494
128	69	64	0	47520
128	59	64	0	47668
144	66	66	0	47672
144	63	79	0	47832
128	66	64	0	47863
128	47	64	0	47884
128	54	64	0	47887
128	63	64	0	47986
144	47	78	0	48337
144	66	82	0	48349
144	54	81	0	48353
144	63	72	0	48504
128	66	64	0	48506
128	63	64	0	48583
144	66	61	0	48628
128	66	64	0	48759
144	60	75	0	48779
128	47	64	0	48905
144	66	57	0	48916
128	60	64	0	48920
128	54	64	0	48941
128	66	64	0	49061
144	60	69	0	49085
128	60	64	0	49247
144	63	74	0	49252
144	47	69	0	49256
144	54	76	0	49268
128	63	64	0	49395
144	60	72	0	49406
128	60	64	0	49535
144	63	70	0	49571
128	63	64	0	49711
144	59	79	0	49714
128	47	64	0	49830
128	54	64	0	49833
128	59	64	0	49871
144	47	78	0	50243
144	54	83	0	50247
144	66	30	0	50283
144	65	29	0	50299
128	66	64	0	50360
128	65	64	0	50371
144	63	71	0	50440
128	63	64	0	50579
144	66	71	0	50603
144	63	67	0	50741
128	66	64	0	50743
128	63	64	0	50875
144	66	55	0	50899
128	47	64	0	51014
144	63	59	0	51040
128	66	64	0	51043
128	54	64	0	51054
128	63	64	0	51166
144	60	78	0	51182
144	47	69	0	51208
144	54	76	0	51211
144	64	68	0	51374
128	60	64	0	51409
144	63	68	0	51509
128	64	64	0	51541
128	47	64	0	51646
128	63	64	0	51672
144	60	69	0	51683
128	54	64	0	51714
144	59	70	0	51853
128	60	64	0	51867
128	59	64	0	52008
144	60	77	0	52022
144	59	75	0	52173
128	60	64	0	52193
144	54	78	0	52197
144	47	69	0	52200
144	60	78	0	52350
128	59	64	0	52354
144	59	69	0	52504
128	60	64	0	52515
144	63	68	0	52647
128	59	64	0	52657
128	47	64	0	52766
128	63	64	0	52778
128	54	64	0	52789
144	60	67	0	52794
128	60	64	0	52938
144	63	72	0	52950
144	47	66	0	53092
144	54	77	0	53096
128	63	64	0	53101
144	60	85	0	53113
144	63	68	0	53263
128	60	64	0	53291
144	64	56	0	53411
128	63	64	0	53440
128	54	64	0	53513
128	47	64	0	53523
144	66	76	0	53557
128	64	64	0	53596
128	66	64	0	53772
144	47	75	0	54065
144	64	86	0	54079
144	54	78	0	54086
144	63	72	0	54225
128	64	64	0	54276
128	63	64	0	54354
144	60	69	0	54358
144	59	89	0	54526
128	60	64	0	54545
128	47	64	0	54613
128	54	64	0	54618
128	59	64	0	54655
144	64	74	0	54991
144	47	72	0	55009
144	54	77	0	55013
144	63	70	0	55139
128	64	64	0	55156
144	60	57	0	55291
128	63	64	0	55295
144	59	80	0	55503
128	47	64	0	55513
128	60	64	0	55518
128	54	64	0	55528
128	59	64	0	55664
144	47	75	0	55999
144	54	79	0	56015
144	64	70	0	56018
144	63	67	0	56159
128	64	64	0	56162
128	63	64	0	56326
144	60	68	0	56340
128	47	64	0	56390
128	54	64	0	56401
128	60	64	0	56471
144	64	63	0	56486
128	64	64	0	56567
144	63	68	0	56613
128	63	64	0	56774
144	60	66	0	56793
128	60	64	0	56935
144	47	72	0	56965
144	64	74	0	56967
144	54	75	0	56971
144	63	71	0	57094
128	64	64	0	57102
128	63	64	0	57293
144	60	60	0	57299
144	59	84	0	57485
128	60	64	0	57531
128	47	64	0	57535
128	54	64	0	57548
128	59	64	0	57685
144	47	69	0	57915
144	64	62	0	57917
144	54	70	0	57923
144	63	64	0	58049
128	64	64	0	58056
128	47	64	0	58070
128	54	64	0	58079
128	63	64	0	58229
144	60	55	0	58255
128	60	64	0	58410
144	59	64	0	58438
144	47	71	0	58442
144	54	70	0	58445
128	54	64	0	58504
128	47	64	0	58534
128	59	64	0	58541
144	47	72	0	58905
144	64	56	0	58908
144	54	70	0	58920
128	54	64	0	58999
128	64	64	0	59014
128	47	64	0	59028
144	63	59	0	59038
128	63	64	0	59162
144	60	55	0	59219
144	59	73	0	59345
144	48	69	0	59365
128	60	64	0	59368
144	54	67	0	59372
128	59	64	0	59481
128	54	64	0	59484
128	48	64	0	59490
144	47	75	0	59815
144	64	55	0	59824
144	54	66	0	59856
128	54	64	0	59970
128	47	64	0	59982
128	64	64	0	59984
144	63	58	0	59997
128	63	64	0	60070
144	60	51	0	60096
128	60	64	0	60183
144	63	60	0	60251
144	47	69	0	60271
144	54	67	0	60295
128	54	64	0	60375
128	63	64	0	60379
128	47	64	0	60409
144	60	50	0	60412
128	60	64	0	60509
144	63	49	0	60568
128	63	64	0	60656
144	60	56	0	60704
144	47	66	0	60736
144	54	72	0	60751
128	60	64	0	60857
144	63	63	0	60884
128	47	64	0	60886
128	54	64	0	60889
128	63	64	0	61016
144	60	58	0	61042
144	47	64	0	61198
144	54	70	0	61202
144	66	69	0	61206
128	60	64	0	61208
128	54	64	0	61331
128	47	64	0	61343
128	66	64	0	61368
144	69	67	0	61797
144	47	69	0	61799
144	54	78	0	61809
144	66	55	0	61951
128	54	64	0	61963
128	47	64	0	61969
128	69	64	0	62025
128	66	64	0	62103
144	60	53	0	62132
128	60	64	0	62272
144	69	68	0	62275
144	47	66	0	62286
144	54	61	0	62322
128	54	64	0	62383
128	47	64	0	62403
128	69	64	0	62405
144	66	49	0	62437
128	66	64	0	62567
144	60	53	0	62588
128	60	64	0	62727
144	69	50	0	62739
144	47	58	0	62756
144	54	63	0	62771
128	54	64	0	62837
128	47	64	0	62839
128	69	64	0	62866
144	66	52	0	62898
144	60	49	0	63037
128	66	64	0	63046
128	60	64	0	63182
144	69	50	0	63205
144	47	54	0	63224
144	54	60	0	63230
128	54	64	0	63297
128	47	64	0	63304
144	66	49	0	63376
128	69	64	0	63379
144	60	51	0	63515
128	66	64	0	63538
144	47	64	0	63701
144	54	67	0	63704
128	60	64	0	63721
144	71	52	0	63734
144	69	50	0	63760
128	69	64	0	63836
128	47	64	0	63861
128	54	64	0	63868
128	71	64	0	63873
144	71	68	0	64170
144	47	61	0	64196
144	54	66	0	64200
128	47	64	0	64286
144	72	57	0	64302
128	54	64	0	64306
128	71	64	0	64320
128	72	64	0	64389
144	75	58	0	64470
144	54	66	0	64650
144	47	49	0	64688
128	75	64	0	64694
144	76	76	0	64706
128	47	64	0	64771
128	54	64	0	64784
128	76	64	0	64832
144	47	58	0	65162
144	76	73	0	65166
144	54	68	0	65172
128	54	64	0	65267
128	47	64	0	65271
144	75	58	0	65296
128	76	64	0	65305
128	75	64	0	65469
144	72	62	0	65493
144	47	58	0	65632
144	54	67	0	65642
128	72	64	0	65651
144	71	69	0	65665
128	47	64	0	65752
128	54	64	0	65786
128	71	64	0	65809
144	72	63	0	65824
128	72	64	0	65895
144	71	52	0	65923
128	71	64	0	66068
144	69	68	0	66079
144	47	61	0	66098
144	54	68	0	66108
128	69	64	0	66205
144	71	65	0	66223
128	47	64	0	66246
128	54	64	0	66249
128	71	64	0	66360
144	69	55	0	66379
128	69	64	0	66532
144	67	61	0	66565
144	47	60	0	66568
144	54	66	0	66572
128	67	64	0	66709
128	54	64	0	66716
128	47	64	0	66719
144	69	59	0	66723
128	69	64	0	66844
144	67	51	0	66869
128	67	64	0	67045
144	66	79	0	67049
144	47	69	0	67054
144	54	77	0	67062
128	47	64	0	67215
128	54	64	0	67225
128	66	64	0	67242
144	54	79	0	67569
144	47	75	0	67573
144	66	91	0	67576
128	47	64	0	67829
128	54	64	0	67843
128	66	64	0	68022
144	69	77	0	68025
144	54	76	0	68062
144	47	69	0	68066
128	47	64	0	68226
128	54	64	0	68228
144	66	73	0	68469
128	69	64	0	68493
144	54	75	0	68564
144	47	71	0	68567
144	64	90	0	68576
128	66	64	0	68592
128	54	64	0	68783
128	47	64	0	68798
144	47	77	0	69071
144	66	83	0	69078
144	54	81	0	69083
128	64	64	0	69112
128	54	64	0	69204
128	47	64	0	69233
144	64	69	0	69484
128	66	64	0	69487
144	63	85	0	69578
144	47	77	0	69581
144	54	78	0	69584
128	64	64	0	69614
128	54	64	0	69794
128	47	64	0	69820
144	47	72	0	70083
144	54	75	0	70092
144	59	75	0	70102
128	63	64	0	70123
128	54	64	0	70274
128	47	64	0	70297
144	47	69	0	70606
144	71	77	0	70610
144	54	70	0	70613
128	59	64	0	70638
128	54	64	0	70852
128	47	64	0	70857
144	54	66	0	71117
144	47	59	0	71123
128	54	64	0	71290
128	47	64	0	71305
144	66	80	0	71586
144	47	72	0	71608
144	54	75	0	71612
128	71	64	0	71633
128	54	64	0	71842
128	47	64	0	71845
144	54	72	0	72101
144	47	69	0	72104
128	54	64	0	72215
128	47	64	0	72226
144	69	68	0	72286
128	66	64	0	72292
144	66	64	0	72384
128	69	64	0	72391
144	47	65	0	72544
144	54	67	0	72548
128	66	64	0	72552
144	69	71	0	72577
128	54	64	0	72621
128	47	64	0	72638
144	66	61	0	72698
128	69	64	0	72713
144	69	50	0	72820
128	66	64	0	72825
128	69	64	0	72987
144	54	72	0	72993
144	47	66	0	72996
144	67	80	0	72999
128	47	64	0	73081
128	54	64	0	73098
128	67	64	0	73148
144	66	82	0	73471
144	47	68	0	73475
144	54	72	0	73479
128	47	64	0	73755
128	54	64	0	73766
128	66	64	0	73999
144	54	66	0	74003
144	47	59	0	74006
128	47	64	0	74151
128	54	64	0	74153
144	66	78	0	74164
144	64	75	0	74390
128	66	64	0	74404
144	54	63	0	74437
144	47	64	0	74440
128	54	64	0	74645
128	47	64	0	74653
144	63	66	0	74899
144	47	67	0	74914
144	54	74	0	74917
128	64	64	0	74923
128	47	64	0	75022
128	54	64	0	75034
128	63	64	0	75043
144	47	57	0	75428
144	54	61	0	75432
144	60	47	0	75459
128	54	64	0	75612
128	47	64	0	75626
128	60	64	0	75754
144	63	27	0	75825
128	63	64	0	75894
144	59	56	0	75910
144	47	55	0	75929
144	54	64	0	75932
128	54	64	0	76027
128	47	64	0	76030
128	59	64	0	76247
144	63	56	0	76286
128	63	64	0	76390
144	60	61	0	76412
144	47	55	0	76415
144	54	57	0	76418
128	54	64	0	76628
128	47	64	0	76646
128	60	64	0	76836
144	54	61	0	76869
144	47	47	0	76877
128	54	64	0	77034
128	47	64	0	77052
144	47	63	0	77308
144	54	67	0	77311
144	66	67	0	77325
128	66	64	0	77454
144	63	61	0	77465
128	47	64	0	77468
128	54	64	0	77492
128	63	64	0	77543
144	66	50	0	77599
128	66	64	0	77699
144	47	58	0	77710
144	54	64	0	77713
144	63	70	0	77717
128	54	64	0	77800
128	47	64	0	77807
128	63	64	0	77811
144	66	58	0	77884
128	66	64	0	77953
144	63	58	0	78003
128	63	64	0	78083
144	66	63	0	78139
144	47	59	0	78155
144	54	64	0	78162
128	66	64	0	78280
144	63	62	0	78294
128	47	64	0	78321
128	54	64	0	78324
128	63	64	0	78429
144	66	58	0	78465
128	66	64	0	78535
144	59	66	0	78599
144	47	62	0	78620
144	54	67	0	78624
128	54	64	0	78770
128	47	64	0	78780
128	59	64	0	78809
144	66	63	0	79115
144	54	71	0	79118
144	47	63	0	79121
128	47	64	0	79463
128	54	64	0	79480
144	63	70	0	79614
144	54	66	0	79624
144	47	59	0	79640
128	66	64	0	79647
128	54	64	0	79842
128	47	64	0	79848
128	63	64	0	79969
144	66	58	0	79989
144	54	74	0	80129
144	47	64	0	80137
128	54	64	0	80312
128	47	64	0	80336
144	71	68	0	80547
128	66	64	0	80551
144	47	60	0	80562
144	54	62	0	80575
128	47	64	0	80695
128	54	64	0	80705
128	71	64	0	80735
144	71	63	0	81032
144	54	59	0	81052
144	47	53	0	81062
128	47	64	0	81275
128	54	64	0	81307
144	54	61	0	81508
144	47	60	0	81515
128	71	64	0	81541
144	71	58	0	81666
128	47	64	0	81679
128	54	64	0	81682
128	71	64	0	81803
144	54	59	0	81868
144	47	53	0	81876
128	47	64	0	81955
128	54	64	0	81964
144	71	65	0	81975
128	71	64	0	82085
144	47	58	0	82128
144	54	54	0	82141
128	54	64	0	82217
128	47	64	0	82230
144	71	61	0	82247
128	71	64	0	82448
144	47	60	0	82450
144	54	68	0	82453
128	47	64	0	82537
128	54	64	0	82540
144	71	63	0	82947
144	78	58	0	82968
144	75	63	0	82971
144	54	65	0	83464
144	47	62	0	83468
128	78	64	0	83478
128	75	64	0	83481
128	71	64	0	83486
144	71	61	0	83929
144	78	58	0	83934
144	75	64	0	83958
128	54	64	0	83968
128	47	64	0	83987
144	54	53	0	84342
144	47	58	0	84355
128	75	64	0	84360
128	78	64	0	84362
128	71	64	0	84401
144	83	64	0	84827
128	54	64	0	84835
144	71	53	0	84841
144	75	55	0	84850
128	47	64	0	84863
144	54	59	0	85303
144	47	58	0	85307
128	71	64	0	85331
128	83	64	0	85335
128	75	64	0	85341
144	83	65	0	85789
144	75	55	0	85807
128	47	64	0	85810
144	71	50	0	85813
128	54	64	0	85818
144	54	57	0	86232
144	47	55	0	86244
128	71	64	0	86252
128	83	64	0	86259
128	75	64	0	86264
144	83	70	0	86688
128	54	64	0	86749
128	47	64	0	86775
144	81	54	0	86895
128	83	64	0	86899
144	79	58	0	87108
128	81	64	0	87111
144	47	60	0	87179
144	54	65	0	87184
144	78	64	0	87282
128	79	64	0	87285
128	47	64	0	87288
128	54	64	0	87304
144	79	62	0	87408
128	78	64	0	87410
144	78	48	0	87561
128	79	64	0	87574
144	54	66	0	87637
144	47	60	0	87643
128	78	64	0	87706
144	76	68	0	87713
128	54	64	0	87774
128	47	64	0	87777
144	78	43	0	87853
128	76	64	0	87856
128	78	64	0	87971
144	76	55	0	87992
144	47	59	0	88111
144	54	65	0	88122
144	75	71	0	88148
128	76	64	0	88190
128	47	64	0	88254
128	75	64	0	88258
128	54	64	0	88261
144	47	65	0	88620
144	83	67	0	88624
144	54	72	0	88627
144	81	66	0	88806
128	54	64	0	88813
128	47	64	0	88816
128	83	64	0	88830
144	79	50	0	89025
128	81	64	0	89043
144	47	64	0	89252
144	54	72	0	89276
144	78	73	0	89306
128	79	64	0	89321
128	47	64	0	89411
128	54	64	0	89429
128	78	64	0	89439
144	79	59	0	89444
144	78	61	0	89627
128	79	64	0	89638
128	78	64	0	89744
144	47	62	0	89753
144	54	64	0	89760
144	76	63	0	89765
128	47	64	0	89902
128	54	64	0	89906
128	76	64	0	89910
144	78	55	0	89914
128	78	64	0	90035
144	76	52	0	90053
144	47	62	0	90214
144	54	69	0	90222
144	75	71	0	90246
128	76	64	0	90271
128	54	64	0	90368
128	47	64	0	90371
128	75	64	0	90399
144	71	67	0	90719
144	54	70	0	90727
144	47	57	0	90739
128	71	64	0	90883
144	75	61	0	90889
128	54	64	0	90895
128	47	64	0	90918
128	75	64	0	90978
144	71	48	0	91002
144	54	66	0	91157
144	47	59	0	91167
144	78	71	0	91182
128	71	64	0	91197
128	54	64	0	91306
128	47	64	0	91313
128	78	64	0	91323
144	71	68	0	91645
144	54	70	0	91680
144	47	65	0	91688
144	75	59	0	91821
128	71	64	0	91835
128	47	64	0	91851
128	54	64	0	91853
128	75	64	0	91950
144	71	50	0	91953
144	54	66	0	92086
144	47	60	0	92090
144	78	70	0	92140
128	71	64	0	92181
128	54	64	0	92225
128	47	64	0	92240
128	78	64	0	92274
144	71	59	0	92579
144	47	59	0	92628
144	54	64	0	92631
128	71	64	0	92740
144	75	59	0	92753
128	54	64	0	92789
128	47	64	0	92791
128	75	64	0	92827
144	71	48	0	92865
128	71	64	0	93049
144	78	62	0	93060
144	54	66	0	93076
144	47	58	0	93081
128	47	64	0	93155
128	54	64	0	93175
128	78	64	0	93207
144	71	58	0	93487
144	54	63	0	93554
144	47	56	0	93558
144	75	60	0	93633
128	71	64	0	93637
128	47	64	0	93640
128	54	64	0	93648
128	75	64	0	93742
144	71	46	0	93791
144	47	54	0	93991
144	54	60	0	93995
144	78	67	0	93998
128	71	64	0	94013
128	54	64	0	94064
128	47	64	0	94081
128	78	64	0	94131
144	71	85	0	94525
144	54	72	0	94530
144	47	64	0	94541
128	54	64	0	94954
128	47	64	0	94985
144	54	69	0	95029
144	47	48	0	95064
128	47	64	0	95132
128	54	64	0	95139
128	71	64	0	95250
144	71	83	0	95518
144	47	68	0	95521
144	54	64	0	95540
128	47	64	0	95913
128	54	64	0	95934
144	54	51	0	96044
144	47	40	0	96078
128	54	64	0	96109
128	47	64	0	96141
128	71	64	0	96197
144	47	74	0	96465
144	54	80	0	96468
128	47	64	0	96986
128	54	64	0	96995
144	54	70	0	97378
144	47	64	0	97382
128	47	64	0	97816
128	54	64	0	97845
144	54	69	0	98273
144	47	60	0	98279
144	69	76	0	98313
144	66	80	0	98719
128	69	64	0	98757
128	47	64	0	98777
128	54	64	0	98780
128	66	64	0	99161
144	69	67	0	99186
144	54	57	0	99226
144	47	59	0	99229
144	66	61	0	99680
128	69	64	0	99682
128	47	64	0	99742
128	54	64	0	99756
144	54	59	0	100137
144	47	58	0	100141
128	66	64	0	100150
144	63	47	0	100161
144	60	62	0	100210
128	63	64	0	100226
144	63	60	0	100408
128	60	64	0	100411
128	47	64	0	100438
128	54	64	0	100443
128	63	64	0	100472
144	66	61	0	100508
128	66	64	0	100651
144	60	56	0	100678
128	60	64	0	100900
144	63	42	0	100916
128	63	64	0	101006
144	66	62	0	101025
144	54	68	0	101037
144	47	60	0	101040
128	66	64	0	101197
144	60	65	0	101234
144	63	58	0	101428
128	60	64	0	101435
128	47	64	0	101453
128	54	64	0	101474
128	63	64	0	101563
144	59	78	0	101575
128	59	64	0	101786
144	47	61	0	102028
144	54	68	0	102037
144	59	55	0	102177
128	54	64	0	102247
128	47	64	0	102262
128	59	64	0	102342
144	60	66	0	102345
128	60	64	0	102464
144	54	63	0	102495
144	47	54	0	102504
128	54	64	0	102580
128	47	64	0	102585
144	59	52	0	102636
144	60	62	0	102776
128	59	64	0	102804
128	60	64	0	102893
144	47	56	0	102964
144	54	62	0	102977
128	54	64	0	103037
128	47	64	0	103049
144	59	53	0	103146
144	60	54	0	103312
128	59	64	0	103321
144	54	72	0	103444
144	47	51	0	103458
128	60	64	0	103472
144	66	76	0	103489
128	54	64	0	103577
128	47	64	0	103583
128	66	64	0	103616
144	47	51	0	103976
144	54	62	0	103980
128	54	64	0	104052
128	47	64	0	104065
144	59	46	0	104081
144	60	62	0	104243
128	59	64	0	104270
128	60	64	0	104349
144	47	51	0	104423
144	54	58	0	104434
128	54	64	0	104494
128	47	64	0	104509
144	59	51	0	104583
144	60	53	0	104732
128	59	64	0	104737
128	60	64	0	104822
144	47	55	0	104875
144	54	59	0	104893
128	54	64	0	104952
128	47	64	0	104965
144	59	42	0	105062
128	59	64	0	105213
144	60	53	0	105216
128	60	64	0	105383
144	47	47	0	105397
144	54	49	0	105406
144	66	52	0	105412
128	54	64	0	105472
128	47	64	0	105478
128	66	64	0	105493
144	47	72	0	106364
128	47	64	0	106496
144	47	65	0	106881
128	47	64	0	106957
144	47	41	0	107492
128	47	64	0	107595
144	35	63	0	108004
128	35	64	0	108169
144	47	45	0	108503
128	47	64	0	108625
144	35	56	0	108933
128	35	64	0	109070
144	47	48	0	109430
128	47	64	0	109537
144	35	57	0	109905
128	35	64	0	110040
144	47	44	0	110409
128	47	64	0	110512
144	35	60	0	110870
128	35	64	0	110960
144	47	55	0	111335
128	47	64	0	111479
144	35	59	0	111825
128	35	64	0	111927
144	47	49	0	112326
128	47	64	0	112443
144	35	62	0	112761
128	35	64	0	112865
144	47	50	0	113251
128	47	64	0	113382
144	35	58	0	113743
128	35	64	0	113850
144	47	51	0	114253
128	47	64	0	114365
144	35	54	0	114689
128	35	64	0	114835
144	47	47	0	115210
128	47	64	0	115312
144	35	66	0	115673
128	35	64	0	115832
144	47	59	0	116182
128	47	64	0	116339
144	35	68	0	116673
128	35	64	0	116818
144	47	55	0	117122
128	47	64	0	117293
144	35	63	0	117639
144	62	59	0	117655
128	35	64	0	117791
128	62	64	0	117805
144	63	51	0	117829
128	63	64	0	117924
144	62	45	0	117967
144	47	54	0	118079
128	62	64	0	118110
144	63	51	0	118137
128	47	64	0	118198
128	63	64	0	118272
144	62	62	0	118284
128	62	64	0	118402
144	63	50	0	118437
144	35	68	0	118524
128	63	64	0	118542
144	62	66	0	118573
128	35	64	0	118689
144	63	55	0	118725
128	62	64	0	118732
144	65	63	0	118863
128	63	64	0	118866
144	47	64	0	119017
144	66	77	0	119082
128	65	64	0	119106
128	47	64	0	119178
128	66	64	0	119205
144	62	67	0	119515
144	35	66	0	119518
128	35	64	0	119675
128	62	64	0	119681
144	63	66	0	119683
128	63	64	0	119820
144	62	58	0	119856
144	47	58	0	119984
128	62	64	0	120021
144	63	68	0	120038
128	47	64	0	120144
128	63	64	0	120151
144	62	60	0	120186
128	62	64	0	120301
144	63	59	0	120354
128	63	64	0	120484
144	35	64	0	120491
144	62	71	0	120511
128	35	64	0	120657
144	63	65	0	120664
128	62	64	0	120668
128	63	64	0	120810
144	65	61	0	120821
144	47	56	0	120976
144	66	73	0	121005
128	65	64	0	121030
128	47	64	0	121105
128	66	64	0	121129
144	35	69	0	121445
144	57	70	0	121487
128	57	64	0	121624
128	35	64	0	121636
144	62	29	0	121652
128	62	64	0	121766
144	57	65	0	121786
144	47	59	0	121916
128	57	64	0	121951
144	62	63	0	121973
128	62	64	0	122089
128	47	64	0	122094
144	57	64	0	122104
128	57	64	0	122248
144	62	58	0	122270
144	35	69	0	122400
128	62	64	0	122424
144	57	68	0	122453
144	62	68	0	122592
128	57	64	0	122619
128	35	64	0	122622
128	62	64	0	122736
144	55	81	0	122768
144	54	74	0	122941
128	55	64	0	122952
144	47	53	0	122964
128	54	64	0	123092
128	47	64	0	123107
144	57	63	0	123408
144	35	74	0	123428
144	62	70	0	123564
128	57	64	0	123599
128	35	64	0	123631
128	62	64	0	123736
144	57	77	0	123754
128	57	64	0	123883
144	47	69	0	123906
144	62	73	0	123911
128	47	64	0	124073
128	62	64	0	124103
144	58	78	0	124115
144	35	72	0	124345
144	57	77	0	124379
128	58	64	0	124401
128	35	64	0	124540
128	57	64	0	124617
144	55	61	0	124631
144	47	73	0	124811
144	54	83	0	124822
128	55	64	0	124839
128	47	64	0	124969
128	54	64	0	124980
144	35	75	0	125312
144	57	65	0	125319
144	62	68	0	125443
128	57	64	0	125470
128	35	64	0	125511
128	62	64	0	125589
144	57	58	0	125615
144	47	62	0	125790
128	57	64	0	125795
144	62	60	0	125798
128	62	64	0	125914
144	57	66	0	125933
128	47	64	0	125955
144	58	66	0	126128
128	57	64	0	126138
144	35	71	0	126246
128	58	64	0	126298
144	57	65	0	126306
128	57	64	0	126395
144	62	62	0	126421
128	35	64	0	126423
144	57	62	0	126610
128	62	64	0	126614
128	57	64	0	126670
144	55	64	0	126733
144	47	72	0	126802
144	54	83	0	126825
128	55	64	0	126853
128	47	64	0	126967
128	54	64	0	127002
144	35	69	0	127257
144	57	73	0	127270
144	62	65	0	127393
128	57	64	0	127404
128	35	64	0	127478
128	62	64	0	127543
144	57	72	0	127564
128	57	64	0	127669
144	62	69	0	127704
144	47	68	0	127725
144	57	70	0	127834
128	62	64	0	127848
128	47	64	0	127895
128	57	64	0	128003
144	58	74	0	128025
144	62	72	0	128160
128	58	64	0	128163
144	35	65	0	128178
144	57	71	0	128334
128	62	64	0	128346
128	35	64	0	128359
144	62	65	0	128516
128	57	64	0	128525
144	55	75	0	128603
128	62	64	0	128606
144	47	67	0	128725
144	54	81	0	128736
128	55	64	0	128760
128	54	64	0	128904
128	47	64	0	128926
144	35	70	0	129173
144	57	77	0	129175
144	62	64	0	129303
128	57	64	0	129306
128	35	64	0	129372
128	62	64	0	129448
144	57	66	0	129473
128	57	64	0	129594
144	62	60	0	129623
144	47	68	0	129684
144	57	49	0	129793
128	62	64	0	129803
128	47	64	0	129834
128	57	64	0	129973
144	58	59	0	130010
128	58	64	0	130159
144	35	57	0	130162
144	57	69	0	130181
128	35	64	0	130300
128	57	64	0	130313
144	62	66	0	130342
128	62	64	0	130486
144	57	59	0	130494
128	57	64	0	130554
144	55	72	0	130601
144	47	64	0	130635
144	54	82	0	130702
128	55	64	0	130719
128	47	64	0	130812
128	54	64	0	130857
144	35	69	0	131114
144	57	71	0	131135
144	62	62	0	131266
128	57	64	0	131269
128	35	64	0	131311
128	62	64	0	131362
144	57	54	0	131374
128	57	64	0	131505
144	62	51	0	131538
144	47	60	0	131568
128	62	64	0	131616
144	57	60	0	131650
128	47	64	0	131726
128	57	64	0	131798
144	62	53	0	131827
128	62	64	0	131925
144	57	64	0	132007
144	35	60	0	132025
128	57	64	0	132179
128	35	64	0	132213
144	62	44	0	132245
128	62	64	0	132323
144	57	48	0	132327
144	47	62	0	132470
144	62	66	0	132508
128	57	64	0	132511
128	47	64	0	132651
128	62	64	0	132653
144	35	66	0	132992
144	62	62	0	133009
144	66	61	0	133165
128	62	64	0	133174
128	35	64	0	133187
128	66	64	0	133237
144	62	50	0	133272
128	62	64	0	133435
144	69	46	0	133516
144	72	59	0	133635
128	69	64	0	133645
128	72	64	0	133709
144	62	51	0	134029
144	35	42	0	134052
144	36	43	0	134054
144	71	61	0	134122
128	62	64	0	134146
128	36	64	0	134151
128	35	64	0	134156
128	71	64	0	134211
144	62	53	0	134320
128	62	64	0	134432
144	72	74	0	134473
144	47	44	0	134478
128	72	64	0	134547
128	47	64	0	134559
144	62	64	0	134908
144	35	53	0	134933
144	36	50	0	134939
128	36	64	0	135011
128	35	64	0	135026
144	71	58	0	135062
128	62	64	0	135071
128	71	64	0	135167
144	62	45	0	135197
144	72	76	0	135343
128	62	64	0	135346
144	47	51	0	135349
128	47	64	0	135478
128	72	64	0	135480
144	35	63	0	135797
144	62	60	0	135809
128	35	64	0	135971
144	71	68	0	135978
128	62	64	0	135990
144	62	47	0	136110
128	71	64	0	136112
144	47	56	0	136285
144	72	75	0	136314
128	62	64	0	136331
128	47	64	0	136381
128	72	64	0	136413
144	59	48	0	136780
144	35	64	0	136793
144	71	68	0	136947
128	59	64	0	136953
128	35	64	0	137016
128	71	64	0	137077
144	59	53	0	137088
128	59	64	0	137218
144	71	74	0	137244
144	35	66	0	137287
144	47	51	0	137312
128	71	64	0	137390
128	47	64	0	137399
144	59	55	0	137402
128	35	64	0	137428
128	59	64	0	137569
144	71	61	0	137584
128	71	64	0	137729
144	35	61	0	137750
144	47	58	0	137755
144	59	66	0	137769
128	47	64	0	137883
128	35	64	0	137899
128	59	64	0	137902
144	71	68	0	137912
144	59	59	0	138050
128	71	64	0	138066
128	59	64	0	138122
144	35	69	0	138269
144	60	80	0	138283
144	47	60	0	138289
144	72	78	0	138293
128	72	64	0	138402
128	47	64	0	138406
128	60	64	0	138413
128	35	64	0	138415
144	59	72	0	138754
144	35	71	0	138774
144	47	72	0	138778
144	71	71	0	138885
128	47	64	0	138897
128	59	64	0	138908
128	35	64	0	138917
128	71	64	0	139010
144	59	64	0	139043
128	59	64	0	139173
144	71	74	0	139200
144	35	65	0	139232
144	47	64	0	139235
128	47	64	0	139321
128	71	64	0	139327
128	35	64	0	139334
144	59	64	0	139347
128	59	64	0	139477
144	71	68	0	139500
128	71	64	0	139637
144	59	69	0	139681
144	35	71	0	139686
144	47	72	0	139689
128	59	64	0	139802
128	47	64	0	139816
144	71	72	0	139827
128	35	64	0	139830
144	59	59	0	139946
128	71	64	0	139963
128	59	64	0	140030
144	35	75	0	140160
144	47	68	0	140179
144	60	85	0	140182
144	72	81	0	140196
128	60	64	0	140291
128	47	64	0	140306
128	72	64	0	140316
128	35	64	0	140325
144	63	67	0	140637
144	35	73	0	140667
144	47	68	0	140680
144	75	56	0	140781
128	63	64	0	140798
128	47	64	0	140850
128	35	64	0	140867
128	75	64	0	140893
144	63	51	0	140952
128	63	64	0	141010
144	35	74	0	141155
144	47	63	0	141184
144	60	75	0	141187
144	72	68	0	141219
128	47	64	0	141289
128	60	64	0	141304
128	72	64	0	141319
128	35	64	0	141324
144	63	74	0	141623
144	35	75	0	141635
144	47	75	0	141639
144	75	62	0	141767
128	63	64	0	141788
128	35	64	0	141826
128	47	64	0	141829
128	75	64	0	141921
144	63	61	0	141928
128	63	64	0	141983
144	35	75	0	142101
144	60	87	0	142128
144	47	64	0	142131
144	72	71	0	142138
128	47	64	0	142223
128	60	64	0	142239
128	72	64	0	142248
128	35	64	0	142271
144	63	72	0	142575
144	35	70	0	142594
144	47	69	0	142598
128	63	64	0	142733
144	75	72	0	142740
128	47	64	0	142777
128	35	64	0	142789
128	75	64	0	142865
144	63	58	0	142884
128	63	64	0	142937
144	35	74	0	143048
144	47	67	0	143065
144	60	80	0	143072
144	72	66	0	143186
128	47	64	0	143207
128	60	64	0	143220
128	35	64	0	143236
144	60	63	0	143335
128	72	64	0	143342
128	60	64	0	143404
144	47	74	0	143552
144	35	71	0	143558
144	63	68	0	143595
128	63	64	0	143692
144	75	73	0	143717
128	35	64	0	143797
128	47	64	0	143803
144	63	61	0	143839
128	75	64	0	143842
128	63	64	0	143890
144	66	76	0	144048
144	78	79	0	144051
144	47	72	0	144055
144	35	74	0	144058
128	78	64	0	144119
128	66	64	0	144154
128	47	64	0	144173
128	35	64	0	144188
144	59	58	0	144535
144	35	62	0	144543
144	47	57	0	144547
144	71	53	0	144671
128	47	64	0	144712
128	59	64	0	144725
128	35	64	0	144729
128	71	64	0	144816
144	59	40	0	144851
128	59	64	0	145003
144	71	53	0	145009
144	47	40	0	145022
144	35	47	0	145025
128	35	64	0	145122
128	47	64	0	145127
128	71	64	0	145157
144	59	49	0	145188
128	59	64	0	145335
144	71	54	0	145344
128	71	64	0	145481
144	47	41	0	145484
144	35	47	0	145486
144	59	50	0	145517
128	35	64	0	145623
128	47	64	0	145627
128	59	64	0	145652
144	71	57	0	145662
128	71	64	0	145768
144	59	34	0	145817
144	35	55	0	145981
144	71	64	0	145990
144	47	41	0	145994
128	59	64	0	145997
128	35	64	0	146091
128	47	64	0	146092
128	71	64	0	146095
144	47	62	0	146483
144	59	63	0	146488
144	35	58	0	146499
144	71	59	0	146610
128	35	64	0	146622
128	47	64	0	146625
128	59	64	0	146631
128	71	64	0	146726
144	59	46	0	146814
128	59	64	0	146954
144	47	53	0	146958
144	35	57	0	146965
144	71	63	0	146979
128	35	64	0	147073
128	47	64	0	147080
128	71	64	0	147102
144	59	42	0	147113
128	59	64	0	147214
144	71	42	0	147286
128	71	64	0	147411
144	59	62	0	147457
144	47	55	0	147460
144	35	51	0	147466
128	47	64	0	147538
128	35	64	0	147547
128	59	64	0	147578
144	71	57	0	147600
128	71	64	0	147708
144	59	49	0	147742
144	71	73	0	147881
128	59	64	0	147883
144	35	57	0	147894
128	35	64	0	147960
128	71	64	0	147973
144	66	75	0	148392
144	35	65	0	148394
144	47	66	0	148398
128	66	64	0	148550
144	63	61	0	148553
128	35	64	0	148571
128	47	64	0	148573
128	63	64	0	148686
144	66	35	0	148729
128	66	64	0	148816
144	60	62	0	148870
144	47	58	0	148879
144	35	58	0	148887
128	47	64	0	148971
128	35	64	0	148975
128	60	64	0	149000
144	35	67	0	149404
144	47	64	0	149407
144	66	67	0	149410
128	66	64	0	149555
144	63	64	0	149571
128	35	64	0	149590
128	47	64	0	149591
144	60	66	0	149713
128	63	64	0	149716
128	60	64	0	149854
144	35	66	0	149862
144	59	70	0	149866
144	47	51	0	149873
128	59	64	0	149936
128	47	64	0	149954
128	35	64	0	149972
144	35	70	0	150369
144	47	72	0	150372
144	66	70	0	150385
128	47	64	0	150528
128	35	64	0	150536
144	63	55	0	150543
128	66	64	0	150552
128	63	64	0	150675
144	60	59	0	150681
144	35	70	0	150817
144	47	49	0	150835
144	59	72	0	150838
128	60	64	0	150841
128	59	64	0	150899
128	47	64	0	150911
128	35	64	0	150922
144	47	75	0	151312
144	35	73	0	151315
144	66	67	0	151321
128	47	64	0	151446
128	35	64	0	151456
128	66	64	0	151463
144	63	59	0	151475
128	63	64	0	151617
144	60	60	0	151642
128	60	64	0	151767
144	35	64	0	151770
144	47	50	0	151778
144	63	42	0	151821
128	35	64	0	151832
128	47	64	0	151851
128	63	64	0	151886
144	35	69	0	152257
144	47	65	0	152262
144	66	63	0	152267
128	35	64	0	152413
128	47	64	0	152419
128	66	64	0	152500
144	63	57	0	152504
128	63	64	0	152606
144	59	52	0	152642
144	66	56	0	152787
128	59	64	0	152792
128	66	64	0	152890
144	63	40	0	152943
128	63	64	0	153023
144	59	45	0	153075
128	59	64	0	153172
144	66	43	0	153223
128	66	64	0	153296
144	63	43	0	153347
128	63	64	0	153471
144	59	51	0	153519
128	59	64	0	153665
144	66	71	0	153676
128	66	64	0	153740
144	71	59	0	156117
128	71	64	0	156334
144	66	58	0	156344
128	66	64	0	156438
144	71	55	0	156458
128	71	64	0	156624
144	63	64	0	156644
128	63	64	0	156729
144	71	65	0	157101
128	71	64	0	157253
144	66	56	0	157270
128	66	64	0	157362
144	71	63	0	157392
128	71	64	0	157544
144	63	70	0	157564
128	63	64	0	157696
144	66	68	0	158094
144	63	69	0	158223
128	66	64	0	158237
128	63	64	0	158309
144	60	62	0	158349
128	60	64	0	158459
144	59	65	0	158498
128	59	64	0	158629
144	63	68	0	159003
144	60	65	0	159123
128	63	64	0	159140
128	60	64	0	159242
144	59	59	0	159269
128	59	64	0	159415
144	57	74	0	159420
128	57	64	0	159556
144	59	75	0	159950
144	57	67	0	161369
128	59	64	0	161377
144	55	44	0	161774
128	57	64	0	161836
128	55	64	0	161876
144	54	65	0	161878
128	54	64	0	164463
