176	67	0	0	2410
240	67	16	76	2419
8	0	7	0	2419
247	0	0	0	2419
176	0	108	0	2421
176	32	0	0	2422
192	16	0	0	2425
240	67	16	76	2426
2	1	0	1	2426
4	247	0	0	2426
240	67	16	76	2432
2	1	32	0	2432
0	247	0	0	2432
176	7	90	0	2439
176	91	7	0	2441
240	67	16	76	2445
3	1	0	66	2445
18	247	0	0	2445
240	67	16	76	2449
3	1	12	0	2449
247	0	0	0	2449
240	67	16	76	2457
3	1	2	40	2457
247	0	0	0	2457
240	67	16	76	2457
3	1	4	43	2457
247	0	0	0	2457
240	67	16	76	2459
3	1	11	127	2459
247	0	0	0	2459
240	67	16	76	2461
3	1	16	64	2461
247	0	0	0	2461
240	67	16	76	2462
8	0	89	16	2462
247	0	0	0	2462
240	67	16	76	3016
8	0	7	0	3016
247	0	0	0	3016
176	0	108	0	3017
176	32	0	0	3019
192	18	0	0	3021
240	67	16	76	3023
2	1	0	1	3023
4	247	0	0	3023
240	67	16	76	3029
2	1	32	0	3029
0	247	0	0	3029
176	7	55	0	3036
240	67	16	76	3041
3	1	0	97	3041
33	247	0	0	3041
240	67	16	76	3042
3	1	12	0	3042
247	0	0	0	3042
240	67	16	76	3051
3	1	11	20	3051
247	0	0	0	3051
240	67	16	76	3052
3	1	16	64	3052
247	0	0	0	3052
240	67	16	76	3054
8	0	89	16	3054
247	0	0	0	3054
240	67	16	76	3762
8	0	7	0	3762
247	0	0	0	3762
176	0	108	0	3762
176	32	1	0	3764
192	19	0	0	3767
240	67	16	76	3768
2	1	0	1	3768
4	247	0	0	3768
240	67	16	76	3774
2	1	32	0	3774
0	247	0	0	3774
176	7	80	0	3781
176	91	36	0	3783
240	67	16	76	3788
3	1	0	64	3788
0	247	0	0	3788
240	67	16	76	3791
3	1	12	127	3791
247	0	0	0	3791
240	67	16	76	3800
3	1	16	64	3800
247	0	0	0	3800
240	67	16	76	3802
8	0	89	16	3802
247	0	0	0	3802
240	67	16	76	4360
8	0	7	0	4360
247	0	0	0	4360
176	0	108	0	4361
176	32	0	0	4362
192	19	0	0	4364
240	67	16	76	4366
2	1	0	1	4366
4	247	0	0	4366
240	67	16	76	4372
2	1	32	0	4372
0	247	0	0	4372
176	7	84	0	4379
176	91	64	0	4381
144	57	72	0	6297
144	45	75	0	6300
144	73	82	0	6942
144	65	76	0	6946
144	66	85	0	6955
128	45	64	0	7021
128	57	64	0	7023
144	57	75	0	7629
144	45	78	0	7634
128	66	64	0	7636
128	73	64	0	7645
128	65	64	0	7649
144	73	83	0	8262
144	65	80	0	8268
144	66	84	0	8271
128	45	64	0	8278
128	57	64	0	8281
144	45	80	0	8908
144	57	72	0	8911
128	66	64	0	8947
128	73	64	0	8950
128	65	64	0	8964
144	65	77	0	9574
144	73	80	0	9577
144	66	85	0	9579
128	57	64	0	9651
128	45	64	0	9657
144	45	63	0	10206
144	57	66	0	10222
128	66	64	0	10275
128	73	64	0	10278
128	65	64	0	10285
144	66	83	0	10852
144	73	79	0	10855
144	65	76	0	10858
128	57	64	0	10942
128	45	64	0	10952
144	45	78	0	11518
144	57	69	0	11539
128	66	64	0	11543
128	73	64	0	11563
128	65	64	0	11568
144	65	84	0	12148
144	69	85	0	12155
128	57	64	0	12216
128	45	64	0	12243
144	57	70	0	12792
144	45	73	0	12795
128	65	64	0	12871
128	69	64	0	12875
144	76	82	0	13425
144	69	77	0	13429
144	65	77	0	13432
128	57	64	0	13482
128	45	64	0	13498
144	45	60	0	14074
144	57	53	0	14103
128	76	64	0	14131
128	65	64	0	14148
128	69	64	0	14150
144	69	71	0	14756
144	65	65	0	14760
144	77	78	0	14764
128	57	64	0	14798
128	45	64	0	14806
144	45	73	0	15393
144	57	59	0	15404
128	77	64	0	15406
128	65	64	0	15408
128	69	64	0	15427
144	78	75	0	16039
144	69	63	0	16042
144	65	58	0	16048
128	57	64	0	16100
128	45	64	0	16120
144	45	72	0	16681
144	57	64	0	16686
128	65	64	0	16701
128	69	64	0	16715
128	78	64	0	16767
144	69	82	0	17310
144	73	83	0	17321
144	78	78	0	17326
128	45	64	0	17403
128	57	64	0	17421
144	45	72	0	17962
144	57	62	0	17979
128	78	64	0	18023
128	73	64	0	18040
128	69	64	0	18051
144	69	74	0	18590
144	73	77	0	18600
144	78	73	0	18616
128	45	64	0	18691
128	57	64	0	18704
144	45	83	0	19289
144	57	81	0	19292
128	78	64	0	19328
128	73	64	0	19350
128	69	64	0	19352
144	81	78	0	19934
144	73	72	0	19940
144	69	68	0	19943
128	45	64	0	20025
128	57	64	0	20027
144	45	75	0	20576
144	57	69	0	20578
128	69	64	0	20668
128	73	64	0	20680
128	81	64	0	20707
144	69	81	0	21262
144	73	79	0	21266
144	81	81	0	21269
128	57	64	0	21358
128	45	64	0	21372
144	45	73	0	21907
144	57	62	0	21927
128	81	64	0	21970
128	69	64	0	21975
128	73	64	0	21984
144	67	75	0	22524
144	73	73	0	22533
144	79	80	0	22538
128	45	64	0	22579
128	57	64	0	22580
144	45	83	0	23192
144	57	68	0	23205
128	67	64	0	23287
128	73	64	0	23289
128	79	64	0	23300
144	79	77	0	23817
144	73	71	0	23828
144	67	72	0	23832
128	45	64	0	23958
128	57	64	0	23965
144	45	90	0	24499
144	57	82	0	24504
128	67	64	0	24571
128	73	64	0	24581
128	79	64	0	24620
144	79	71	0	25131
144	67	69	0	25139
144	73	79	0	25148
128	57	64	0	25276
128	45	64	0	25301
144	45	76	0	25789
144	57	70	0	25796
128	73	64	0	25887
128	67	64	0	25906
128	79	64	0	25912
144	67	78	0	26485
144	79	77	0	26489
144	73	76	0	26495
128	57	64	0	26610
128	45	64	0	26621
128	79	64	0	27101
144	45	67	0	27143
128	67	64	0	27153
128	73	64	0	27165
144	57	58	0	27168
144	78	70	0	27786
144	65	71	0	27789
144	73	76	0	27807
128	57	64	0	27850
128	45	64	0	27872
144	45	72	0	28418
144	57	68	0	28422
128	73	64	0	28506
128	78	64	0	28540
128	65	64	0	28544
144	78	80	0	29110
144	65	74	0	29114
144	73	76	0	29145
128	57	64	0	29227
128	45	64	0	29232
144	45	66	0	29790
144	57	53	0	29794
128	73	64	0	29830
128	65	64	0	29846
128	78	64	0	29871
144	78	60	0	30433
144	65	66	0	30436
144	70	75	0	30439
144	73	75	0	30443
128	57	64	0	30513
128	45	64	0	30515
144	45	75	0	31082
144	57	64	0	31085
128	73	64	0	31153
128	78	64	0	31163
128	65	64	0	31165
128	70	64	0	31167
144	65	59	0	31722
144	78	73	0	31745
144	70	75	0	31751
144	73	73	0	31763
128	57	64	0	31828
128	45	64	0	31843
144	45	90	0	32415
144	57	84	0	32419
128	65	64	0	32454
128	70	64	0	32460
128	73	64	0	32468
128	78	64	0	32487
144	78	74	0	33137
144	67	75	0	33146
144	73	70	0	33152
128	45	64	0	33222
128	57	64	0	33233
144	45	79	0	33776
144	57	75	0	33779
128	73	64	0	33842
128	78	64	0	33854
128	67	64	0	33862
144	67	81	0	34438
144	78	73	0	34456
144	73	75	0	34474
128	57	64	0	34535
128	45	64	0	34540
144	45	72	0	35098
144	57	62	0	35115
128	73	64	0	35150
128	67	64	0	35168
128	78	64	0	35178
144	78	66	0	35758
144	70	76	0	35769
144	73	69	0	35782
128	57	64	0	35860
128	45	64	0	35875
144	45	75	0	36446
144	57	70	0	36454
128	70	64	0	36493
128	78	64	0	36504
128	73	64	0	36506
144	67	79	0	37145
144	78	66	0	37156
144	73	70	0	37159
128	57	64	0	37247
128	45	64	0	37255
144	45	86	0	37807
144	57	82	0	37812
128	67	64	0	37832
128	73	64	0	37853
128	78	64	0	37860
144	78	76	0	38463
144	66	80	0	38466
144	73	78	0	38497
128	57	64	0	38537
128	45	64	0	38551
144	45	74	0	39139
144	57	68	0	39149
128	73	64	0	39225
128	66	64	0	39234
128	78	64	0	39263
144	64	52	0	39854
144	65	45	0	39869
128	57	64	0	39876
144	73	55	0	39892
128	45	64	0	39905
144	78	1	0	39964
144	45	90	0	40516
128	73	64	0	40518
128	65	64	0	40527
144	57	80	0	40530
128	78	64	0	40532
128	64	64	0	40536
144	66	73	0	41154
144	78	75	0	41161
144	73	73	0	41197
128	57	64	0	41236
128	45	64	0	41254
128	73	64	0	41798
144	45	71	0	41800
128	66	64	0	41819
144	57	64	0	41832
128	78	64	0	41842
144	78	42	0	42436
144	65	63	0	42456
144	64	68	0	42459
144	73	68	0	42465
128	57	64	0	42519
128	45	64	0	42546
128	73	64	0	43106
128	64	64	0	43113
128	65	64	0	43121
144	45	68	0	43128
144	57	57	0	43132
144	43	63	0	43135
144	55	58	0	43150
128	78	64	0	43204
128	55	64	0	43334
128	43	64	0	43461
144	78	72	0	43777
144	65	56	0	43781
144	64	62	0	43784
144	74	69	0	43802
128	57	64	0	43842
128	45	64	0	43848
144	45	83	0	44477
144	57	78	0	44481
128	64	64	0	44509
128	65	64	0	44514
128	74	64	0	44524
128	78	64	0	44562
144	78	71	0	45126
144	65	53	0	45129
144	74	74	0	45151
144	67	58	0	45168
128	57	64	0	45220
128	45	64	0	45237
128	67	64	0	45241
144	45	84	0	45766
144	57	72	0	45785
128	74	64	0	45822
128	65	64	0	45845
128	78	64	0	45876
144	65	46	0	46405
144	70	77	0	46429
144	78	71	0	46436
144	74	67	0	46442
128	57	64	0	46512
128	45	64	0	46531
144	45	80	0	47066
144	57	71	0	47074
128	78	64	0	47171
128	70	64	0	47181
128	74	64	0	47183
128	65	64	0	47185
144	65	57	0	47740
144	70	75	0	47753
144	78	79	0	47756
144	74	64	0	47765
128	57	64	0	47840
128	45	64	0	47854
128	65	64	0	48380
144	45	65	0	48401
144	57	55	0	48407
128	74	64	0	48409
128	78	64	0	48452
128	70	64	0	48454
144	66	69	0	49044
144	78	71	0	49060
144	69	67	0	49073
144	73	70	0	49081
128	57	64	0	49129
128	45	64	0	49158
144	45	74	0	49707
144	57	62	0	49723
128	73	64	0	49786
128	78	64	0	49790
128	66	64	0	49794
128	69	64	0	49804
144	78	65	0	50406
144	66	55	0	50409
144	69	67	0	50423
144	73	68	0	50441
128	57	64	0	50529
128	45	64	0	50553
144	45	73	0	51073
144	57	72	0	51077
128	73	64	0	51100
128	69	64	0	51120
128	78	64	0	51122
128	66	64	0	51131
144	65	61	0	51710
144	74	66	0	51722
144	78	75	0	51731
144	70	75	0	51734
128	57	64	0	51789
128	45	64	0	51819
144	45	81	0	52368
144	57	70	0	52378
128	78	64	0	52459
128	70	64	0	52466
128	74	64	0	52470
128	65	64	0	52473
144	65	71	0	53028
144	78	78	0	53039
144	70	76	0	53047
144	74	71	0	53050
128	57	64	0	53102
128	45	64	0	53125
144	45	76	0	53698
128	65	64	0	53702
144	57	64	0	53705
128	74	64	0	53727
128	70	64	0	53735
128	78	64	0	53738
144	66	65	0	54330
144	78	69	0	54333
144	69	68	0	54345
144	73	70	0	54355
128	57	64	0	54390
128	45	64	0	54405
144	45	67	0	55005
144	57	62	0	55012
128	66	64	0	55050
128	78	64	0	55062
128	73	64	0	55069
128	69	64	0	55074
144	66	52	0	55648
144	78	66	0	55657
144	73	65	0	55672
144	69	65	0	55675
128	45	64	0	55692
128	57	64	0	55706
144	45	58	0	56263
128	73	64	0	56281
144	57	57	0	56285
128	69	64	0	56294
128	66	64	0	56302
128	78	64	0	56307
144	65	39	0	56948
144	71	71	0	56968
144	74	60	0	56979
144	78	66	0	56983
128	57	64	0	57021
128	45	64	0	57057
144	45	66	0	57628
144	57	58	0	57642
128	74	64	0	57726
128	65	64	0	57734
128	71	64	0	57756
128	78	64	0	57762
144	78	70	0	58286
144	65	62	0	58289
144	71	69	0	58312
144	74	65	0	58315
128	45	64	0	58367
128	57	64	0	58368
144	45	66	0	58955
144	57	59	0	58963
128	65	64	0	58977
128	78	64	0	58999
128	74	64	0	59000
128	71	64	0	59020
144	66	78	0	59618
144	78	75	0	59624
144	70	75	0	59628
144	73	73	0	59647
128	57	64	0	59678
128	45	64	0	59694
144	45	72	0	60269
144	57	66	0	60277
128	73	64	0	60328
128	78	64	0	60332
128	66	64	0	60343
128	70	64	0	60357
144	66	76	0	60919
144	78	67	0	60943
144	70	73	0	60952
144	73	71	0	60955
128	45	64	0	61037
128	57	64	0	61045
144	45	62	0	61562
144	57	56	0	61575
128	78	64	0	61578
128	73	64	0	61589
128	70	64	0	61610
128	66	64	0	61612
144	65	50	0	62199
144	78	65	0	62231
144	71	62	0	62234
144	74	67	0	62238
128	57	64	0	62277
128	45	64	0	62306
144	45	71	0	62873
144	57	63	0	62881
128	65	64	0	62964
128	78	64	0	62966
128	71	64	0	62973
128	74	64	0	62981
144	65	61	0	63554
144	78	69	0	63572
144	71	65	0	63575
144	74	63	0	63583
128	45	64	0	63676
128	57	64	0	63678
144	45	72	0	64214
144	57	62	0	64221
128	65	64	0	64229
128	74	64	0	64267
128	78	64	0	64272
128	71	64	0	64282
144	66	71	0	64851
144	78	69	0	64855
144	70	67	0	64866
144	73	64	0	64887
128	57	64	0	64962
128	45	64	0	64974
144	45	55	0	65542
144	57	47	0	65551
128	78	64	0	65635
128	73	64	0	65640
128	66	64	0	65646
128	70	64	0	65652
144	66	73	0	66209
144	78	66	0	66222
144	70	73	0	66233
144	73	71	0	66241
128	45	64	0	66347
128	57	64	0	66350
128	66	64	0	66811
128	78	64	0	66822
128	70	64	0	66855
128	73	64	0	66859
144	45	69	0	66883
144	57	62	0	66894
144	76	83	0	67468
144	67	79	0	67475
144	70	81	0	67483
144	73	75	0	67499
128	57	64	0	67535
128	45	64	0	67538
144	45	66	0	68113
144	57	57	0	68120
128	73	64	0	68202
128	70	64	0	68204
128	67	64	0	68213
128	76	64	0	68226
144	67	82	0	68790
144	76	79	0	68793
144	70	80	0	68796
144	73	77	0	68804
128	57	64	0	68910
128	45	64	0	68923
144	45	73	0	69471
144	57	66	0	69474
128	76	64	0	69479
128	67	64	0	69509
128	70	64	0	69516
128	73	64	0	69530
144	78	69	0	70102
144	66	72	0	70105
144	70	70	0	70110
144	73	70	0	70129
128	57	64	0	70153
128	45	64	0	70188
144	45	66	0	70734
144	57	60	0	70763
128	78	64	0	70782
128	73	64	0	70801
128	66	64	0	70803
128	70	64	0	70813
144	66	65	0	71396
144	78	74	0	71405
144	69	69	0	71415
144	73	63	0	71432
128	57	64	0	71456
128	45	64	0	71474
144	45	77	0	72060
144	57	70	0	72069
128	73	64	0	72109
128	78	64	0	72115
128	69	64	0	72137
128	66	64	0	72148
144	78	80	0	72708
144	70	78	0	72719
144	67	63	0	72723
144	73	76	0	72727
144	65	66	0	72730
128	57	64	0	72779
128	45	64	0	72793
144	45	90	0	73385
144	57	82	0	73403
128	65	64	0	73423
128	73	64	0	73427
128	70	64	0	73441
128	67	64	0	73443
128	78	64	0	73449
144	78	80	0	74002
144	65	71	0	74013
144	67	73	0	74016
144	70	80	0	74021
144	73	75	0	74031
128	57	64	0	74084
128	45	64	0	74092
128	78	64	0	74662
128	73	64	0	74675
144	45	77	0	74679
144	57	67	0	74696
128	70	64	0	74718
128	67	64	0	74719
128	65	64	0	74723
144	66	77	0	75339
144	76	85	0	75341
144	70	78	0	75352
128	57	64	0	75399
128	45	64	0	75438
144	57	55	0	76007
144	45	51	0	76024
128	70	64	0	76080
128	76	64	0	76082
128	66	64	0	76084
144	64	77	0	76640
144	66	78	0	76644
144	76	79	0	76648
144	70	78	0	76664
128	57	64	0	76680
128	45	64	0	76688
144	45	60	0	77309
144	57	57	0	77350
128	76	64	0	77379
128	66	64	0	77393
128	70	64	0	77415
128	64	64	0	77423
144	62	74	0	77982
144	74	74	0	77986
144	66	78	0	77992
144	70	79	0	78008
128	57	64	0	78041
128	45	64	0	78065
144	45	73	0	78655
144	57	64	0	78671
128	62	64	0	78724
128	70	64	0	78729
128	74	64	0	78735
128	66	64	0	78743
144	62	76	0	79370
144	74	71	0	79377
144	66	72	0	79380
144	70	74	0	79383
128	57	64	0	79475
128	45	64	0	79486
128	74	64	0	79971
128	62	64	0	80011
144	45	72	0	80051
128	66	64	0	80065
144	57	69	0	80069
128	70	64	0	80080
144	61	74	0	80711
144	73	80	0	80715
144	66	67	0	80749
128	57	64	0	80763
144	69	50	0	80775
128	45	64	0	80807
144	57	47	0	81390
144	45	62	0	81399
128	69	64	0	81534
128	61	64	0	81539
128	66	64	0	81548
128	73	64	0	81571
144	61	63	0	82045
144	73	71	0	82072
144	66	67	0	82095
144	69	52	0	82127
128	57	64	0	82237
128	45	64	0	82246
144	45	78	0	82750
128	73	64	0	82758
144	57	64	0	82767
128	61	64	0	82770
128	66	64	0	82789
128	69	64	0	82799
144	61	74	0	83390
144	73	70	0	83400
144	65	70	0	83404
144	69	59	0	83432
128	57	64	0	83456
128	45	64	0	83472
144	45	76	0	84033
144	57	66	0	84040
128	61	64	0	84125
128	73	64	0	84137
128	69	64	0	84143
128	65	64	0	84154
144	61	70	0	84706
144	73	73	0	84709
144	65	67	0	84723
144	69	57	0	84751
128	57	64	0	84806
128	45	64	0	84820
144	45	78	0	85370
144	57	69	0	85378
128	69	64	0	85383
128	61	64	0	85409
128	65	64	0	85410
128	73	64	0	85431
144	62	66	0	86043
144	74	65	0	86049
144	66	78	0	86058
144	70	75	0	86066
128	57	64	0	86138
128	45	64	0	86146
144	45	68	0	86680
144	57	60	0	86684
128	70	64	0	86729
128	66	64	0	86759
128	74	64	0	86759
128	62	64	0	86775
144	62	76	0	87344
144	74	79	0	87353
144	66	80	0	87357
144	70	73	0	87359
128	57	64	0	87477
128	45	64	0	87481
128	74	64	0	87954
144	45	63	0	87975
144	57	59	0	87994
128	70	64	0	87997
128	66	64	0	87998
128	62	64	0	88044
144	60	80	0	88601
144	64	75	0	88607
144	72	79	0	88610
144	68	77	0	88617
128	57	64	0	88647
128	45	64	0	88676
144	45	78	0	89255
144	57	72	0	89265
128	72	64	0	89298
128	68	64	0	89302
128	60	64	0	89314
128	64	64	0	89337
144	60	74	0	89959
144	64	77	0	89968
144	72	86	0	89971
144	68	72	0	89974
128	45	64	0	90029
128	57	64	0	90031
128	72	64	0	90571
128	60	64	0	90582
128	64	64	0	90603
144	45	59	0	90606
144	57	60	0	90610
128	68	64	0	90633
144	47	56	0	90646
128	47	64	0	90796
144	61	70	0	91281
144	73	78	0	91301
144	66	75	0	91309
144	69	65	0	91325
128	57	64	0	91354
128	45	64	0	91357
144	45	41	0	91959
144	57	47	0	91964
128	73	64	0	92048
128	61	64	0	92051
128	66	64	0	92053
128	69	64	0	92063
144	61	61	0	92620
144	73	70	0	92644
144	66	70	0	92648
144	69	61	0	92654
128	57	64	0	92749
128	45	64	0	92758
128	69	64	0	93295
144	45	69	0	93298
128	61	64	0	93300
144	57	60	0	93308
128	66	64	0	93331
128	73	64	0	93333
144	64	72	0	93932
144	73	79	0	93936
144	66	80	0	93944
144	69	74	0	93960
128	57	64	0	94060
128	45	64	0	94070
144	57	48	0	94591
144	45	57	0	94594
128	69	64	0	94683
128	64	64	0	94685
128	66	64	0	94688
128	73	64	0	94689
144	64	58	0	95241
144	66	71	0	95252
144	73	76	0	95264
144	69	63	0	95267
128	57	64	0	95451
128	45	64	0	95488
144	45	76	0	95881
144	57	72	0	95893
144	51	83	0	95906
128	73	64	0	95916
128	69	64	0	95929
128	64	64	0	95941
128	66	64	0	95950
144	62	75	0	96558
144	66	82	0	96567
144	73	79	0	96571
144	69	77	0	96578
128	51	64	0	96623
128	57	64	0	96626
128	45	64	0	96651
144	45	64	0	97205
144	57	64	0	97238
144	51	73	0	97256
128	73	64	0	97296
128	62	64	0	97303
128	66	64	0	97316
128	69	64	0	97320
144	62	39	0	97882
144	73	68	0	97893
144	69	71	0	97898
144	66	75	0	97910
128	51	64	0	97917
128	57	64	0	97923
128	45	64	0	97927
144	51	70	0	98560
144	57	67	0	98564
144	45	55	0	98567
144	43	62	0	98576
128	69	64	0	98579
128	73	64	0	98599
128	66	64	0	98619
128	62	64	0	98634
128	43	64	0	98710
144	73	76	0	99197
144	69	68	0	99201
144	62	62	0	99203
144	66	77	0	99209
128	57	64	0	99266
128	51	64	0	99269
128	45	64	0	99271
144	45	75	0	99856
144	57	63	0	99868
144	51	76	0	99882
128	66	64	0	99945
128	73	64	0	99948
128	62	64	0	99970
128	69	64	0	99973
144	62	66	0	100547
144	69	68	0	100554
144	73	75	0	100562
144	66	83	0	100565
128	51	64	0	100661
128	45	64	0	100674
128	57	64	0	100682
144	45	75	0	101254
144	57	69	0	101270
144	51	87	0	101282
128	62	64	0	101289
128	69	64	0	101295
128	73	64	0	101300
128	66	64	0	101317
144	61	85	0	101892
144	73	80	0	101898
144	66	81	0	101912
128	57	64	0	101989
128	51	64	0	101999
128	45	64	0	102015
144	45	75	0	102532
144	51	67	0	102536
144	57	64	0	102544
128	73	64	0	102599
128	61	64	0	102619
128	66	64	0	102636
144	61	85	0	103232
144	73	80	0	103235
144	66	78	0	103254
128	51	64	0	103336
128	57	64	0	103349
128	45	64	0	103378
144	57	69	0	103900
144	45	73	0	103903
144	50	73	0	103910
128	61	64	0	103934
128	73	64	0	103936
128	66	64	0	103955
144	61	91	0	104570
144	73	84	0	104573
144	66	77	0	104586
128	57	64	0	104635
128	50	64	0	104659
128	45	64	0	104670
144	57	61	0	105239
144	50	63	0	105248
144	45	46	0	105253
128	73	64	0	105271
128	61	64	0	105290
128	66	64	0	105306
144	61	74	0	105912
144	73	71	0	105917
144	66	79	0	105935
128	50	64	0	105981
128	45	64	0	106021
128	57	64	0	106070
128	73	64	0	106499
144	45	62	0	106522
144	57	59	0	106535
128	61	64	0	106538
128	66	64	0	106544
144	49	77	0	106550
144	68	74	0	107236
144	63	81	0	107239
144	59	73	0	107243
144	60	75	0	107246
128	49	64	0	107296
128	57	64	0	107311
128	45	64	0	107340
128	68	64	0	107812
128	60	64	0	107825
128	59	64	0	107841
128	63	64	0	107843
144	45	55	0	107866
144	57	51	0	107870
144	49	64	0	107877
144	60	78	0	108505
144	59	79	0	108508
144	68	79	0	108511
144	63	83	0	108515
128	49	64	0	108545
128	57	64	0	108548
128	45	64	0	108559
128	59	64	0	109159
128	68	64	0	109165
128	60	64	0	109167
128	63	64	0	109169
144	57	66	0	109188
144	45	66	0	109192
144	49	63	0	109214
144	68	78	0	109855
144	63	75	0	109867
144	60	72	0	109869
144	59	74	0	109872
128	49	64	0	109920
128	45	64	0	109933
128	57	64	0	109942
144	49	61	0	110511
144	57	56	0	110514
144	45	69	0	110517
128	59	64	0	110540
128	60	64	0	110547
128	68	64	0	110559
128	63	64	0	110562
144	68	78	0	111193
128	57	64	0	111196
144	63	79	0	111202
128	45	64	0	111206
144	59	73	0	111211
144	60	75	0	111215
128	49	64	0	111230
144	56	43	0	111853
144	44	65	0	111875
144	48	66	0	111907
128	59	64	0	111922
128	60	64	0	111925
128	63	64	0	111929
128	68	64	0	111933
144	68	84	0	112532
144	59	79	0	112540
144	63	82	0	112543
144	60	82	0	112547
128	56	64	0	112575
128	44	64	0	112577
128	48	64	0	112579
144	56	62	0	113183
144	44	67	0	113186
144	48	70	0	113211
128	60	64	0	113238
128	59	64	0	113240
128	68	64	0	113259
128	63	64	0	113278
144	68	84	0	113828
144	59	78	0	113838
144	60	80	0	113841
144	64	82	0	113843
128	48	64	0	113877
128	56	64	0	113879
128	44	64	0	113892
144	56	69	0	114492
144	44	68	0	114502
128	59	64	0	114518
128	60	64	0	114520
128	64	64	0	114526
128	68	64	0	114528
144	48	67	0	114537
144	63	80	0	115082
144	68	81	0	115090
144	59	73	0	115097
144	60	78	0	115101
128	48	64	0	115154
128	56	64	0	115165
128	44	64	0	115175
144	56	68	0	115715
144	44	68	0	115722
144	48	76	0	115742
128	63	64	0	115748
144	64	78	0	115751
128	68	64	0	115768
144	66	80	0	116365
128	64	64	0	116391
128	56	64	0	116568
128	44	64	0	116570
128	48	64	0	116579
144	56	70	0	117044
144	44	76	0	117047
144	48	76	0	117060
128	66	64	0	117080
128	59	64	0	117110
128	60	64	0	117112
144	59	80	0	117647
144	68	80	0	117650
144	60	84	0	117654
144	63	87	0	117656
128	48	64	0	117684
128	56	64	0	117692
128	44	64	0	117711
144	44	55	0	118292
144	56	59	0	118297
144	48	71	0	118324
144	64	61	0	118326
128	68	64	0	118334
144	65	53	0	118357
128	63	64	0	118365
128	65	64	0	118424
144	68	85	0	118925
144	63	74	0	118942
128	56	64	0	118956
128	48	64	0	118964
128	44	64	0	118980
144	44	79	0	119597
144	56	76	0	119606
128	63	64	0	119615
128	68	64	0	119624
128	59	64	0	119635
128	60	64	0	119637
144	48	64	0	119642
128	64	64	0	119659
144	68	80	0	120181
144	60	72	0	120197
144	59	76	0	120200
144	63	84	0	120205
128	56	64	0	120252
128	48	64	0	120260
128	44	64	0	120266
144	56	63	0	120843
144	44	57	0	120858
128	63	64	0	120875
144	64	57	0	120878
144	48	76	0	120888
128	68	64	0	120891
144	65	53	0	120904
128	65	64	0	120975
144	66	83	0	121502
144	68	88	0	121511
128	64	64	0	121518
128	48	64	0	121550
128	56	64	0	121554
128	44	64	0	121582
144	56	73	0	122156
144	44	63	0	122164
144	48	66	0	122174
128	66	64	0	122183
128	59	64	0	122194
128	68	64	0	122202
128	60	64	0	122203
144	60	66	0	122758
144	59	67	0	122762
144	63	78	0	122765
144	64	73	0	122784
128	48	64	0	122808
128	56	64	0	122812
128	44	64	0	122820
144	56	59	0	123416
144	44	55	0	123419
128	64	64	0	123424
128	59	64	0	123435
128	60	64	0	123438
144	48	61	0	123441
128	63	64	0	123455
144	63	85	0	124059
144	59	72	0	124073
144	60	74	0	124076
128	48	64	0	124094
128	56	64	0	124096
128	44	64	0	124107
144	56	53	0	124663
144	44	50	0	124686
144	48	61	0	124689
128	59	64	0	124701
128	60	64	0	124712
128	63	64	0	124735
144	63	78	0	125316
144	68	80	0	125319
144	60	81	0	125322
128	56	64	0	125376
128	44	64	0	125381
128	48	64	0	125381
144	56	62	0	125909
128	68	64	0	125911
144	44	66	0	125921
144	69	73	0	125926
144	48	70	0	125935
128	69	64	0	126429
144	71	94	0	126563
128	56	64	0	126638
128	44	64	0	126641
128	48	64	0	126648
144	44	51	0	127189
144	56	64	0	127200
144	48	72	0	127215
128	60	64	0	127224
128	63	64	0	127230
128	71	64	0	127238
144	68	89	0	127832
144	60	93	0	127836
144	63	89	0	127838
128	56	64	0	127876
128	48	64	0	127898
128	44	64	0	127904
144	56	70	0	128440
128	68	64	0	128445
144	44	70	0	128449
144	69	75	0	128464
144	48	67	0	128466
128	69	64	0	128995
144	71	90	0	129120
128	48	64	0	129186
128	56	64	0	129190
128	44	64	0	129196
128	60	64	0	129596
128	71	64	0	129608
128	63	64	0	129665
144	56	68	0	129703
144	44	76	0	129705
144	48	74	0	129723
144	72	101	0	129726
144	71	57	0	130098
144	69	44	0	130136
128	72	64	0	130158
128	69	64	0	130199
144	69	58	0	130281
128	71	64	0	130306
128	56	64	0	130435
144	68	94	0	130441
128	44	64	0	130451
128	48	64	0	130466
128	69	64	0	130508
144	56	75	0	131104
144	44	71	0	131109
144	48	76	0	131124
128	68	64	0	131143
144	68	87	0	131757
128	56	64	0	131817
128	48	64	0	131837
128	44	64	0	131840
144	56	70	0	132391
144	44	69	0	132396
144	48	66	0	132403
144	69	79	0	132413
128	68	64	0	132464
144	71	86	0	133098
128	69	64	0	133131
128	44	64	0	133167
128	56	64	0	133172
128	48	64	0	133185
144	72	91	0	133716
144	56	67	0	133726
144	44	68	0	133734
128	71	64	0	133735
144	48	66	0	133746
144	71	71	0	134090
128	72	64	0	134151
144	69	69	0	134285
128	71	64	0	134327
144	68	87	0	134429
128	56	64	0	134454
128	44	64	0	134457
128	69	64	0	134464
128	48	64	0	134471
144	56	65	0	135072
144	44	68	0	135076
144	48	66	0	135084
128	68	64	0	135085
144	71	82	0	135749
144	68	82	0	135761
144	63	81	0	135764
144	60	77	0	135767
128	56	64	0	135822
128	44	64	0	135827
128	48	64	0	135829
144	56	65	0	136405
144	44	67	0	136410
144	48	68	0	136424
128	60	64	0	136445
128	71	64	0	136450
128	63	64	0	136455
128	68	64	0	136460
144	69	79	0	137058
144	63	81	0	137075
144	60	84	0	137080
144	67	80	0	137085
128	56	64	0	137129
128	48	64	0	137156
128	44	64	0	137174
144	44	66	0	137716
144	56	61	0	137724
144	48	67	0	137727
128	60	64	0	137737
128	69	64	0	137754
128	63	64	0	137756
128	67	64	0	137760
144	68	81	0	138404
144	63	73	0	138427
144	60	75	0	138433
144	65	81	0	138441
128	56	64	0	138513
128	44	64	0	138532
128	48	64	0	138547
144	44	60	0	139085
144	56	49	0	139089
128	65	64	0	139107
144	48	69	0	139121
128	68	64	0	139123
128	60	64	0	139128
128	63	64	0	139151
144	66	86	0	139713
144	60	83	0	139717
144	63	85	0	139722
128	56	64	0	139855
128	44	64	0	139883
128	48	64	0	139888
144	56	74	0	140364
144	44	70	0	140370
128	60	64	0	140396
128	63	64	0	140398
128	66	64	0	140400
144	48	68	0	140414
144	68	86	0	140997
144	63	86	0	141000
144	60	87	0	141003
128	56	64	0	141088
128	48	64	0	141094
128	44	64	0	141109
144	44	76	0	141631
144	56	74	0	141634
144	48	70	0	141648
128	68	64	0	141656
144	69	72	0	141663
144	71	64	0	141680
128	71	64	0	141882
128	69	64	0	142172
144	71	90	0	142286
128	56	64	0	142398
128	48	64	0	142421
128	44	64	0	142425
144	56	65	0	142925
144	44	60	0	142934
144	48	68	0	142955
128	71	64	0	142993
128	60	64	0	142999
128	63	64	0	143016
144	68	87	0	143614
144	63	88	0	143618
144	60	82	0	143620
128	48	64	0	143696
128	56	64	0	143698
128	44	64	0	143703
144	56	71	0	144240
128	68	64	0	144245
144	48	62	0	144258
144	44	68	0	144261
144	69	81	0	144282
128	69	64	0	144804
144	71	89	0	144947
128	44	64	0	145062
128	56	64	0	145065
128	48	64	0	145078
128	60	64	0	145260
128	63	64	0	145270
128	71	64	0	145399
144	72	70	0	145543
144	44	77	0	145546
144	74	67	0	145549
144	48	71	0	145554
144	56	70	0	145556
128	74	64	0	145735
144	71	68	0	145899
128	72	64	0	145977
144	69	48	0	146056
128	71	64	0	146110
144	68	93	0	146225
128	69	64	0	146290
128	56	64	0	146299
128	44	64	0	146330
128	48	64	0	146336
144	69	77	0	146572
128	68	64	0	146607
144	44	73	0	146863
144	56	72	0	146870
144	48	75	0	146880
144	72	79	0	146910
144	71	84	0	146914
128	69	64	0	146927
128	72	64	0	147053
144	69	78	0	147484
128	71	64	0	147535
128	56	64	0	147595
128	44	64	0	147614
128	48	64	0	147656
144	68	84	0	147835
128	69	64	0	147885
144	56	71	0	148169
144	44	77	0	148182
144	72	70	0	148189
144	48	69	0	148195
144	71	73	0	148198
128	68	64	0	148206
128	71	64	0	148326
144	71	70	0	148495
128	72	64	0	148571
144	69	72	0	148684
128	71	64	0	148733
144	68	87	0	148842
128	69	64	0	148878
128	44	64	0	148903
128	56	64	0	148919
128	48	64	0	148952
144	69	75	0	149173
128	68	64	0	149183
144	56	70	0	149491
144	44	75	0	149493
144	71	86	0	149496
144	48	73	0	149509
128	69	64	0	149522
144	69	74	0	150114
128	71	64	0	150173
128	44	64	0	150333
128	56	64	0	150352
128	48	64	0	150373
144	68	77	0	150451
128	69	64	0	150517
144	56	75	0	150824
144	44	71	0	150827
128	68	64	0	150865
144	48	51	0	150868
144	47	53	0	150881
128	47	64	0	150959
144	68	79	0	151551
144	63	76	0	151555
144	60	78	0	151567
128	56	64	0	151634
128	48	64	0	151639
128	44	64	0	151661
144	56	56	0	152195
144	44	66	0	152225
144	48	61	0	152234
128	60	64	0	152236
128	68	64	0	152247
128	63	64	0	152260
144	69	71	0	152829
144	60	68	0	152841
144	63	75	0	152845
128	44	64	0	152952
128	56	64	0	152955
128	48	64	0	152960
144	56	64	0	153489
144	44	68	0	153499
144	48	69	0	153533
128	63	64	0	153595
128	60	64	0	153598
128	69	64	0	153614
144	63	74	0	154174
144	71	67	0	154177
144	60	56	0	154181
128	44	64	0	154265
128	48	64	0	154301
128	56	64	0	154308
144	44	53	0	154792
144	56	55	0	154810
144	48	58	0	154855
128	71	64	0	154857
128	63	64	0	154871
128	60	64	0	154905
144	63	51	0	155505
144	72	74	0	155519
144	60	72	0	155533
128	56	64	0	155712
128	44	64	0	155722
128	48	64	0	155735
144	44	58	0	156202
144	56	57	0	156217
144	48	62	0	156237
128	60	64	0	156254
128	72	64	0	156290
128	63	64	0	156296
144	72	77	0	156574
144	63	64	0	156595
144	60	60	0	156604
128	72	64	0	156758
128	63	64	0	156789
128	60	64	0	156791
144	71	80	0	156903
144	63	59	0	156913
144	60	65	0	156921
128	60	64	0	157058
128	63	64	0	157060
128	71	64	0	157062
144	69	72	0	157222
144	60	62	0	157229
144	63	60	0	157235
128	63	64	0	157321
128	60	64	0	157368
128	69	64	0	157382
144	68	85	0	157555
144	60	86	0	157557
144	63	80	0	157563
128	68	64	0	157829
144	69	19	0	157912
128	60	64	0	158051
128	63	64	0	158076
128	69	64	0	158080
144	71	86	0	158225
144	60	73	0	158235
144	63	76	0	158238
128	60	64	0	158397
128	63	64	0	158406
128	71	64	0	158408
144	72	98	0	158577
144	60	96	0	158581
144	63	76	0	158593
128	44	64	0	158736
128	48	64	0	158745
128	56	64	0	158752
144	56	83	0	158917
144	44	78	0	158921
128	63	64	0	158935
128	60	64	0	158939
144	48	72	0	158944
128	72	64	0	158956
144	72	86	0	159222
144	63	77	0	159238
144	60	71	0	159241
128	72	64	0	159391
128	63	64	0	159413
128	60	64	0	159425
144	71	83	0	159553
144	60	69	0	159573
144	63	70	0	159596
128	63	64	0	159685
128	71	64	0	159696
128	60	64	0	159724
144	63	60	0	159874
144	60	62	0	159880
144	69	45	0	159938
144	67	47	0	159953
128	67	64	0	160024
128	63	64	0	160039
128	60	64	0	160040
128	69	64	0	160047
144	68	80	0	160241
144	60	68	0	160244
144	63	74	0	160247
128	68	64	0	160427
128	63	64	0	160441
128	60	64	0	160443
144	69	82	0	160557
144	60	67	0	160574
144	63	52	0	160587
128	63	64	0	160666
128	69	64	0	160701
128	60	64	0	160703
144	71	85	0	160880
144	60	73	0	160892
144	63	60	0	160920
128	63	64	0	160987
128	60	64	0	161017
128	71	64	0	161022
144	63	90	0	161230
144	72	90	0	161235
144	60	87	0	161240
128	56	64	0	161350
128	48	64	0	161352
128	44	64	0	161360
144	44	78	0	161590
144	56	84	0	161592
144	48	67	0	161618
128	60	64	0	161633
128	72	64	0	161645
128	63	64	0	161654
144	72	90	0	161925
128	72	64	0	162082
144	74	77	0	162236
128	74	64	0	162371
144	75	81	0	162566
128	75	64	0	162712
144	77	85	0	162887
128	77	64	0	163040
144	75	76	0	163190
128	75	64	0	163327
144	74	74	0	163531
128	74	64	0	163704
144	72	85	0	163870
128	44	64	0	164084
128	48	64	0	164100
128	56	64	0	164106
128	72	64	0	164220
144	56	81	0	164272
144	44	79	0	164275
144	48	73	0	164290
144	72	83	0	164592
128	72	64	0	164807
144	74	53	0	164964
144	76	61	0	164983
128	76	64	0	165080
128	74	64	0	165164
144	75	77	0	165267
128	75	64	0	165447
144	78	64	0	165618
128	78	64	0	165787
144	81	59	0	165959
128	81	64	0	166037
144	84	68	0	166335
128	84	64	0	166463
144	87	71	0	166670
128	87	64	0	166794
128	56	64	0	166844
128	48	64	0	166854
128	44	64	0	166869
144	90	85	0	167014
144	44	78	0	167024
144	56	85	0	167027
144	48	75	0	167048
128	90	64	0	167310
144	81	63	0	167360
128	81	64	0	167480
144	78	76	0	167702
128	78	64	0	167856
144	85	67	0	168047
128	85	64	0	168220
144	81	68	0	168370
128	81	64	0	168515
144	78	67	0	168677
128	78	64	0	168767
144	75	76	0	169011
128	75	64	0	169161
144	72	77	0	169337
128	48	64	0	169511
128	56	64	0	169517
128	44	64	0	169519
128	72	64	0	169547
144	44	70	0	169663
144	56	78	0	169669
144	48	73	0	169688
144	73	85	0	169692
128	73	64	0	169878
144	69	43	0	170002
128	69	64	0	170147
144	66	66	0	170351
128	66	64	0	170400
144	69	78	0	170722
128	69	64	0	170970
144	66	73	0	171053
128	66	64	0	171279
144	63	69	0	171411
128	63	64	0	171617
144	60	75	0	171733
128	60	64	0	171926
144	57	81	0	172081
128	56	64	0	172112
128	48	64	0	172144
128	44	64	0	172206
128	57	64	0	172353
144	44	83	0	172382
144	56	87	0	172423
144	48	72	0	172427
128	56	64	0	172649
144	57	77	0	172705
128	57	64	0	172874
144	60	84	0	173044
128	60	64	0	173188
144	61	74	0	173373
128	61	64	0	173525
144	63	86	0	173711
128	63	64	0	173980
144	64	78	0	174046
128	64	64	0	174213
144	66	82	0	174381
128	66	64	0	174503
144	67	80	0	174693
128	48	64	0	174824
128	44	64	0	174840
128	67	64	0	174850
144	44	70	0	175024
144	56	79	0	175030
144	48	73	0	175040
144	68	82	0	175393
128	68	64	0	175507
144	69	79	0	175705
128	69	64	0	175843
144	72	77	0	176012
128	72	64	0	176152
144	73	71	0	176341
128	73	64	0	176523
144	75	70	0	176671
128	75	64	0	176789
144	76	83	0	176982
128	76	64	0	177128
144	79	81	0	177325
128	79	64	0	177485
128	44	64	0	177517
128	56	64	0	177519
128	48	64	0	177522
144	56	83	0	177673
144	44	65	0	177685
144	48	75	0	177693
144	80	76	0	178021
128	80	64	0	178150
144	73	79	0	178360
128	73	64	0	178486
144	80	79	0	178694
128	80	64	0	178827
144	72	74	0	179000
128	72	64	0	179153
144	80	67	0	179344
128	80	64	0	179397
144	69	76	0	179671
128	69	64	0	179813
144	80	93	0	180031
128	56	64	0	180102
128	44	64	0	180105
128	48	64	0	180107
128	80	64	0	180177
144	44	73	0	180341
144	56	81	0	180344
144	48	75	0	180358
144	80	85	0	180724
128	80	64	0	180886
144	73	82	0	181044
128	73	64	0	181210
144	80	73	0	181366
128	80	64	0	181486
144	72	77	0	181683
128	72	64	0	181813
144	80	64	0	182010
128	80	64	0	182128
144	69	77	0	182326
128	69	64	0	182465
144	80	79	0	182665
128	56	64	0	182748
128	44	64	0	182749
128	48	64	0	182751
128	80	64	0	182771
144	56	78	0	182959
144	44	68	0	182964
144	48	72	0	182973
144	68	88	0	182989
128	68	64	0	183138
144	69	77	0	183314
128	69	64	0	183438
144	71	72	0	183633
128	71	64	0	183729
144	72	74	0	183938
128	72	64	0	184055
144	73	73	0	184280
128	73	64	0	184411
144	75	73	0	184615
128	75	64	0	184691
144	77	69	0	184935
128	77	64	0	185096
144	79	77	0	185280
128	79	64	0	185387
128	56	64	0	185547
128	44	64	0	185555
128	48	64	0	185559
144	80	87	0	185624
128	80	64	0	185852
144	44	17	0	185973
144	79	82	0	185976
144	48	49	0	185982
144	56	8	0	186024
128	44	64	0	186092
128	56	64	0	186097
128	48	64	0	186105
128	79	64	0	186240
144	76	77	0	186296
128	76	64	0	186526
144	56	68	0	186601
144	48	63	0	186620
144	44	53	0	186623
144	75	73	0	186642
128	44	64	0	186756
128	48	64	0	186771
128	56	64	0	186773
128	75	64	0	186879
144	74	71	0	186970
128	74	64	0	187085
144	56	66	0	187276
144	48	62	0	187293
144	44	50	0	187296
144	73	80	0	187300
128	44	64	0	187366
128	48	64	0	187388
128	56	64	0	187395
128	73	64	0	187412
144	72	80	0	187620
128	72	64	0	187732
144	71	78	0	187916
144	56	78	0	187919
144	44	64	0	187930
144	48	64	0	187941
128	48	64	0	188011
128	44	64	0	188018
128	71	64	0	188038
128	56	64	0	188042
144	68	84	0	188272
128	68	64	0	188391
144	56	72	0	188544
144	44	64	0	188546
144	71	79	0	188550
144	48	68	0	188561
128	48	64	0	188639
128	56	64	0	188654
128	44	64	0	188662
128	71	64	0	188679
144	65	79	0	188898
128	65	64	0	189042
144	56	74	0	189199
144	44	66	0	189205
144	68	80	0	189212
144	48	66	0	189219
128	48	64	0	189285
128	44	64	0	189299
128	56	64	0	189318
128	68	64	0	189337
144	62	75	0	189508
128	62	64	0	189626
144	65	80	0	189819
144	56	78	0	189833
144	44	64	0	189839
144	48	68	0	189852
128	48	64	0	189910
128	44	64	0	189930
128	56	64	0	189948
128	65	64	0	189981
144	64	77	0	190140
128	64	64	0	190270
144	62	75	0	190430
144	56	75	0	190433
144	44	54	0	190442
144	48	65	0	190450
128	48	64	0	190513
128	44	64	0	190519
128	56	64	0	190540
128	62	64	0	190561
144	61	80	0	190779
128	61	64	0	191027
144	56	72	0	191059
144	44	55	0	191074
144	48	59	0	191083
144	62	73	0	191099
128	48	64	0	191149
128	44	64	0	191151
128	56	64	0	191163
128	62	64	0	191168
144	61	79	0	191417
144	56	74	0	191462
144	44	63	0	191465
144	48	62	0	191478
128	44	64	0	191699
128	56	64	0	191714
128	61	64	0	191716
128	48	64	0	191719
144	62	75	0	191748
128	62	64	0	191859
144	56	77	0	192056
144	44	64	0	192061
144	60	80	0	192066
144	48	60	0	192078
128	56	64	0	192112
128	44	64	0	192118
128	48	64	0	192129
128	60	64	0	192163
144	61	79	0	192373
128	61	64	0	192510
144	59	81	0	192672
128	59	64	0	192833
144	60	81	0	192971
128	60	64	0	193123
144	56	80	0	193267
144	44	68	0	193270
144	48	69	0	193278
128	48	64	0	193401
128	56	64	0	193403
128	44	64	0	193415
144	60	88	0	193595
128	60	64	0	193730
144	61	74	0	193894
128	61	64	0	194020
144	62	78	0	194185
128	62	64	0	194328
144	63	77	0	194491
128	63	64	0	194585
144	64	75	0	194771
128	64	64	0	194912
144	65	72	0	195076
128	65	64	0	195221
144	66	78	0	195405
128	66	64	0	195515
144	44	75	0	195699
144	56	75	0	195709
144	48	73	0	195713
144	68	84	0	195723
128	56	64	0	195808
128	44	64	0	195816
128	48	64	0	195818
128	68	64	0	195848
144	66	73	0	196000
128	66	64	0	196061
144	65	74	0	196278
128	65	64	0	196427
144	64	62	0	196584
128	64	64	0	196695
144	63	74	0	196895
128	63	64	0	197188
144	61	70	0	197202
128	61	64	0	197297
144	59	78	0	197516
128	59	64	0	197664
144	57	69	0	197818
128	57	64	0	197956
144	56	77	0	198126
144	48	68	0	198132
144	44	60	0	198136
128	48	64	0	198269
128	44	64	0	198270
128	56	64	0	198279
144	57	66	0	198425
144	48	60	0	198484
144	44	50	0	198490
128	48	64	0	198545
128	57	64	0	198552
128	44	64	0	198554
144	56	72	0	198700
144	44	59	0	198749
144	48	68	0	198755
128	48	64	0	198813
128	44	64	0	198818
128	56	64	0	198828
144	44	55	0	198975
144	48	66	0	198983
144	57	69	0	198986
128	44	64	0	199045
128	48	64	0	199047
128	57	64	0	199099
144	44	67	0	199292
144	48	58	0	199297
144	56	79	0	199305
128	44	64	0	199361
128	48	64	0	199393
128	56	64	0	199418
144	48	60	0	199577
144	57	66	0	199589
144	44	55	0	199600
128	48	64	0	199649
128	44	64	0	199657
128	57	64	0	199698
144	44	79	0	199875
144	56	74	0	199893
144	48	44	0	199904
128	48	64	0	199972
128	44	64	0	199978
128	56	64	0	200004
144	48	80	0	200174
144	57	57	0	200186
144	44	68	0	200188
128	44	64	0	200250
128	48	64	0	200290
128	57	64	0	200335
144	44	81	0	200481
144	56	73	0	200498
144	51	84	0	200511
128	56	64	0	200670
128	51	64	0	200711
128	44	64	0	200749
144	57	70	0	200794
128	57	64	0	200914
144	44	81	0	201078
144	59	73	0	201083
144	51	80	0	201090
128	59	64	0	201300
128	51	64	0	201329
128	44	64	0	201343
144	60	34	0	201458
128	60	64	0	201505
144	44	80	0	201698
144	51	80	0	201707
144	61	85	0	201739
128	44	64	0	202007
128	61	64	0	202012
128	51	64	0	202018
144	59	59	0	202042
128	59	64	0	202200
144	57	66	0	202357
144	44	85	0	202360
144	51	88	0	202363
128	57	64	0	202639
144	56	76	0	202656
128	44	64	0	202683
128	51	64	0	202686
128	56	64	0	202798
144	44	81	0	202989
144	51	87	0	202996
144	56	85	0	202998
128	51	64	0	203109
128	56	64	0	203119
128	44	64	0	203157
144	57	54	0	203273
128	57	64	0	203410
144	59	75	0	203576
144	44	72	0	203582
144	51	79	0	203586
128	51	64	0	203721
128	59	64	0	203730
128	44	64	0	203736
144	60	64	0	203850
128	60	64	0	203991
144	44	87	0	204168
144	51	90	0	204170
144	61	85	0	204178
128	44	64	0	204454
128	51	64	0	204463
144	59	62	0	204468
128	61	64	0	204492
128	59	64	0	204717
144	51	74	0	204778
144	44	67	0	204788
144	57	72	0	204795
128	57	64	0	205073
144	56	74	0	205121
128	44	64	0	205147
128	51	64	0	205149
144	44	87	0	205421
144	51	92	0	205434
128	56	64	0	205452
144	56	81	0	206049
144	61	77	0	206057
128	44	64	0	206175
128	51	64	0	206177
128	56	64	0	206368
144	57	79	0	206374
128	57	64	0	206670
144	44	86	0	206692
128	61	64	0	206694
144	51	88	0	206698
144	56	85	0	207288
144	61	80	0	207302
128	51	64	0	207415
128	44	64	0	207463
128	56	64	0	207610
144	57	87	0	207612
144	44	90	0	207965
144	51	87	0	207968
128	57	64	0	207980
128	61	64	0	208018
144	61	79	0	208262
144	56	77	0	208270
144	57	81	0	208548
128	56	64	0	208580
128	44	64	0	208797
144	59	73	0	208848
128	51	64	0	208862
128	61	64	0	208870
128	57	64	0	208916
144	51	91	0	209153
144	44	88	0	209156
144	60	88	0	209159
128	59	64	0	209182
144	59	71	0	209423
128	60	64	0	209441
128	59	64	0	209737
144	57	68	0	209756
128	57	64	0	210063
144	56	79	0	210067
128	44	64	0	210129
128	51	64	0	210133
144	44	90	0	210409
144	51	90	0	210418
128	56	64	0	210450
144	56	85	0	211008
144	61	84	0	211011
128	51	64	0	211181
128	44	64	0	211190
144	57	89	0	211327
128	56	64	0	211366
144	44	84	0	211658
144	51	76	0	211674
128	57	64	0	211692
128	61	64	0	211697
144	61	73	0	212231
144	56	73	0	212268
144	57	83	0	212558
128	56	64	0	212578
128	44	64	0	212588
128	51	64	0	212601
144	44	91	0	212916
144	51	96	0	212919
128	61	64	0	212930
128	57	64	0	212946
144	56	76	0	213208
128	56	64	0	213491
144	57	63	0	213507
144	59	66	0	213808
128	57	64	0	213833
128	44	64	0	213892
128	51	64	0	213916
144	44	90	0	214118
144	60	83	0	214121
144	51	90	0	214125
128	59	64	0	214137
144	59	68	0	214469
128	60	64	0	214489
128	59	64	0	214688
144	57	57	0	214726
128	44	64	0	214945
128	51	64	0	214997
144	56	68	0	215034
128	57	64	0	215062
144	44	74	0	215347
144	51	76	0	215359
128	56	64	0	215406
144	61	85	0	215970
144	56	89	0	215975
128	44	64	0	216125
128	51	64	0	216138
144	57	89	0	216257
128	56	64	0	216289
144	44	74	0	216565
144	49	81	0	216577
144	52	71	0	216579
128	57	64	0	216612
128	61	64	0	216619
144	61	75	0	217177
144	56	79	0	217184
128	49	64	0	217325
128	52	64	0	217340
128	44	64	0	217373
144	57	88	0	217467
128	56	64	0	217500
128	57	64	0	217818
128	61	64	0	217823
144	51	77	0	217830
144	44	76	0	217837
144	48	73	0	217847
144	61	72	0	218433
144	56	72	0	218444
128	48	64	0	218546
128	51	64	0	218615
128	44	64	0	218652
144	57	84	0	218705
128	56	64	0	218730
144	49	78	0	219010
144	44	76	0	219021
144	53	77	0	219025
128	57	64	0	219077
128	61	64	0	219083
144	61	68	0	219631
144	56	71	0	219649
128	49	64	0	219823
128	53	64	0	219849
128	44	64	0	219890
144	57	87	0	219907
128	56	64	0	219939
144	53	73	0	220210
144	50	78	0	220219
144	44	77	0	220222
128	61	64	0	220258
128	57	64	0	220260
144	61	74	0	220818
144	56	72	0	220823
128	53	64	0	221059
128	44	64	0	221062
144	57	87	0	221107
128	50	64	0	221121
128	56	64	0	221136
144	50	63	0	221431
144	52	81	0	221450
144	44	77	0	221453
128	61	64	0	221457
128	57	64	0	221467
144	61	66	0	222077
144	56	71	0	222080
128	52	64	0	222278
128	50	64	0	222306
128	44	64	0	222350
144	57	81	0	222359
128	56	64	0	222386
144	44	45	0	222669
144	51	66	0	222680
144	54	74	0	222707
128	61	64	0	222729
128	57	64	0	222743
144	61	61	0	223246
144	56	68	0	223259
128	54	64	0	223449
128	44	64	0	223474
128	51	64	0	223510
144	57	81	0	223552
128	56	64	0	223606
144	44	71	0	223878
144	51	78	0	223888
144	55	74	0	223891
128	57	64	0	223936
128	61	64	0	223951
144	57	78	0	224538
144	61	77	0	224544
128	44	64	0	224644
128	51	64	0	224712
128	55	64	0	224740
144	54	72	0	225146
144	53	55	0	225166
144	52	58	0	225168
128	61	64	0	225207
128	57	64	0	225214
128	52	64	0	225354
144	57	81	0	225806
144	61	80	0	225809
128	53	64	0	225888
128	54	64	0	225939
144	54	66	0	226399
144	52	71	0	226409
128	61	64	0	226458
128	57	64	0	226465
144	57	75	0	227086
144	61	80	0	227091
128	54	64	0	227190
128	52	64	0	227231
144	54	81	0	227670
144	53	75	0	227676
128	57	64	0	227734
128	61	64	0	227737
144	57	74	0	228322
144	61	77	0	228326
128	53	64	0	228485
128	54	64	0	228569
144	52	78	0	228910
144	54	75	0	228914
128	57	64	0	228942
128	61	64	0	228951
144	57	73	0	229546
144	61	76	0	229552
128	52	64	0	229670
128	54	64	0	229686
144	50	81	0	230176
144	54	76	0	230179
128	61	64	0	230227
128	57	64	0	230236
144	57	82	0	230814
144	61	83	0	230818
128	50	64	0	230991
128	54	64	0	231004
144	50	69	0	231451
144	54	60	0	231454
128	61	64	0	231519
128	57	64	0	231528
144	57	81	0	232130
144	61	87	0	232134
128	50	64	0	232238
128	54	64	0	232255
144	49	80	0	232717
144	54	80	0	232732
128	61	64	0	232786
128	57	64	0	232796
144	57	87	0	233369
144	61	94	0	233373
128	49	64	0	233429
128	54	64	0	233457
144	49	67	0	233972
144	54	87	0	233975
144	48	68	0	234008
128	61	64	0	234043
128	57	64	0	234051
128	48	64	0	234146
128	49	64	0	234181
144	51	31	0	234230
128	51	64	0	234327
144	49	19	0	234364
144	61	89	0	234619
144	57	82	0	234624
128	49	64	0	234787
128	54	64	0	234937
144	48	85	0	235223
144	54	83	0	235239
128	61	64	0	235263
128	57	64	0	235266
144	61	74	0	235588
144	57	56	0	235593
128	61	64	0	235738
128	57	64	0	235740
144	61	91	0	235899
144	57	87	0	235903
128	48	64	0	236204
128	54	64	0	236310
144	48	88	0	236554
144	54	78	0	236581
128	57	64	0	236634
128	61	64	0	236644
144	57	55	0	236874
144	61	65	0	236877
128	57	64	0	237029
128	61	64	0	237032
144	57	88	0	237208
144	61	90	0	237212
128	48	64	0	237386
128	54	64	0	237411
144	54	83	0	237833
144	45	86	0	237836
128	57	64	0	237840
128	61	64	0	237848
144	57	77	0	238189
144	61	81	0	238194
128	57	64	0	238310
128	61	64	0	238317
144	57	83	0	238476
144	61	93	0	238479
128	45	64	0	238816
128	54	64	0	238830
144	45	75	0	239120
144	54	72	0	239126
128	57	64	0	239128
128	61	64	0	239143
144	61	67	0	239456
144	57	60	0	239466
128	61	64	0	239606
128	57	64	0	239623
144	61	85	0	239770
144	57	79	0	239774
128	45	64	0	240053
128	54	64	0	240055
128	57	64	0	240432
144	52	70	0	240453
128	61	64	0	240455
144	41	62	0	240478
144	43	70	0	240483
144	61	81	0	240797
144	57	73	0	240811
128	61	64	0	240911
128	57	64	0	240923
144	57	92	0	241074
144	61	87	0	241078
128	43	64	0	241543
128	41	64	0	241545
128	52	64	0	241568
144	43	87	0	241733
144	52	77	0	241746
128	57	64	0	241795
128	61	64	0	241809
144	57	60	0	242032
144	61	63	0	242035
128	61	64	0	242200
128	57	64	0	242209
144	57	88	0	242365
144	61	89	0	242368
128	52	64	0	242686
128	43	64	0	242745
144	43	80	0	243004
128	57	64	0	243012
144	53	70	0	243015
128	61	64	0	243022
144	57	77	0	243359
144	61	80	0	243363
128	61	64	0	243485
128	57	64	0	243507
144	61	87	0	243650
144	57	88	0	243657
128	53	64	0	244079
128	43	64	0	244115
128	57	64	0	244282
144	43	78	0	244307
144	53	64	0	244321
128	61	64	0	244323
144	61	68	0	244621
144	57	60	0	244624
128	61	64	0	244759
128	57	64	0	244779
144	57	86	0	244935
144	61	84	0	244940
128	43	64	0	245086
128	53	64	0	245088
144	54	68	0	245630
144	42	65	0	245645
144	49	76	0	245664
128	61	64	0	245672
128	57	64	0	245682
144	57	58	0	245954
144	61	61	0	245956
128	61	64	0	246048
128	57	64	0	246062
144	57	84	0	246269
144	61	87	0	246273
128	42	64	0	246692
128	54	64	0	246734
128	49	64	0	246753
144	54	79	0	246975
144	42	77	0	246982
144	49	78	0	246998
128	61	64	0	247028
128	57	64	0	247041
144	57	84	0	247616
144	61	86	0	247619
128	42	64	0	247782
128	54	64	0	247935
128	49	64	0	247946
144	54	70	0	248260
144	42	67	0	248266
128	61	64	0	248281
128	57	64	0	248288
144	49	71	0	248299
144	61	74	0	248589
144	57	60	0	248592
128	57	64	0	248700
128	61	64	0	248707
144	57	84	0	248864
144	61	90	0	248867
128	42	64	0	249239
128	54	64	0	249249
128	49	64	0	249274
144	54	83	0	249510
144	42	79	0	249518
144	49	77	0	249525
128	61	64	0	249560
128	57	64	0	249562
144	57	87	0	250159
144	61	90	0	250164
128	42	64	0	250408
128	54	64	0	250447
128	49	64	0	250458
144	54	63	0	250793
144	42	67	0	250796
144	49	75	0	250814
128	61	64	0	250852
128	57	64	0	250866
144	57	75	0	251135
144	64	70	0	251151
128	64	64	0	251230
128	57	64	0	251253
144	64	91	0	251420
144	57	82	0	251430
128	42	64	0	251587
128	54	64	0	251622
128	49	64	0	251651
144	62	69	0	251722
128	64	64	0	251757
144	54	72	0	252068
144	42	70	0	252073
144	61	79	0	252081
144	49	75	0	252087
128	62	64	0	252096
144	62	66	0	252404
128	61	64	0	252421
144	64	78	0	252695
128	62	64	0	252719
128	64	64	0	252968
144	65	76	0	253038
128	42	64	0	253112
128	54	64	0	253142
128	49	64	0	253169
144	42	77	0	253362
144	54	82	0	253365
144	49	79	0	253369
128	65	64	0	253372
128	57	64	0	253392
144	57	76	0	253702
144	61	80	0	253708
128	57	64	0	253857
128	61	64	0	253859
144	57	84	0	254013
144	61	94	0	254016
144	62	71	0	254316
128	42	64	0	254324
128	61	64	0	254344
128	54	64	0	254368
128	49	64	0	254409
144	54	74	0	254647
144	64	84	0	254654
144	42	68	0	254659
144	49	73	0	254662
128	62	64	0	254673
144	62	69	0	254942
128	64	64	0	254986
144	61	80	0	255292
128	62	64	0	255310
144	59	84	0	255601
128	61	64	0	255625
128	54	64	0	255636
128	42	64	0	255638
128	49	64	0	255686
128	57	64	0	255946
128	59	64	0	255952
144	42	78	0	255961
144	54	83	0	255964
144	49	81	0	255967
144	57	84	0	256286
144	64	87	0	256289
128	64	64	0	256444
128	57	64	0	256446
144	64	84	0	256573
144	57	73	0	256581
144	62	70	0	256884
128	64	64	0	256902
128	42	64	0	256941
128	54	64	0	256966
128	49	64	0	257008
144	54	76	0	257231
144	61	83	0	257233
144	42	74	0	257236
144	49	76	0	257239
128	62	64	0	257248
144	62	65	0	257572
128	61	64	0	257574
144	64	80	0	257854
128	62	64	0	257873
128	64	64	0	258130
144	65	72	0	258191
128	54	64	0	258365
128	42	64	0	258372
128	49	64	0	258410
144	49	70	0	258521
144	54	85	0	258527
144	42	80	0	258531
128	57	64	0	258542
128	65	64	0	258561
144	57	75	0	258856
144	61	79	0	258864
128	61	64	0	259017
128	57	64	0	259022
144	61	75	0	259160
144	57	69	0	259171
128	61	64	0	259502
128	42	64	0	259508
144	62	64	0	259516
128	54	64	0	259542
128	49	64	0	259559
144	54	77	0	259787
144	64	82	0	259790
128	62	64	0	259796
144	49	79	0	259799
144	42	72	0	259803
144	62	69	0	260113
128	64	64	0	260179
144	61	75	0	260417
128	62	64	0	260436
128	54	64	0	260746
144	60	73	0	260773
128	42	64	0	260777
128	61	64	0	260783
128	49	64	0	260813
144	54	75	0	261075
144	49	72	0	261091
144	42	68	0	261094
144	61	79	0	261114
128	60	64	0	261141
144	64	62	0	261447
144	65	59	0	261451
128	61	64	0	261465
144	61	78	0	261771
128	65	64	0	261792
128	64	64	0	261807
128	54	64	0	261896
128	42	64	0	261944
128	49	64	0	261954
144	65	83	0	262084
128	61	64	0	262137
144	42	70	0	262407
144	54	72	0	262411
144	61	84	0	262414
144	49	75	0	262427
128	65	64	0	262445
144	64	81	0	262740
128	61	64	0	262773
144	61	83	0	263040
128	64	64	0	263066
128	54	64	0	263167
128	42	64	0	263200
128	49	64	0	263245
144	65	77	0	263346
128	61	64	0	263375
144	42	61	0	263669
144	54	64	0	263674
144	49	74	0	263684
144	60	81	0	263701
128	65	64	0	263726
144	61	68	0	264005
128	60	64	0	264064
144	64	69	0	264318
128	61	64	0	264342
128	64	64	0	264499
144	65	68	0	264585
128	42	64	0	264734
128	54	64	0	264742
128	49	64	0	264792
144	54	71	0	264942
144	42	67	0	264945
144	60	77	0	264949
144	49	69	0	264953
128	65	64	0	264977
144	61	74	0	265271
128	60	64	0	265379
128	57	64	0	265453
128	61	64	0	265577
144	64	72	0	265593
144	65	71	0	265893
128	64	64	0	265903
128	42	64	0	266031
128	54	64	0	266033
128	65	64	0	266065
128	49	64	0	266074
144	66	78	0	266212
144	54	77	0	266216
144	42	71	0	266221
144	49	71	0	266226
128	66	64	0	266540
144	69	67	0	266553
128	69	64	0	266840
144	66	63	0	266862
144	69	62	0	267140
128	66	64	0	267157
128	42	64	0	267320
128	54	64	0	267350
128	49	64	0	267362
144	64	80	0	267452
144	54	66	0	267465
144	49	53	0	267475
144	42	69	0	267479
128	69	64	0	267481
144	66	60	0	267803
128	64	64	0	267816
144	60	82	0	268121
128	66	64	0	268136
128	42	64	0	268577
128	54	64	0	268603
128	49	64	0	268624
128	60	64	0	268681
144	54	79	0	268771
144	42	76	0	268774
144	66	93	0	268790
144	49	78	0	268792
144	69	76	0	269156
128	66	64	0	269170
128	69	64	0	269439
144	66	78	0	269445
144	69	75	0	269792
128	66	64	0	269837
144	64	84	0	270103
128	69	64	0	270153
144	66	76	0	270388
128	64	64	0	270425
144	60	81	0	270706
128	66	64	0	270771
128	54	64	0	271110
128	42	64	0	271136
128	49	64	0	271155
128	60	64	0	271184
144	42	69	0	271321
144	54	74	0	271324
144	49	72	0	271332
144	66	71	0	271352
128	66	64	0	271679
144	69	63	0	271682
144	64	80	0	272000
128	69	64	0	272002
128	64	64	0	272308
144	66	75	0	272322
144	60	78	0	272623
128	66	64	0	272625
144	66	72	0	272960
128	60	64	0	272974
128	66	64	0	273263
144	64	73	0	273270
144	69	71	0	273578
128	64	64	0	273603
144	66	85	0	273888
128	69	64	0	273917
144	69	80	0	274191
128	66	64	0	274222
144	64	84	0	274513
128	69	64	0	274555
144	66	72	0	274826
128	64	64	0	274847
144	60	75	0	275119
128	66	64	0	275132
144	66	66	0	275449
128	60	64	0	275507
128	66	64	0	275739
144	64	64	0	275743
144	69	65	0	276054
128	64	64	0	276079
128	42	64	0	276141
128	54	64	0	276143
128	49	64	0	276162
144	66	68	0	276344
128	69	64	0	276349
144	54	66	0	276362
144	49	68	0	276374
144	42	58	0	276377
144	69	72	0	276688
128	66	64	0	276694
144	64	65	0	277006
128	69	64	0	277023
144	66	64	0	277296
128	64	64	0	277299
144	60	63	0	277584
128	66	64	0	277595
144	66	60	0	277904
128	60	64	0	277942
144	64	59	0	278245
128	66	64	0	278248
144	69	59	0	278542
128	64	64	0	278553
128	69	64	0	278842
144	66	64	0	278844
128	66	64	0	279130
144	72	64	0	279148
128	72	64	0	279458
144	69	56	0	279474
144	76	61	0	279767
128	69	64	0	279769
128	76	64	0	280044
144	72	62	0	280058
144	78	58	0	280353
128	72	64	0	280359
128	78	64	0	280651
144	76	52	0	280660
144	81	72	0	280957
128	76	64	0	280979
128	81	64	0	281255
144	78	71	0	281271
144	81	71	0	281600
128	78	64	0	281619
144	76	68	0	281911
128	81	64	0	281950
144	78	67	0	282195
128	76	64	0	282210
128	78	64	0	282500
144	72	67	0	282519
144	76	65	0	282828
128	72	64	0	282835
144	69	75	0	283149
128	76	64	0	283152
144	72	62	0	283437
128	69	64	0	283457
144	66	80	0	283775
128	72	64	0	283799
144	69	63	0	284045
128	66	64	0	284045
128	69	64	0	284325
144	64	75	0	284343
144	66	64	0	284625
128	64	64	0	284640
128	66	64	0	284948
144	60	72	0	284954
128	60	64	0	285237
144	64	65	0	285251
128	64	64	0	285553
144	57	72	0	285556
128	57	64	0	285843
144	60	42	0	285884
144	59	34	0	285895
128	59	64	0	285965
144	64	63	0	286191
128	60	64	0	286195
144	66	67	0	286474
128	64	64	0	286481
128	66	64	0	286648
144	69	74	0	286788
144	66	63	0	287061
128	69	64	0	287074
128	66	64	0	287307
144	64	66	0	287373
128	64	64	0	287667
144	66	58	0	287671
144	60	75	0	287951
128	66	64	0	287966
144	64	62	0	288273
128	60	64	0	288290
128	64	64	0	288504
144	66	69	0	288590
144	69	65	0	288870
128	66	64	0	288886
144	64	62	0	289174
128	69	64	0	289189
144	66	61	0	289472
128	64	64	0	289486
128	66	64	0	289717
144	60	66	0	289752
128	60	64	0	290014
144	64	55	0	290040
128	64	64	0	290328
144	57	75	0	290349
144	60	66	0	290671
128	57	64	0	290673
128	54	64	0	290684
128	49	64	0	290781
128	42	64	0	290872
144	54	83	0	290963
128	60	64	0	290996
144	42	72	0	291281
128	54	64	0	291372
144	54	65	0	291581
128	54	64	0	292019
144	54	63	0	292209
128	42	64	0	292422
144	42	65	0	292537
128	54	64	0	292652
144	54	68	0	292858
128	54	64	0	293333
144	54	76	0	293501
128	42	64	0	293672
144	42	55	0	293794
128	54	64	0	293868
144	54	68	0	294097
128	54	64	0	294566
144	54	78	0	294752
128	42	64	0	294855
144	42	66	0	295079
128	54	64	0	295131
144	54	78	0	295390
128	42	64	0	295749
144	30	67	0	296040
144	42	55	0	296050
128	54	64	0	296269
144	54	72	0	296704
128	54	64	0	297014
144	52	53	0	297037
128	42	64	0	297170
128	30	64	0	297189
144	42	63	0	297344
144	30	66	0	297352
128	52	64	0	297438
144	54	64	0	297994
144	48	66	0	298262
128	30	64	0	298399
128	42	64	0	298409
144	30	77	0	298596
144	42	69	0	298601
128	54	64	0	298607
128	48	64	0	298620
144	54	43	0	299224
144	52	59	0	299515
128	54	64	0	299541
128	42	64	0	299555
128	30	64	0	299559
144	42	60	0	299819
144	30	68	0	299824
128	52	64	0	299944
144	54	47	0	300450
128	42	64	0	300740
128	30	64	0	300745
144	48	42	0	300772
128	54	64	0	300788
144	42	55	0	301022
144	30	66	0	301034
128	48	64	0	301059
144	54	60	0	301091
128	54	64	0	301361
144	52	50	0	301363
144	57	58	0	301667
128	52	64	0	301690
144	54	62	0	301981
128	57	64	0	302006
128	30	64	0	302069
128	42	64	0	302086
144	42	73	0	302271
144	30	75	0	302275
128	54	64	0	302601
144	57	60	0	302615
128	57	64	0	302883
144	52	72	0	302905
128	52	64	0	303199
144	54	63	0	303202
128	30	64	0	303301
128	42	64	0	303316
144	30	77	0	303531
144	42	63	0	303534
144	48	69	0	303860
128	54	64	0	303886
144	54	74	0	304161
128	48	64	0	304169
144	52	69	0	304443
128	54	64	0	304464
128	30	64	0	304582
128	42	64	0	304594
144	42	70	0	304751
144	30	69	0	304754
144	57	68	0	305066
128	52	64	0	305127
144	54	67	0	305370
128	57	64	0	305393
144	57	72	0	305661
128	54	64	0	305686
128	42	64	0	305784
128	30	64	0	305786
144	52	84	0	305969
144	42	73	0	305975
144	30	78	0	305979
128	57	64	0	305996
144	54	70	0	306273
128	52	64	0	306304
144	56	69	0	306639
128	54	64	0	306660
144	57	78	0	306967
128	56	64	0	306970
128	42	64	0	307064
128	30	64	0	307065
144	42	78	0	307271
144	30	83	0	307274
144	56	73	0	307277
128	57	64	0	307325
144	54	64	0	307563
128	56	64	0	307597
144	52	66	0	307914
128	54	64	0	307931
144	50	68	0	308186
128	52	64	0	308214
128	42	64	0	308255
128	30	64	0	308278
144	30	75	0	308520
144	42	73	0	308523
144	49	75	0	308542
128	50	64	0	308581
144	50	55	0	308837
128	49	64	0	308860
144	52	59	0	309139
128	50	64	0	309164
144	54	63	0	309383
128	52	64	0	309399
128	42	64	0	309546
128	30	64	0	309580
144	52	71	0	309701
144	42	70	0	309709
144	30	71	0	309720
128	54	64	0	309723
144	50	62	0	309998
128	52	64	0	310077
144	49	64	0	310291
128	50	64	0	310311
144	48	63	0	310608
128	49	64	0	310639
128	42	64	0	310734
128	30	64	0	310761
144	45	75	0	310889
144	42	66	0	310902
144	30	73	0	310914
128	48	64	0	310916
144	48	62	0	311207
128	45	64	0	311209
128	48	64	0	311494
144	51	66	0	311498
128	51	64	0	311774
144	52	58	0	311784
128	30	64	0	311855
128	42	64	0	311866
144	42	69	0	312098
144	54	68	0	312105
128	52	64	0	312107
144	30	75	0	312110
128	54	64	0	312399
144	57	53	0	312405
144	60	64	0	312700
128	57	64	0	312705
144	63	67	0	312978
128	60	64	0	312994
128	42	64	0	313014
128	30	64	0	313029
144	42	72	0	313290
144	30	73	0	313293
128	63	64	0	313301
144	64	79	0	313309
144	63	61	0	313619
128	64	64	0	313651
144	66	74	0	313937
128	63	64	0	313942
144	67	61	0	314260
128	66	64	0	314280
128	42	64	0	314466
128	30	64	0	314475
144	69	70	0	314595
128	67	64	0	314605
144	42	84	0	314619
144	30	82	0	314622
144	70	68	0	314928
128	69	64	0	314945
128	70	64	0	315222
144	72	59	0	315241
144	73	71	0	315612
128	72	64	0	315622
128	30	64	0	315661
128	42	64	0	315664
144	42	51	0	315966
144	30	65	0	315979
144	78	76	0	316021
128	73	64	0	316047
144	69	61	0	316350
128	78	64	0	316464
144	73	60	0	316719
128	69	64	0	316759
144	66	52	0	316951
128	73	64	0	317031
128	42	64	0	317122
128	30	64	0	317138
128	66	64	0	317279
144	42	70	0	317292
144	69	70	0	317295
144	30	77	0	317309
144	64	55	0	317594
128	69	64	0	317602
128	64	64	0	317888
144	61	75	0	318246
128	42	64	0	318251
128	30	64	0	318269
144	42	69	0	318530
128	61	64	0	318536
144	30	70	0	318539
144	64	75	0	318558
144	59	53	0	318850
128	64	64	0	318869
128	59	64	0	319147
144	61	64	0	319150
144	57	60	0	319431
128	42	64	0	319561
128	30	64	0	319597
144	59	59	0	319734
128	57	64	0	319738
144	30	78	0	319769
144	42	76	0	319772
128	61	64	0	319840
144	58	60	0	320043
128	59	64	0	320096
128	58	64	0	320310
144	57	60	0	320314
144	55	61	0	320612
128	42	64	0	320625
128	30	64	0	320633
128	57	64	0	320637
144	42	76	0	320909
144	30	77	0	320912
144	54	68	0	321224
128	55	64	0	321231
144	52	55	0	321602
128	54	64	0	321644
144	50	68	0	321867
128	52	64	0	321908
128	42	64	0	322003
128	30	64	0	322023
144	42	76	0	322182
144	30	82	0	322188
144	49	78	0	322498
128	50	64	0	322534
144	47	73	0	322880
128	49	64	0	322897
144	45	82	0	323143
128	42	64	0	323145
128	47	64	0	323157
128	30	64	0	323192
144	42	80	0	323450
144	30	78	0	323453
144	46	72	0	323755
128	45	64	0	323768
128	46	64	0	324042
144	47	71	0	324048
144	49	74	0	324375
128	47	64	0	324392
128	42	64	0	324530
128	30	64	0	324547
144	42	77	0	324692
144	30	83	0	324707
144	50	69	0	324994
128	49	64	0	325028
144	52	60	0	325269
128	50	64	0	325296
144	53	66	0	325563
128	52	64	0	325577
128	42	64	0	325646
128	30	64	0	325649
144	54	66	0	325899
144	42	65	0	325902
128	53	64	0	325904
144	30	71	0	325917
128	54	64	0	327975
128	42	64	0	328006
128	30	64	0	328014
