144	50	48	0	4632
144	38	62	0	4637
144	69	48	0	5200
144	62	51	0	5211
144	66	68	0	5215
128	38	64	0	5361
128	50	64	0	5401
144	50	60	0	5575
144	38	63	0	5584
128	62	64	0	5622
128	66	64	0	5630
128	69	64	0	5645
144	69	61	0	6106
144	66	61	0	6117
144	62	57	0	6121
128	38	64	0	6299
128	50	64	0	6325
144	50	62	0	6492
144	38	66	0	6500
128	66	64	0	6537
128	62	64	0	6573
128	69	64	0	6577
144	69	54	0	7066
144	66	72	0	7074
144	62	53	0	7077
144	63	68	0	7080
128	38	64	0	7247
128	50	64	0	7262
144	50	63	0	7430
144	38	60	0	7443
128	62	64	0	7566
128	63	64	0	7574
128	66	64	0	7580
128	69	64	0	7583
128	38	64	0	8079
128	50	64	0	8081
144	69	33	0	8086
144	62	44	0	8095
144	66	56	0	8097
144	63	61	0	8104
144	56	66	0	8442
144	44	73	0	8445
128	69	64	0	8548
128	62	64	0	8578
128	66	64	0	8582
128	63	64	0	8583
144	66	50	0	9039
144	62	47	0	9056
144	69	59	0	9059
144	63	55	0	9068
128	44	64	0	9188
128	56	64	0	9209
144	56	60	0	9374
144	44	57	0	9402
128	69	64	0	9482
128	62	64	0	9503
128	66	64	0	9507
128	63	64	0	9517
144	66	50	0	9984
144	69	31	0	9987
144	63	45	0	9998
144	62	36	0	10003
128	44	64	0	10139
128	56	64	0	10182
144	57	55	0	10369
144	45	66	0	10385
128	69	64	0	10423
128	63	64	0	10427
128	66	64	0	10429
128	62	64	0	10453
144	69	37	0	11027
144	66	50	0	11049
144	62	45	0	11052
144	63	58	0	11064
128	57	64	0	11121
128	45	64	0	11207
144	54	52	0	11400
144	42	62	0	11430
128	69	64	0	11472
128	63	64	0	11486
128	62	64	0	11489
128	66	64	0	11504
144	62	48	0	11972
144	69	52	0	11975
144	66	66	0	11982
144	63	60	0	11995
128	54	64	0	12105
128	42	64	0	12152
144	51	61	0	12394
144	39	50	0	12407
128	62	64	0	12498
128	63	64	0	12517
128	66	64	0	12526
128	69	64	0	12537
144	66	61	0	12964
144	69	50	0	12967
144	62	33	0	12974
144	63	55	0	12981
128	51	64	0	13195
128	39	64	0	13249
144	50	54	0	13337
144	38	49	0	13344
128	62	64	0	13434
128	69	64	0	13452
128	63	64	0	13455
128	66	64	0	13460
144	69	56	0	13940
144	66	64	0	13961
144	62	44	0	13968
144	63	63	0	13970
128	69	64	0	14104
128	63	64	0	14106
128	62	64	0	14108
128	66	64	0	14114
144	69	65	0	14279
144	63	66	0	14288
144	62	66	0	14290
144	66	73	0	14294
128	38	64	0	14494
128	50	64	0	14542
144	56	43	0	14859
144	44	70	0	14876
128	62	64	0	14986
128	66	64	0	14998
128	63	64	0	15001
128	69	64	0	15015
144	69	63	0	15205
144	62	66	0	15208
144	66	75	0	15213
144	63	76	0	15219
128	44	64	0	15544
128	56	64	0	15599
144	58	54	0	15799
144	46	57	0	15838
128	62	64	0	15874
128	69	64	0	15883
128	66	64	0	15904
128	63	64	0	15908
144	69	69	0	16136
144	62	66	0	16140
144	66	71	0	16143
144	63	70	0	16146
128	46	64	0	16592
128	58	64	0	16594
144	56	68	0	16737
144	44	76	0	16763
128	62	64	0	16802
128	69	64	0	16831
128	63	64	0	16843
128	66	64	0	16847
144	62	72	0	17074
144	63	74	0	17082
144	69	70	0	17085
144	66	79	0	17087
128	56	64	0	17524
128	44	64	0	17569
144	54	62	0	17766
144	42	56	0	17790
128	69	64	0	17853
128	62	64	0	17855
128	66	64	0	17861
128	63	64	0	17864
144	69	57	0	18099
144	62	60	0	18102
144	66	70	0	18105
144	63	61	0	18107
128	54	64	0	18534
128	42	64	0	18594
144	51	72	0	18710
144	39	78	0	18729
128	69	64	0	18784
128	62	64	0	18787
128	66	64	0	18795
128	63	64	0	18802
144	62	58	0	19058
144	66	59	0	19066
144	69	31	0	19088
144	63	58	0	19090
128	51	64	0	19458
128	39	64	0	19517
144	38	62	0	19669
144	50	51	0	19686
128	38	64	0	19823
128	50	64	0	19828
144	38	78	0	20000
144	50	72	0	20006
128	66	64	0	20069
128	62	64	0	20074
128	63	64	0	20084
128	69	64	0	20094
144	62	41	0	20346
144	69	24	0	20360
144	66	42	0	20364
144	63	44	0	20369
128	66	64	0	20449
128	63	64	0	20450
128	62	64	0	20470
128	69	64	0	20474
144	62	50	0	20660
144	69	51	0	20663
144	66	59	0	20678
144	63	56	0	20680
128	50	64	0	20730
144	39	28	0	20746
128	38	64	0	20782
128	39	64	0	20804
144	46	70	0	20987
144	34	61	0	21002
128	69	64	0	21088
128	62	64	0	21103
128	63	64	0	21104
128	66	64	0	21112
144	62	48	0	21305
144	69	52	0	21322
144	66	42	0	21325
144	63	55	0	21334
128	63	64	0	21504
128	69	64	0	21506
128	62	64	0	21517
128	66	64	0	21519
144	63	67	0	21609
144	66	62	0	21611
144	69	63	0	21615
144	62	66	0	21618
128	34	64	0	21718
128	46	64	0	21763
144	50	49	0	21945
144	36	55	0	21960
144	38	56	0	21965
144	48	40	0	21968
128	69	64	0	21998
128	62	64	0	22004
128	66	64	0	22013
128	63	64	0	22019
128	48	64	0	22162
128	36	64	0	22164
144	69	65	0	22322
144	62	64	0	22327
144	63	64	0	22330
144	66	67	0	22333
128	38	64	0	22447
128	50	64	0	22449
144	51	83	0	22595
144	39	75	0	22599
128	69	64	0	22717
128	62	64	0	22724
128	63	64	0	22739
128	66	64	0	22748
128	39	64	0	22775
128	51	64	0	22801
144	54	60	0	22938
144	42	54	0	22941
144	56	83	0	22944
144	44	85	0	22947
128	42	64	0	23004
128	54	64	0	23097
144	69	70	0	23286
144	62	66	0	23295
144	66	69	0	23299
144	63	66	0	23305
128	56	64	0	23421
128	44	64	0	23489
128	63	64	0	23522
128	66	64	0	23541
144	63	65	0	23606
144	66	85	0	23611
144	50	65	0	23934
144	38	69	0	23943
128	62	64	0	24009
128	69	64	0	24020
128	63	64	0	24025
128	66	64	0	24032
144	62	49	0	24268
144	63	42	0	24282
144	66	53	0	24287
144	69	48	0	24303
128	69	64	0	24407
128	62	64	0	24429
128	66	64	0	24431
128	63	64	0	24433
144	66	58	0	24532
144	63	59	0	24536
144	62	60	0	24544
144	69	59	0	24550
128	50	64	0	24594
128	38	64	0	24632
144	46	66	0	24867
144	34	58	0	24887
128	62	64	0	24905
128	63	64	0	24915
128	69	64	0	24917
128	66	64	0	24931
144	66	48	0	25187
144	62	47	0	25192
144	69	45	0	25199
144	63	56	0	25207
128	69	64	0	25329
128	62	64	0	25363
128	63	64	0	25365
128	66	64	0	25367
144	62	61	0	25479
144	66	48	0	25481
144	63	49	0	25485
144	69	68	0	25487
128	34	64	0	25548
128	46	64	0	25576
144	38	60	0	25801
144	50	58	0	25804
128	69	64	0	25838
128	62	64	0	25840
128	63	64	0	25854
128	66	64	0	25871
144	62	46	0	26142
144	66	53	0	26144
144	69	53	0	26153
144	63	64	0	26156
128	38	64	0	26192
128	50	64	0	26199
144	51	78	0	26399
144	39	74	0	26412
128	62	64	0	26418
128	69	64	0	26429
128	63	64	0	26455
128	66	64	0	26463
128	39	64	0	26565
128	51	64	0	26590
144	44	80	0	26745
144	56	83	0	26748
144	69	61	0	27006
144	62	52	0	27015
144	66	65	0	27017
144	63	68	0	27028
128	44	64	0	27178
128	56	64	0	27181
144	55	71	0	27305
144	43	79	0	27315
128	62	64	0	27349
128	69	64	0	27354
128	63	64	0	27367
128	66	64	0	27372
128	55	64	0	27469
128	43	64	0	27501
144	54	86	0	27648
144	42	78	0	27653
144	69	59	0	27898
144	62	53	0	27908
144	66	69	0	27922
144	63	66	0	27934
128	66	64	0	28081
128	69	64	0	28082
128	63	64	0	28084
128	62	64	0	28091
144	62	62	0	28208
144	69	64	0	28219
144	63	57	0	28223
144	66	61	0	28225
128	54	64	0	28277
128	42	64	0	28333
144	49	61	0	28540
144	37	69	0	28547
128	62	64	0	28586
128	63	64	0	28599
128	66	64	0	28602
128	69	64	0	28613
144	62	41	0	28876
144	69	46	0	28885
144	63	52	0	28898
144	66	59	0	28900
128	69	64	0	29006
128	62	64	0	29027
128	63	64	0	29051
128	66	64	0	29052
144	69	63	0	29173
144	62	58	0	29176
144	63	54	0	29179
144	66	52	0	29182
128	49	64	0	29356
128	37	64	0	29358
144	38	70	0	29494
144	50	55	0	29514
128	63	64	0	29550
128	66	64	0	29557
128	62	64	0	29570
128	69	64	0	29579
144	62	61	0	29874
144	69	59	0	29879
144	63	66	0	29890
144	66	70	0	29893
128	62	64	0	30043
128	69	64	0	30044
128	63	64	0	30054
128	66	64	0	30058
144	62	66	0	30141
144	69	68	0	30148
144	66	63	0	30154
144	63	64	0	30161
128	50	64	0	30176
128	38	64	0	30219
144	44	54	0	30500
144	32	60	0	30512
128	63	64	0	30544
128	66	64	0	30564
128	62	64	0	30569
128	69	64	0	30572
144	69	53	0	30810
144	66	56	0	30822
144	63	58	0	30829
144	62	48	0	30832
128	69	64	0	30957
128	66	64	0	30966
128	63	64	0	30970
128	62	64	0	30982
144	62	66	0	31084
144	69	74	0	31087
144	63	60	0	31101
144	66	64	0	31111
128	32	64	0	31222
128	44	64	0	31224
144	46	74	0	31399
144	34	66	0	31403
128	66	64	0	31502
128	63	64	0	31504
128	62	64	0	31508
128	69	64	0	31520
144	62	62	0	31762
144	66	66	0	31769
144	69	61	0	31772
144	63	62	0	31775
128	34	64	0	31874
128	46	64	0	31875
144	35	85	0	32018
144	47	81	0	32021
128	62	64	0	32050
128	63	64	0	32056
128	69	64	0	32065
128	66	64	0	32068
128	47	64	0	32161
128	35	64	0	32172
144	37	82	0	32365
144	49	89	0	32368
144	69	61	0	32645
144	62	62	0	32648
144	66	63	0	32651
144	63	60	0	32654
128	62	64	0	32747
128	69	64	0	32776
128	63	64	0	32778
128	66	64	0	32780
144	69	71	0	32936
144	62	74	0	32938
144	63	76	0	32944
144	66	79	0	32949
128	49	64	0	32979
128	37	64	0	33052
144	42	40	0	33262
144	30	61	0	33290
128	62	64	0	33358
128	66	64	0	33364
128	63	64	0	33366
128	69	64	0	33382
144	62	53	0	33603
144	69	57	0	33606
144	66	61	0	33614
144	63	56	0	33617
128	69	64	0	33744
128	63	64	0	33746
128	66	64	0	33749
128	62	64	0	33751
144	62	70	0	33894
144	69	70	0	33900
144	63	74	0	33908
144	66	80	0	33921
128	42	64	0	33953
128	30	64	0	34004
144	39	50	0	34150
128	62	64	0	34204
128	63	64	0	34213
128	66	64	0	34215
144	27	60	0	34229
128	69	64	0	34234
144	63	61	0	34601
144	62	51	0	34604
144	69	54	0	34607
144	66	59	0	34609
128	66	64	0	34670
128	69	64	0	34672
128	63	64	0	34677
128	62	64	0	34684
144	62	75	0	34824
144	69	70	0	34826
144	63	78	0	34832
144	66	71	0	34834
128	39	64	0	34862
128	27	64	0	34887
128	62	64	0	35113
128	66	64	0	35125
128	63	64	0	35126
128	69	64	0	35142
144	38	53	0	35163
128	38	64	0	35380
144	38	85	0	35456
144	26	85	0	35470
144	69	59	0	35736
144	62	59	0	35739
144	63	53	0	35762
144	66	67	0	35773
128	26	64	0	35945
128	38	64	0	35947
144	38	74	0	36052
144	26	78	0	36055
128	62	64	0	36131
128	63	64	0	36163
128	66	64	0	36165
128	69	64	0	36179
144	62	58	0	36380
144	66	52	0	36392
144	63	44	0	36406
128	63	64	0	36473
128	66	64	0	36475
128	62	64	0	36493
144	63	63	0	36659
144	66	63	0	36662
144	62	62	0	36665
144	69	57	0	36687
128	26	64	0	36769
128	38	64	0	36772
128	63	64	0	36963
128	62	64	0	36966
144	38	81	0	36968
144	26	85	0	36970
128	69	64	0	36977
128	66	64	0	36997
128	38	64	0	37154
128	26	64	0	37165
144	26	86	0	37273
144	38	84	0	37277
144	69	70	0	37550
144	62	66	0	37560
144	63	72	0	37574
144	66	70	0	37577
128	38	64	0	37708
128	26	64	0	37723
144	38	90	0	37851
144	26	89	0	37854
128	62	64	0	37917
128	63	64	0	37936
128	69	64	0	37940
128	66	64	0	37946
144	63	56	0	38125
144	62	56	0	38136
144	66	58	0	38139
144	69	52	0	38142
128	62	64	0	38278
128	69	64	0	38283
128	66	64	0	38296
128	63	64	0	38302
144	62	61	0	38456
144	63	63	0	38459
144	69	59	0	38462
144	66	67	0	38476
128	26	64	0	38553
128	38	64	0	38558
144	26	84	0	38806
144	38	83	0	38824
128	26	64	0	39028
128	38	64	0	39035
144	26	78	0	39102
144	38	74	0	39113
128	69	64	0	39148
128	62	64	0	39157
128	66	64	0	39159
128	63	64	0	39162
144	63	81	0	39396
144	62	74	0	39405
144	69	66	0	39408
144	66	67	0	39414
128	38	64	0	39487
128	26	64	0	39508
128	63	64	0	39687
144	26	83	0	39704
144	38	83	0	39706
128	66	64	0	39708
128	62	64	0	39711
128	69	64	0	39743
144	62	55	0	40002
144	69	54	0	40005
144	63	60	0	40007
144	66	55	0	40015
128	62	64	0	40135
128	69	64	0	40137
128	63	64	0	40151
128	66	64	0	40153
144	63	56	0	40300
144	62	63	0	40303
144	66	51	0	40310
144	69	58	0	40313
128	38	64	0	40364
128	26	64	0	40376
128	63	64	0	40553
128	66	64	0	40569
128	62	64	0	40583
144	26	84	0	40600
144	38	82	0	40604
128	69	64	0	40626
144	62	68	0	40893
144	66	53	0	41012
128	62	64	0	41140
144	69	57	0	41183
128	38	64	0	41188
128	26	64	0	41191
128	66	64	0	41234
144	26	75	0	41518
144	38	76	0	41521
128	38	64	0	41754
128	26	64	0	41772
144	38	75	0	41838
144	26	83	0	41843
128	69	64	0	41931
144	70	64	0	41986
144	67	54	0	42163
128	26	64	0	42291
128	38	64	0	42302
144	38	80	0	42478
144	26	86	0	42483
128	70	64	0	42486
128	67	64	0	42537
144	62	69	0	42791
144	66	64	0	42936
128	62	64	0	43028
144	69	63	0	43047
128	38	64	0	43082
128	26	64	0	43137
128	66	64	0	43193
144	26	90	0	43367
144	38	84	0	43371
144	74	78	0	43394
128	69	64	0	43451
128	74	64	0	43575
144	74	75	0	43649
144	66	78	0	43836
128	38	64	0	43952
128	26	64	0	43956
144	64	69	0	43973
128	66	64	0	44101
128	74	64	0	44173
128	64	64	0	44212
144	26	79	0	44253
144	38	74	0	44259
144	64	87	0	44278
144	68	82	0	44283
144	74	65	0	44291
128	64	64	0	44523
128	74	64	0	44536
128	68	64	0	44537
144	74	68	0	44623
144	68	66	0	44642
128	68	64	0	44767
144	64	67	0	44773
128	74	64	0	44819
144	68	52	0	44903
128	26	64	0	44922
128	38	64	0	44941
128	64	64	0	44958
144	26	80	0	45220
144	38	75	0	45225
144	72	89	0	45249
144	64	87	0	45253
128	64	64	0	45481
128	68	64	0	45489
128	72	64	0	45493
144	72	74	0	45571
144	68	63	0	45610
128	72	64	0	45736
144	64	77	0	45739
128	68	64	0	45759
144	68	73	0	45842
128	26	64	0	45916
128	38	64	0	45957
128	64	64	0	45967
144	38	79	0	46147
144	26	81	0	46151
144	70	75	0	46163
144	66	82	0	46166
128	68	64	0	46180
128	70	64	0	46399
128	66	64	0	46412
144	70	70	0	46475
144	66	73	0	46486
144	62	66	0	46634
128	66	64	0	46656
128	70	64	0	46663
144	66	56	0	46761
128	26	64	0	46817
128	38	64	0	46838
144	70	69	0	46843
128	62	64	0	46856
128	70	64	0	47034
144	38	75	0	47082
144	26	78	0	47084
144	62	81	0	47104
144	69	85	0	47111
128	66	64	0	47331
128	62	64	0	47340
128	69	64	0	47359
144	69	65	0	47413
144	66	64	0	47430
144	62	77	0	47589
128	69	64	0	47638
128	66	64	0	47662
128	38	64	0	47668
128	26	64	0	47672
144	68	71	0	47706
144	65	72	0	47797
128	62	64	0	47811
128	68	64	0	47943
128	65	64	0	47979
144	38	74	0	48028
144	26	83	0	48031
144	65	88	0	48042
144	68	68	0	48046
144	62	89	0	48065
128	62	64	0	48302
128	65	64	0	48328
144	62	73	0	48376
144	65	85	0	48395
128	62	64	0	48537
128	65	64	0	48546
128	68	64	0	48569
144	68	41	0	48616
144	62	47	0	48634
144	65	63	0	48642
128	65	64	0	48752
128	62	64	0	48782
128	68	64	0	48796
128	26	64	0	48802
128	38	64	0	48832
144	70	71	0	48915
144	67	77	0	48926
144	62	60	0	48928
144	38	73	0	48934
144	26	87	0	48937
128	62	64	0	49115
128	67	64	0	49154
128	70	64	0	49165
144	70	62	0	49228
144	67	77	0	49235
144	62	58	0	49242
128	70	64	0	49373
128	67	64	0	49394
128	62	64	0	49429
144	68	61	0	49471
144	62	64	0	49496
144	72	72	0	49511
128	26	64	0	49579
128	38	64	0	49612
128	72	64	0	49642
128	62	64	0	49681
128	68	64	0	49703
144	38	71	0	49792
144	26	78	0	49797
144	70	70	0	49816
144	62	70	0	49818
144	74	77	0	49821
128	62	64	0	50470
128	26	64	0	50558
128	38	64	0	50585
128	70	64	0	50639
128	74	64	0	50711
144	26	79	0	50727
144	38	76	0	50735
144	74	69	0	50758
144	70	80	0	50776
144	67	77	0	50786
128	70	64	0	51118
128	67	64	0	51178
128	74	64	0	51307
144	70	80	0	51366
144	77	83	0	51382
144	67	80	0	51385
144	74	65	0	51397
128	26	64	0	51405
128	38	64	0	51413
128	67	64	0	51592
128	70	64	0	51606
128	77	64	0	51607
128	74	64	0	51625
144	38	67	0	51667
144	26	76	0	51672
144	70	69	0	51691
144	74	77	0	51695
144	77	76	0	51698
144	67	71	0	51705
128	70	64	0	51962
144	71	74	0	51987
128	71	64	0	52168
128	67	64	0	52198
128	74	64	0	52201
128	77	64	0	52218
144	71	74	0	52264
144	77	67	0	52269
144	74	72	0	52275
144	67	80	0	52277
128	26	64	0	52391
128	38	64	0	52393
128	77	64	0	52467
128	67	64	0	52472
128	74	64	0	52485
128	71	64	0	52502
144	26	83	0	52575
144	38	83	0	52577
144	71	83	0	52579
144	77	82	0	52583
144	67	83	0	52587
144	74	65	0	52597
128	74	64	0	52765
144	75	75	0	52888
128	67	64	0	53071
128	77	64	0	53091
128	75	64	0	53094
128	71	64	0	53105
144	71	77	0	53178
144	67	76	0	53182
144	75	65	0	53185
144	77	67	0	53188
128	26	64	0	53243
128	38	64	0	53257
128	77	64	0	53369
128	71	64	0	53395
128	67	64	0	53397
128	75	64	0	53404
144	26	82	0	53474
144	75	80	0	53477
144	38	61	0	53487
144	67	85	0	53490
144	72	85	0	53499
144	40	65	0	53506
128	40	64	0	53715
128	67	64	0	53729
128	72	64	0	53732
128	75	64	0	53762
144	75	48	0	53795
144	67	66	0	53805
144	72	81	0	53814
128	75	64	0	53945
128	72	64	0	53955
144	74	66	0	54050
144	78	82	0	54072
128	78	64	0	54256
128	67	64	0	54265
128	74	64	0	54287
128	38	64	0	54322
128	26	64	0	54326
144	74	74	0	54371
144	67	86	0	54377
144	78	76	0	54380
144	38	74	0	54412
144	26	77	0	54422
128	67	64	0	54857
128	78	64	0	54891
128	74	64	0	54932
144	75	64	0	54983
144	79	81	0	55004
144	69	71	0	55019
128	26	64	0	55134
128	38	64	0	55154
128	69	64	0	55200
128	79	64	0	55202
128	75	64	0	55238
144	26	82	0	55300
144	38	84	0	55302
144	75	82	0	55306
144	69	77	0	55310
144	79	82	0	55317
128	79	64	0	55608
144	78	78	0	55627
144	74	68	0	55640
128	75	64	0	55661
128	78	64	0	55775
128	74	64	0	55814
128	69	64	0	55816
144	74	79	0	55883
144	78	65	0	55898
144	69	74	0	55910
128	38	64	0	56049
128	26	64	0	56064
128	69	64	0	56096
128	78	64	0	56122
128	74	64	0	56129
144	78	90	0	56192
144	69	73	0	56194
144	38	90	0	56197
144	74	79	0	56200
144	26	93	0	56203
128	78	64	0	56425
144	75	69	0	56463
128	75	64	0	56505
144	76	71	0	56532
128	76	64	0	56647
128	74	64	0	56677
144	75	94	0	56771
128	69	64	0	56848
128	38	64	0	56923
128	26	64	0	56947
128	75	64	0	56986
144	75	79	0	57066
144	38	79	0	57080
144	26	63	0	57101
144	24	69	0	57112
128	24	64	0	57179
144	72	77	0	57361
144	69	68	0	57617
128	75	64	0	57813
128	26	64	0	57817
128	72	64	0	57839
128	38	64	0	57858
128	69	64	0	57911
144	74	81	0	57936
144	26	75	0	57950
144	38	67	0	57954
144	40	75	0	57963
144	28	81	0	57967
144	70	84	0	57978
128	28	64	0	58159
128	40	64	0	58190
144	67	58	0	58445
128	26	64	0	58615
128	74	64	0	58671
128	38	64	0	58673
128	67	64	0	58738
144	26	81	0	58892
144	38	76	0	58896
144	67	83	0	58919
128	70	64	0	58955
144	66	81	0	59111
128	67	64	0	59177
144	69	64	0	59255
128	66	64	0	59289
144	66	52	0	59404
128	69	64	0	59466
144	62	75	0	59514
128	66	64	0	59566
128	26	64	0	59655
144	69	56	0	59660
128	38	64	0	59686
128	62	64	0	59702
144	66	73	0	59831
144	26	86	0	59855
144	38	83	0	59857
128	69	64	0	59901
144	62	72	0	59995
128	66	64	0	60024
144	67	69	0	60161
128	62	64	0	60207
144	63	80	0	60296
128	67	64	0	60348
144	60	77	0	60456
128	63	64	0	60480
128	26	64	0	60560
128	38	64	0	60572
144	66	70	0	60576
128	60	64	0	60617
144	38	82	0	60716
144	26	83	0	60723
144	62	81	0	60746
128	66	64	0	60781
144	66	56	0	60892
128	62	64	0	60928
144	59	77	0	61064
128	66	64	0	61068
144	62	55	0	61198
128	59	64	0	61247
144	66	70	0	61397
128	62	64	0	61441
128	38	64	0	61533
128	26	64	0	61555
144	62	59	0	61557
128	66	64	0	61612
128	62	64	0	61678
144	59	65	0	61685
144	38	79	0	61716
144	26	80	0	61718
144	58	78	0	61812
128	59	64	0	61872
144	66	55	0	61997
128	58	64	0	62034
144	62	51	0	62061
128	66	64	0	62123
144	66	59	0	62231
128	62	64	0	62271
128	26	64	0	62297
128	38	64	0	62311
144	58	76	0	62383
128	66	64	0	62416
128	58	64	0	62562
144	38	69	0	62572
144	26	72	0	62577
144	57	93	0	62693
144	60	72	0	62867
128	57	64	0	62918
144	63	68	0	63029
128	60	64	0	63048
144	60	62	0	63164
128	63	64	0	63214
144	57	77	0	63275
128	26	64	0	63284
128	60	64	0	63295
128	38	64	0	63304
144	63	77	0	63387
128	57	64	0	63394
128	63	64	0	63535
144	26	78	0	63561
144	38	68	0	63571
144	56	96	0	63580
128	56	64	0	63777
144	60	69	0	63780
144	63	73	0	63913
128	60	64	0	63956
144	56	64	0	64049
128	63	64	0	64112
128	56	64	0	64201
144	60	80	0	64204
128	38	64	0	64274
128	26	64	0	64278
144	63	66	0	64297
128	60	64	0	64361
144	26	83	0	64489
144	38	83	0	64497
128	63	64	0	64535
144	55	93	0	64538
144	64	50	0	64733
128	55	64	0	64745
128	64	64	0	64822
144	59	50	0	64858
144	55	75	0	64993
128	59	64	0	65049
144	63	83	0	65133
128	55	64	0	65164
128	38	64	0	65168
128	26	64	0	65172
144	59	66	0	65281
128	63	64	0	65327
128	59	64	0	65399
144	26	78	0	65424
144	55	75	0	65427
144	38	74	0	65430
144	54	87	0	65543
128	55	64	0	65582
144	63	76	0	65691
128	54	64	0	65709
144	59	68	0	65839
128	63	64	0	65860
144	54	71	0	65977
128	59	64	0	66020
128	38	64	0	66076
128	26	64	0	66093
144	63	71	0	66099
128	54	64	0	66121
144	54	79	0	66271
128	63	64	0	66297
144	26	72	0	66313
144	38	74	0	66329
144	53	72	0	66421
128	54	64	0	66471
144	63	77	0	66566
128	53	64	0	66600
144	54	71	0	66708
128	63	64	0	66757
144	53	65	0	66818
128	54	64	0	66841
144	63	68	0	66936
128	53	64	0	66968
144	54	61	0	67082
128	63	64	0	67098
144	53	66	0	67150
128	26	64	0	67155
128	54	64	0	67159
128	38	64	0	67166
144	63	72	0	67262
128	53	64	0	67275
144	26	76	0	67346
144	54	58	0	67355
144	38	73	0	67359
128	63	64	0	67395
144	52	69	0	67461
128	54	64	0	67530
144	62	66	0	67610
128	52	64	0	67633
144	54	65	0	67735
128	62	64	0	67786
144	52	66	0	67800
128	54	64	0	67875
144	62	54	0	67907
128	52	64	0	67930
144	54	66	0	68056
128	62	64	0	68070
144	52	67	0	68098
128	54	64	0	68121
128	26	64	0	68145
128	38	64	0	68192
144	62	62	0	68214
128	52	64	0	68219
144	54	66	0	68321
144	26	79	0	68325
144	38	80	0	68331
128	62	64	0	68347
144	50	78	0	68396
128	54	64	0	68441
144	62	64	0	68551
128	50	64	0	68593
144	54	66	0	68679
128	62	64	0	68725
144	50	66	0	68754
128	54	64	0	68829
144	62	49	0	68862
128	50	64	0	68899
144	54	59	0	69020
128	62	64	0	69035
144	50	46	0	69080
128	54	64	0	69093
128	38	64	0	69108
128	26	64	0	69111
144	62	62	0	69161
128	50	64	0	69173
128	62	64	0	69293
144	54	68	0	69301
144	26	79	0	69331
144	38	78	0	69334
144	50	62	0	69349
128	54	64	0	69414
144	60	67	0	69419
144	59	76	0	69431
128	50	64	0	69480
128	59	64	0	69481
144	54	72	0	69567
144	50	66	0	69605
128	60	64	0	69612
128	54	64	0	69696
144	60	71	0	69709
128	50	64	0	69757
144	50	59	0	69865
144	54	67	0	69867
128	60	64	0	69886
128	54	64	0	69967
144	60	69	0	69995
128	50	64	0	70016
128	26	64	0	70104
128	38	64	0	70115
144	54	74	0	70142
144	50	84	0	70174
128	60	64	0	70185
128	54	64	0	70262
144	26	87	0	70320
144	58	87	0	70323
144	38	84	0	70326
128	50	64	0	70329
144	54	64	0	70394
144	50	69	0	70470
128	58	64	0	70472
128	54	64	0	70561
144	58	68	0	70615
128	50	64	0	70650
144	54	74	0	70717
128	58	64	0	70725
144	50	62	0	70784
128	54	64	0	70850
144	58	67	0	70881
128	50	64	0	70914
128	26	64	0	70997
144	54	75	0	71010
128	38	64	0	71038
128	58	64	0	71040
144	50	62	0	71059
128	54	64	0	71122
128	50	64	0	71173
144	38	84	0	71191
144	26	80	0	71202
144	57	88	0	71227
144	50	89	0	71239
144	54	70	0	71249
128	50	64	0	71540
128	57	64	0	71619
128	54	64	0	71621
144	55	76	0	71753
144	58	78	0	71761
128	26	64	0	71888
128	38	64	0	71935
128	58	64	0	71972
128	55	64	0	71982
144	58	69	0	72075
144	55	80	0	72078
144	26	87	0	72081
144	38	86	0	72084
144	50	66	0	72405
128	58	64	0	72436
128	55	64	0	72498
128	50	64	0	72563
128	26	64	0	72598
128	38	64	0	72602
144	56	79	0	72655
144	59	87	0	72671
144	50	70	0	72675
128	50	64	0	72860
128	59	64	0	72870
128	56	64	0	72894
144	38	75	0	72929
144	26	80	0	72933
144	56	94	0	72954
144	59	80	0	72964
144	50	75	0	72977
128	56	64	0	73228
128	59	64	0	73264
144	55	69	0	73266
128	50	64	0	73460
128	38	64	0	73514
128	26	64	0	73530
144	58	72	0	73556
128	55	64	0	73683
144	38	70	0	73842
144	26	69	0	73852
144	53	78	0	73889
128	58	64	0	74192
144	50	75	0	74221
128	26	64	0	74423
128	38	64	0	74448
144	58	75	0	74465
128	58	64	0	74679
128	53	64	0	74682
128	50	64	0	74684
144	38	70	0	74742
144	26	78	0	74746
144	58	77	0	74753
144	53	79	0	74757
144	62	90	0	74763
144	50	82	0	74766
128	53	64	0	75305
128	50	64	0	75384
128	62	64	0	75388
128	58	64	0	75390
128	38	64	0	75400
128	26	64	0	75407
144	26	75	0	75681
144	38	68	0	75684
144	59	84	0	75699
144	54	90	0	75702
144	62	93	0	75705
144	50	87	0	75707
128	50	64	0	76331
128	54	64	0	76371
128	59	64	0	76417
128	26	64	0	76438
128	38	64	0	76460
128	62	64	0	76463
144	38	72	0	76627
144	26	66	0	76651
144	24	65	0	76654
144	62	54	0	76716
144	60	55	0	76719
144	57	66	0	76746
128	57	64	0	76823
128	60	64	0	76916
128	62	64	0	76919
128	24	64	0	76974
144	57	80	0	77021
144	60	43	0	77082
144	63	53	0	77091
144	62	38	0	77097
128	63	64	0	77165
128	62	64	0	77179
128	60	64	0	77196
128	57	64	0	77230
144	57	79	0	77306
144	60	75	0	77311
144	63	80	0	77319
128	26	64	0	77321
128	38	64	0	77357
128	57	64	0	77564
128	60	64	0	77581
128	63	64	0	77597
144	38	58	0	77605
144	26	64	0	77611
144	57	78	0	77645
144	63	66	0	77649
144	66	84	0	77654
144	60	88	0	77656
128	57	64	0	78278
128	60	64	0	78310
128	26	64	0	78353
128	63	64	0	78356
128	66	64	0	78366
128	38	64	0	78426
144	38	59	0	78624
144	26	74	0	78637
144	62	80	0	78665
144	59	66	0	78677
144	66	85	0	78680
128	66	64	0	78877
128	62	64	0	78902
128	59	64	0	78913
144	66	65	0	78972
144	62	78	0	78975
144	59	80	0	78987
128	66	64	0	79179
128	59	64	0	79186
128	62	64	0	79191
144	66	80	0	79254
144	62	78	0	79256
144	59	76	0	79260
144	69	65	0	79274
144	71	68	0	79277
128	26	64	0	79381
128	71	64	0	79397
128	38	64	0	79431
128	69	64	0	79477
128	62	64	0	79490
128	59	64	0	79492
128	66	64	0	79517
144	38	74	0	79587
144	26	66	0	79594
144	66	75	0	79596
144	59	66	0	79599
144	62	68	0	79602
144	71	88	0	79610
128	59	64	0	80221
128	62	64	0	80264
128	26	64	0	80302
128	66	64	0	80325
128	71	64	0	80332
128	38	64	0	80345
144	26	76	0	80516
144	38	70	0	80519
144	60	64	0	80543
144	63	80	0	80546
144	66	89	0	80549
128	63	64	0	80784
128	66	64	0	80792
128	60	64	0	80819
144	63	85	0	80852
144	66	85	0	80856
144	60	53	0	80859
128	63	64	0	81043
128	66	64	0	81055
128	60	64	0	81092
144	63	61	0	81143
144	60	63	0	81145
144	69	81	0	81148
144	66	61	0	81159
128	38	64	0	81272
128	26	64	0	81311
128	63	64	0	81368
128	69	64	0	81370
128	66	64	0	81389
128	60	64	0	81390
144	38	78	0	81472
144	26	78	0	81478
144	60	72	0	81508
144	69	71	0	81518
144	66	50	0	81523
144	72	87	0	81526
144	63	87	0	81529
128	60	64	0	82012
128	72	64	0	82030
128	69	64	0	82103
128	26	64	0	82125
128	63	64	0	82128
128	66	64	0	82150
128	38	64	0	82224
144	26	67	0	82418
144	38	69	0	82420
144	61	76	0	82434
144	67	62	0	82488
144	64	48	0	82508
144	65	54	0	82516
128	65	64	0	82586
128	64	64	0	82619
128	61	64	0	82652
128	67	64	0	82654
144	61	78	0	82726
144	67	61	0	82751
144	64	80	0	82763
128	61	64	0	82998
144	61	87	0	83065
144	73	85	0	83069
128	38	64	0	83108
128	26	64	0	83132
128	61	64	0	83255
128	73	64	0	83279
128	67	64	0	83291
128	64	64	0	83296
144	38	73	0	83365
144	26	74	0	83373
144	73	76	0	83381
144	61	91	0	83385
144	64	66	0	83395
144	67	58	0	83411
128	61	64	0	83894
144	62	49	0	83942
128	73	64	0	84005
144	72	59	0	84027
144	74	58	0	84032
128	74	64	0	84109
128	72	64	0	84258
128	64	64	0	84261
128	62	64	0	84262
128	67	64	0	84264
144	62	88	0	84351
144	72	88	0	84355
144	64	79	0	84363
144	67	79	0	84373
128	72	64	0	84784
128	62	64	0	84793
128	64	64	0	84832
128	67	64	0	84843
144	61	87	0	85016
144	73	75	0	85019
144	64	64	0	85044
144	67	48	0	85068
128	67	64	0	85185
128	61	64	0	85190
128	73	64	0	85192
128	64	64	0	85213
144	61	83	0	85305
144	73	67	0	85308
144	64	57	0	85321
144	67	59	0	85339
128	64	64	0	85754
128	73	64	0	85758
128	67	64	0	85764
128	61	64	0	85766
144	62	15	0	85915
144	74	33	0	85974
128	38	64	0	85988
128	26	64	0	86016
144	67	31	0	86049
128	74	64	0	86129
128	67	64	0	86141
128	62	64	0	86155
144	26	85	0	86291
144	38	80	0	86302
144	74	92	0	86304
144	62	97	0	86307
128	62	64	0	86804
144	62	78	0	86877
144	67	79	0	86898
144	70	81	0	86912
128	38	64	0	87082
128	74	64	0	87093
128	26	64	0	87095
128	62	64	0	87098
128	70	64	0	87099
128	67	64	0	87106
144	38	68	0	87213
144	74	73	0	87219
144	62	76	0	87222
144	26	67	0	87225
144	67	58	0	87227
144	70	59	0	87230
128	67	64	0	87432
128	62	64	0	87467
128	70	64	0	87470
128	74	64	0	87520
144	74	34	0	87564
144	62	69	0	87569
144	69	60	0	87600
144	68	43	0	87616
128	68	64	0	87671
128	62	64	0	87696
128	74	64	0	87700
128	69	64	0	87721
144	69	76	0	87806
144	62	78	0	87823
144	66	64	0	87849
128	66	64	0	88018
128	62	64	0	88031
128	69	64	0	88034
128	26	64	0	88039
128	38	64	0	88054
144	38	69	0	88160
144	26	67	0	88163
144	74	88	0	88165
144	62	89	0	88177
128	74	64	0	88643
128	62	64	0	88668
144	69	76	0	88733
144	66	68	0	88743
144	62	76	0	88746
128	26	64	0	88816
128	38	64	0	88828
128	66	64	0	88872
128	62	64	0	88892
128	69	64	0	88913
144	38	75	0	88985
144	26	77	0	89000
144	69	63	0	89008
144	62	60	0	89024
144	66	82	0	89028
128	69	64	0	89220
128	66	64	0	89269
144	67	71	0	89311
144	70	84	0	89332
128	67	64	0	89492
128	62	64	0	89499
128	70	64	0	89503
144	70	70	0	89585
144	62	74	0	89599
144	67	72	0	89603
128	38	64	0	89769
128	26	64	0	89771
128	62	64	0	89805
128	70	64	0	89809
128	67	64	0	89845
144	38	78	0	89909
144	26	81	0	89911
144	74	90	0	89926
144	62	92	0	89933
144	67	51	0	89960
128	67	64	0	90055
128	74	64	0	90389
128	62	64	0	90391
128	38	64	0	90454
144	62	79	0	90464
144	70	82	0	90476
144	67	81	0	90480
128	26	64	0	90526
128	62	64	0	90672
128	70	64	0	90696
128	67	64	0	90714
144	26	81	0	90773
144	70	74	0	90776
144	38	77	0	90779
144	62	72	0	90785
144	67	65	0	90799
128	67	64	0	90996
128	70	64	0	91019
144	69	79	0	91115
144	66	76	0	91121
128	62	64	0	91179
128	66	64	0	91237
128	69	64	0	91248
144	69	69	0	91342
144	62	76	0	91351
144	66	64	0	91361
128	26	64	0	91515
128	38	64	0	91538
128	66	64	0	91546
128	62	64	0	91573
128	69	64	0	91575
144	26	71	0	91635
144	38	70	0	91644
144	62	76	0	91664
144	74	88	0	91666
128	74	64	0	92121
128	62	64	0	92173
144	69	61	0	92218
144	66	77	0	92225
128	26	64	0	92252
128	38	64	0	92282
144	62	19	0	92306
128	62	64	0	92386
128	69	64	0	92400
128	66	64	0	92409
144	26	71	0	92505
144	38	66	0	92508
144	66	55	0	92515
144	69	67	0	92519
144	62	72	0	92526
128	66	64	0	92697
128	69	64	0	92699
144	70	70	0	92830
144	67	68	0	92855
128	70	64	0	92966
128	62	64	0	92976
128	67	64	0	92988
128	26	64	0	93008
128	38	64	0	93061
144	70	73	0	93109
144	62	76	0	93112
144	67	65	0	93117
128	70	64	0	93347
128	67	64	0	93367
128	62	64	0	93378
144	38	82	0	93454
144	50	80	0	93458
144	67	72	0	93460
144	70	66	0	93463
128	67	64	0	93680
128	70	64	0	93690
144	70	75	0	93769
144	67	56	0	93799
144	62	71	0	93952
128	70	64	0	93957
128	67	64	0	93967
128	38	64	0	94068
128	50	64	0	94089
144	66	79	0	94107
128	62	64	0	94131
128	66	64	0	94222
144	67	32	0	94241
144	62	69	0	94372
128	67	64	0	94407
144	50	60	0	94428
144	38	69	0	94437
144	70	76	0	94457
128	62	64	0	94530
128	70	64	0	94710
144	70	74	0	94780
144	66	76	0	94929
128	70	64	0	95014
128	50	64	0	95058
144	67	86	0	95060
128	66	64	0	95068
128	38	64	0	95093
128	67	64	0	95314
144	50	78	0	95343
144	38	78	0	95351
144	62	77	0	95357
144	64	53	0	95388
128	64	64	0	95472
128	62	64	0	95622
144	70	78	0	95678
144	66	75	0	95804
128	70	64	0	95888
128	38	64	0	95927
128	50	64	0	95932
144	62	69	0	95980
128	66	64	0	96023
144	67	72	0	96118
128	62	64	0	96178
144	50	36	0	96241
144	38	60	0	96258
144	66	76	0	96307
128	67	64	0	96358
144	63	75	0	96433
128	66	64	0	96484
144	60	68	0	96590
128	63	64	0	96613
144	67	68	0	96722
128	60	64	0	96758
144	66	62	0	96889
128	67	64	0	96949
128	50	64	0	96962
144	63	67	0	97000
128	38	64	0	97006
128	66	64	0	97073
144	38	74	0	97230
144	62	83	0	97233
144	50	64	0	97235
128	63	64	0	97250
144	59	75	0	97537
128	62	64	0	97560
144	62	67	0	97693
128	59	64	0	97700
144	59	68	0	97809
128	62	64	0	97818
128	38	64	0	97843
128	50	64	0	97868
144	62	56	0	97970
128	59	64	0	98023
144	38	69	0	98086
144	50	60	0	98089
144	55	77	0	98120
128	62	64	0	98143
144	59	69	0	98271
128	55	64	0	98314
144	62	66	0	98431
128	59	64	0	98492
144	58	76	0	98530
128	62	64	0	98613
128	58	64	0	98624
144	59	48	0	98633
144	56	83	0	98732
128	59	64	0	98768
128	38	64	0	98883
128	50	64	0	98888
144	62	62	0	98916
128	56	64	0	98939
144	59	73	0	99053
144	38	78	0	99068
144	50	79	0	99079
128	62	64	0	99112
144	56	79	0	99199
128	59	64	0	99262
144	62	62	0	99348
128	56	64	0	99379
144	59	55	0	99502
128	62	64	0	99558
144	56	68	0	99650
128	59	64	0	99727
128	56	64	0	99762
144	59	47	0	99764
128	38	64	0	99819
128	50	64	0	99860
128	59	64	0	99940
144	62	66	0	99942
144	50	67	0	100053
144	38	66	0	100056
128	62	64	0	100137
144	64	40	0	100141
128	64	64	0	100271
144	66	61	0	100339
144	63	67	0	100675
128	50	64	0	100712
128	38	64	0	100750
128	66	64	0	101022
128	63	64	0	101029
144	50	64	0	101031
144	38	66	0	101043
144	62	75	0	101057
144	71	81	0	101065
144	63	60	0	101090
144	66	13	0	101423
128	62	64	0	101695
128	50	64	0	101785
128	38	64	0	101787
128	71	64	0	101842
128	63	64	0	101891
128	66	64	0	101893
144	50	73	0	101992
144	38	75	0	101994
144	66	62	0	102001
144	60	86	0	102004
144	71	79	0	102008
144	63	61	0	102013
128	60	64	0	102655
128	71	64	0	102675
128	38	64	0	102696
128	66	64	0	102738
128	63	64	0	102753
128	50	64	0	102778
144	50	72	0	102884
144	38	73	0	102894
144	59	74	0	102901
144	66	66	0	102908
144	71	69	0	102911
144	63	59	0	102931
128	59	64	0	103577
128	63	64	0	103654
128	66	64	0	103661
128	71	64	0	103663
128	38	64	0	103669
128	50	64	0	103709
144	60	41	0	103878
144	38	60	0	103882
144	50	62	0	103887
144	63	63	0	103891
144	72	74	0	103895
128	60	64	0	104504
144	66	26	0	104538
128	72	64	0	104549
128	38	64	0	104590
128	63	64	0	104593
128	66	64	0	104604
128	50	64	0	104622
144	38	69	0	104807
144	50	66	0	104813
144	62	4	0	104817
144	74	67	0	104838
128	74	64	0	105501
128	62	64	0	105509
128	38	64	0	105511
128	50	64	0	105527
144	50	64	0	105731
144	38	60	0	105743
144	62	48	0	105755
144	69	58	0	105759
144	66	52	0	105768
144	74	58	0	105771
128	74	64	0	106406
128	69	64	0	106416
128	62	64	0	106426
128	66	64	0	106467
128	38	64	0	106483
128	50	64	0	106488
144	38	55	0	106677
144	50	53	0	106680
144	66	52	0	106720
144	62	60	0	106722
144	70	84	0	106740
144	74	70	0	106759
128	62	64	0	107481
128	74	64	0	107487
128	70	64	0	107501
128	38	64	0	107506
128	66	64	0	107513
128	50	64	0	107536
144	66	63	0	107628
144	62	75	0	107632
144	74	76	0	107636
144	50	75	0	107646
144	70	63	0	107648
144	38	79	0	107653
128	70	64	0	108178
128	74	64	0	108237
128	66	64	0	108247
128	62	64	0	108344
128	38	64	0	108398
128	50	64	0	108407
144	38	79	0	108598
144	50	79	0	108601
144	69	77	0	108603
144	62	78	0	108611
144	66	79	0	108628
144	64	82	0	108639
128	64	64	0	108731
128	66	64	0	108738
128	62	64	0	108922
144	63	78	0	108986
144	62	60	0	108999
144	66	71	0	109001
128	62	64	0	109224
128	63	64	0	109226
128	66	64	0	109238
144	63	80	0	109296
144	62	74	0	109299
144	66	76	0	109308
128	38	64	0	109352
128	50	64	0	109359
128	63	64	0	109460
128	66	64	0	109463
128	62	64	0	109475
144	38	81	0	109587
144	50	81	0	109592
144	62	80	0	109896
144	63	72	0	109912
144	66	66	0	109930
128	63	64	0	110035
128	66	64	0	110037
128	62	64	0	110053
144	62	61	0	110166
128	38	64	0	110168
144	63	61	0	110183
144	66	63	0	110191
128	50	64	0	110195
128	63	64	0	110360
128	62	64	0	110379
128	66	64	0	110379
144	38	71	0	110463
144	50	74	0	110471
144	66	67	0	110474
144	63	68	0	110498
144	62	62	0	110788
128	63	64	0	110798
128	66	64	0	110799
144	66	64	0	111091
128	62	64	0	111104
144	63	64	0	111118
128	38	64	0	111190
128	50	64	0	111194
144	50	76	0	111389
144	38	76	0	111393
144	60	88	0	111424
128	63	64	0	111464
128	66	64	0	111467
144	63	65	0	111769
128	60	64	0	111771
128	63	64	0	111930
144	66	81	0	112006
128	50	64	0	112110
128	38	64	0	112126
128	66	64	0	112266
128	69	64	0	112309
144	50	84	0	112337
144	38	81	0	112346
144	63	71	0	112641
144	69	59	0	112643
144	62	68	0	112648
144	66	67	0	112651
128	66	64	0	112795
128	69	64	0	112799
128	63	64	0	112800
128	62	64	0	112803
144	62	72	0	112890
144	69	68	0	112894
144	63	65	0	112898
144	66	63	0	112904
128	38	64	0	113075
128	50	64	0	113099
144	50	75	0	113220
144	38	75	0	113235
128	63	64	0	113264
128	66	64	0	113268
128	62	64	0	113270
128	69	64	0	113272
144	62	70	0	113483
144	69	61	0	113500
144	66	65	0	113511
144	63	65	0	113514
128	69	64	0	113627
128	63	64	0	113640
128	66	64	0	113644
128	62	64	0	113664
144	62	75	0	113750
144	69	66	0	113759
144	66	56	0	113763
144	63	64	0	113778
128	38	64	0	113838
128	50	64	0	113897
128	62	64	0	113953
128	66	64	0	113966
128	69	64	0	113975
128	63	64	0	113989
144	38	74	0	114056
144	50	74	0	114069
144	69	68	0	114072
144	63	68	0	114081
144	66	61	0	114084
144	59	65	0	114361
128	63	64	0	114404
128	66	64	0	114411
144	63	59	0	114644
144	66	67	0	114656
128	59	64	0	114687
128	50	64	0	114824
128	38	64	0	114842
144	62	72	0	114947
144	50	75	0	114950
144	38	68	0	114956
128	63	64	0	115000
128	66	64	0	115038
128	69	64	0	115089
144	69	48	0	115227
144	66	64	0	115267
128	62	64	0	115279
144	63	65	0	115287
128	69	64	0	115390
128	66	64	0	115426
128	38	64	0	115446
128	63	64	0	115447
128	50	64	0	115463
144	58	86	0	115566
144	66	55	0	115626
128	66	64	0	115698
144	63	31	0	115702
128	63	64	0	115769
128	58	64	0	115796
144	38	78	0	115838
144	50	68	0	115841
144	57	87	0	115882
144	63	60	0	116167
144	61	56	0	116189
128	57	64	0	116268
128	63	64	0	116404
144	63	85	0	116469
128	38	64	0	116674
128	50	64	0	116681
128	61	64	0	116807
144	50	66	0	116810
144	57	78	0	116812
144	38	72	0	116819
128	63	64	0	116828
144	63	72	0	117090
144	61	69	0	117097
128	57	64	0	117190
128	63	64	0	117253
128	61	64	0	117258
144	61	66	0	117356
144	63	61	0	117365
144	66	87	0	117372
128	38	64	0	117446
128	50	64	0	117483
128	66	64	0	117662
128	61	64	0	117673
128	63	64	0	117676
144	50	78	0	117681
144	38	77	0	117684
144	57	78	0	117964
144	63	66	0	118242
144	61	60	0	118262
128	57	64	0	118344
128	50	64	0	118407
128	38	64	0	118420
128	61	64	0	118444
128	63	64	0	118457
144	63	68	0	118541
144	50	80	0	118544
144	61	64	0	118548
144	67	88	0	118550
144	38	77	0	118556
144	57	84	0	118562
128	67	64	0	118764
128	61	64	0	118772
128	57	64	0	118775
128	63	64	0	118788
144	67	74	0	118853
144	63	79	0	118859
144	61	70	0	118862
144	57	75	0	118866
128	38	64	0	118974
128	50	64	0	119025
128	61	64	0	119040
128	67	64	0	119042
128	63	64	0	119045
128	57	64	0	119055
144	67	68	0	119141
144	63	60	0	119144
144	57	72	0	119147
144	61	58	0	119159
128	67	64	0	119327
128	61	64	0	119350
128	57	64	0	119359
128	63	64	0	119378
144	63	70	0	119481
144	49	81	0	119485
144	37	79	0	119496
144	61	79	0	119503
144	57	72	0	119782
128	61	64	0	119806
128	63	64	0	119816
144	61	66	0	120019
144	67	67	0	120035
128	57	64	0	120067
128	37	64	0	120202
128	67	64	0	120204
128	49	64	0	120210
128	61	64	0	120255
144	36	77	0	120343
144	48	68	0	120351
144	61	75	0	120359
144	67	88	0	120362
144	57	64	0	120702
128	61	64	0	120759
128	67	64	0	120761
128	48	64	0	120875
144	67	71	0	120923
128	36	64	0	120940
144	61	72	0	120961
128	57	64	0	121096
128	67	64	0	121184
128	61	64	0	121218
144	46	47	0	121251
144	34	67	0	121261
144	61	81	0	121561
144	67	80	0	121567
128	67	64	0	121746
128	61	64	0	121776
144	61	84	0	121827
144	67	74	0	121830
128	46	64	0	121896
128	34	64	0	121951
144	33	83	0	122125
144	45	80	0	122128
128	61	64	0	122187
128	67	64	0	122195
144	57	76	0	122397
128	33	64	0	122665
144	61	76	0	122701
144	67	77	0	122703
128	45	64	0	122722
128	57	64	0	122836
144	50	75	0	123007
128	67	64	0	123014
144	38	81	0	123018
128	61	64	0	123070
144	66	81	0	123293
144	57	67	0	123298
144	61	77	0	123301
128	61	64	0	123453
128	57	64	0	123458
128	66	64	0	123463
144	66	76	0	123547
144	61	72	0	123553
144	57	78	0	123562
128	38	64	0	123602
128	50	64	0	123630
144	51	80	0	123880
144	39	77	0	123882
128	57	64	0	123979
128	61	64	0	123991
128	66	64	0	123996
144	66	85	0	124182
144	57	81	0	124191
144	61	89	0	124194
128	66	64	0	124356
128	57	64	0	124358
128	61	64	0	124362
144	66	76	0	124446
144	57	81	0	124450
144	61	73	0	124457
128	39	64	0	124470
128	51	64	0	124524
144	53	71	0	124799
128	57	64	0	124806
128	61	64	0	124811
144	41	77	0	124820
128	66	64	0	124842
144	57	85	0	125113
144	66	88	0	125375
144	61	82	0	125384
128	41	64	0	125401
128	53	64	0	125403
144	54	90	0	125691
144	42	80	0	125709
128	57	64	0	125774
128	61	64	0	125785
128	66	64	0	125787
144	66	89	0	125986
144	57	81	0	125990
144	61	80	0	126002
128	66	64	0	126151
128	61	64	0	126153
128	57	64	0	126163
128	54	64	0	126198
128	42	64	0	126241
144	66	84	0	126273
144	57	94	0	126276
144	61	78	0	126287
144	50	73	0	126582
144	38	74	0	126585
128	66	64	0	126603
128	61	64	0	126618
128	57	64	0	126621
144	57	83	0	126885
144	69	87	0	126890
144	61	85	0	126897
128	69	64	0	127046
128	61	64	0	127052
128	57	64	0	127058
144	57	93	0	127174
144	69	95	0	127178
144	61	81	0	127180
128	50	64	0	127237
128	38	64	0	127267
144	48	68	0	127425
144	36	64	0	127443
128	57	64	0	127543
128	61	64	0	127546
128	69	64	0	127556
144	69	86	0	127750
144	57	78	0	127760
144	61	73	0	127769
128	57	64	0	127939
128	69	64	0	127942
128	61	64	0	127948
144	69	94	0	128084
144	57	87	0	128087
144	61	83	0	128096
128	48	64	0	128099
128	36	64	0	128131
144	46	85	0	128367
144	34	75	0	128386
128	57	64	0	128496
128	69	64	0	128504
128	61	64	0	128535
144	57	77	0	128680
144	61	70	0	128885
128	57	64	0	129060
128	46	64	0	129087
128	34	64	0	129114
144	45	70	0	129226
144	33	66	0	129240
144	34	43	0	129299
128	34	64	0	129356
128	61	64	0	129371
144	57	80	0	129602
144	69	81	0	129606
144	61	81	0	129615
128	69	64	0	129766
128	57	64	0	129781
128	61	64	0	129817
128	33	64	0	129825
128	45	64	0	129868
144	61	83	0	129883
144	69	86	0	129887
144	57	87	0	129893
144	50	72	0	130175
144	40	72	0	130217
144	38	64	0	130223
128	57	64	0	130229
128	61	64	0	130252
128	69	64	0	130254
128	38	64	0	130280
144	66	80	0	130472
144	61	79	0	130475
144	57	73	0	130480
128	57	64	0	130647
128	66	64	0	130657
128	61	64	0	130659
144	57	84	0	130762
144	66	75	0	130765
144	61	68	0	130768
128	50	64	0	130831
128	40	64	0	130834
144	51	81	0	131061
144	39	73	0	131083
128	57	64	0	131164
128	61	64	0	131166
128	66	64	0	131172
128	39	64	0	131177
144	40	66	0	131185
128	40	64	0	131369
144	66	80	0	131380
144	57	71	0	131389
144	61	76	0	131392
128	57	64	0	131587
128	61	64	0	131602
128	66	64	0	131604
144	66	80	0	131684
144	61	72	0	131689
144	57	81	0	131693
128	51	64	0	131704
144	54	81	0	131949
144	42	81	0	131955
128	66	64	0	132030
128	57	64	0	132050
128	61	64	0	132057
144	57	81	0	132246
144	61	72	0	132251
144	65	65	0	132255
144	64	31	0	132306
128	64	64	0	132351
128	57	64	0	132417
128	61	64	0	132424
128	65	64	0	132429
144	65	81	0	132529
144	61	72	0	132535
144	57	82	0	132540
128	54	64	0	132605
128	42	64	0	132617
144	41	70	0	132852
144	53	62	0	132856
128	57	64	0	132876
128	65	64	0	132908
128	61	64	0	132917
144	65	81	0	133119
144	57	75	0	133129
144	61	83	0	133135
128	65	64	0	133306
128	57	64	0	133309
128	61	64	0	133331
128	53	64	0	133366
128	41	64	0	133429
144	61	69	0	133432
144	65	87	0	133435
144	57	82	0	133446
128	61	64	0	133709
144	50	67	0	133737
128	65	64	0	133739
144	38	67	0	133757
128	57	64	0	133759
144	36	61	0	133764
128	36	64	0	133814
144	60	83	0	134031
144	63	72	0	134035
144	57	50	0	134038
144	55	66	0	134056
128	55	64	0	134130
128	63	64	0	134191
128	57	64	0	134208
128	60	64	0	134240
144	57	76	0	134297
144	60	94	0	134304
144	63	70	0	134315
128	50	64	0	134436
128	38	64	0	134446
144	49	79	0	134646
144	37	74	0	134661
128	63	64	0	134686
128	57	64	0	134704
128	60	64	0	134715
144	60	77	0	134925
144	63	73	0	134928
144	57	73	0	134931
128	57	64	0	135098
128	63	64	0	135101
128	60	64	0	135133
128	49	64	0	135204
144	60	70	0	135224
144	57	77	0	135226
144	63	73	0	135231
128	37	64	0	135250
144	34	84	0	135534
144	46	94	0	135536
128	57	64	0	135566
128	63	64	0	135606
128	60	64	0	135615
144	57	78	0	135824
144	60	75	0	135826
144	63	83	0	135829
128	63	64	0	135985
128	57	64	0	135995
128	60	64	0	136015
144	60	84	0	136088
144	57	81	0	136091
144	63	70	0	136094
128	46	64	0	136260
128	34	64	0	136262
128	63	64	0	136365
144	47	81	0	136400
128	60	64	0	136402
144	35	72	0	136410
128	57	64	0	136418
144	62	93	0	136747
144	57	84	0	136752
128	57	64	0	136911
128	62	64	0	136946
128	35	64	0	137005
144	62	86	0	137015
144	57	85	0	137018
128	47	64	0	137077
144	50	82	0	137320
128	62	64	0	137342
144	38	66	0	137347
144	40	72	0	137365
128	57	64	0	137375
128	40	64	0	137413
144	57	65	0	137609
144	63	72	0	137616
144	60	77	0	137620
128	57	64	0	137786
128	63	64	0	137789
128	60	64	0	137812
144	60	74	0	137893
144	63	61	0	137897
144	57	69	0	137899
128	38	64	0	137938
128	50	64	0	137995
144	51	83	0	138178
144	39	71	0	138191
128	63	64	0	138264
128	57	64	0	138266
128	60	64	0	138278
144	60	68	0	138476
144	57	65	0	138480
144	63	64	0	138482
128	63	64	0	138619
128	57	64	0	138650
128	60	64	0	138652
144	57	74	0	138740
144	60	71	0	138742
144	63	69	0	138748
128	39	64	0	138758
128	51	64	0	138809
144	54	84	0	139019
144	42	78	0	139035
144	44	45	0	139087
128	63	64	0	139131
128	44	64	0	139138
128	57	64	0	139140
128	60	64	0	139167
144	57	78	0	139322
144	63	75	0	139330
144	60	75	0	139332
128	63	64	0	139512
128	57	64	0	139538
128	60	64	0	139554
128	54	64	0	139625
144	57	79	0	139630
144	60	82	0	139632
144	63	74	0	139637
128	42	64	0	139667
128	57	64	0	139892
144	53	69	0	139900
144	41	72	0	139907
128	60	64	0	139920
128	63	64	0	139943
144	57	81	0	140201
144	63	80	0	140206
128	53	64	0	140302
128	41	64	0	140348
144	60	75	0	140479
144	51	86	0	140495
128	57	64	0	140510
144	39	80	0	140515
128	51	64	0	140696
128	39	64	0	140705
128	60	64	0	140764
128	63	64	0	140800
144	50	84	0	140818
144	38	78	0	140838
144	60	55	0	140861
128	60	64	0	141041
144	62	64	0	141045
128	50	64	0	141124
128	38	64	0	141173
144	66	71	0	141352
128	62	64	0	141385
144	50	75	0	141658
144	38	72	0	141669
144	40	36	0	141722
128	40	64	0	141768
144	60	60	0	141980
128	66	64	0	142018
128	50	64	0	142145
128	38	64	0	142166
144	69	65	0	142245
144	66	81	0	142269
128	60	64	0	142318
128	69	64	0	142422
128	66	64	0	142438
144	50	66	0	142521
144	38	77	0	142528
144	74	86	0	142547
128	74	64	0	142736
144	74	77	0	142835
144	66	39	0	142922
144	62	76	0	143124
128	38	64	0	143129
128	50	64	0	143135
128	74	64	0	143138
128	66	64	0	143195
128	62	64	0	143365
144	50	80	0	143412
144	38	78	0	143416
144	74	86	0	143426
128	74	64	0	143655
144	74	68	0	143734
144	66	66	0	143851
128	74	64	0	143955
128	50	64	0	144004
128	38	64	0	144012
144	62	55	0	144019
128	66	64	0	144073
144	72	71	0	144149
128	62	64	0	144200
128	72	64	0	144228
144	50	73	0	144279
144	38	74	0	144289
144	72	88	0	144329
144	66	60	0	144459
128	72	64	0	144546
144	62	58	0	144631
128	66	64	0	144673
144	72	52	0	144736
128	62	64	0	144798
144	66	60	0	144979
128	38	64	0	145002
128	72	64	0	145019
128	50	64	0	145027
144	62	60	0	145107
128	66	64	0	145139
144	50	68	0	145223
144	38	68	0	145235
128	62	64	0	145276
144	62	66	0	145484
144	70	76	0	145603
128	62	64	0	145620
128	38	64	0	145664
128	50	64	0	145697
144	66	79	0	145727
128	70	64	0	145744
144	69	77	0	145887
128	66	64	0	145891
144	66	77	0	146072
128	69	64	0	146095
144	38	74	0	146168
144	50	64	0	146186
144	69	73	0	146209
128	66	64	0	146224
144	66	63	0	146360
128	69	64	0	146421
144	67	68	0	146499
128	66	64	0	146508
144	70	77	0	146643
128	67	64	0	146686
128	38	64	0	146778
128	50	64	0	146785
144	67	76	0	146858
128	70	64	0	146866
144	69	74	0	146995
128	67	64	0	147036
144	50	55	0	147095
144	38	64	0	147103
144	70	77	0	147158
128	69	64	0	147185
144	72	77	0	147270
128	70	64	0	147299
144	69	71	0	147387
128	72	64	0	147398
144	72	70	0	147558
128	69	64	0	147585
128	50	64	0	147743
144	75	73	0	147745
128	38	64	0	147747
128	75	64	0	147781
144	74	68	0	147788
128	72	64	0	147799
144	75	84	0	147955
128	74	64	0	147990
144	77	83	0	148103
144	50	77	0	148112
144	38	71	0	148114
128	75	64	0	148134
144	75	60	0	148743
128	77	64	0	148804
128	38	64	0	148809
128	50	64	0	148845
128	75	64	0	148873
144	77	67	0	148893
144	75	78	0	149004
144	50	62	0	149027
144	38	62	0	149036
128	77	64	0	149052
144	74	76	0	149061
128	75	64	0	149127
144	83	71	0	149666
128	38	64	0	149796
128	50	64	0	149805
128	74	64	0	149817
128	83	64	0	149906
144	50	73	0	149965
144	38	74	0	149982
144	74	78	0	150004
144	79	73	0	150309
144	83	68	0	150319
128	74	64	0	150354
128	50	64	0	150543
128	38	64	0	150565
144	74	71	0	150611
128	83	64	0	150624
128	79	64	0	150638
144	79	70	0	150850
144	50	60	0	150861
144	82	71	0	150864
144	38	70	0	150873
128	74	64	0	150889
144	74	73	0	151170
128	79	64	0	151196
128	82	64	0	151240
144	81	68	0	151444
128	38	64	0	151474
144	77	54	0	151497
128	50	64	0	151499
128	74	64	0	151506
128	77	64	0	151588
128	81	64	0	151707
144	50	86	0	151759
144	38	79	0	151763
144	86	86	0	152068
144	74	79	0	152070
128	74	64	0	152218
144	74	69	0	152339
128	50	64	0	152373
128	38	64	0	152394
128	86	64	0	152423
128	74	64	0	152558
144	50	73	0	152631
144	38	81	0	152633
144	84	86	0	152636
144	74	63	0	152651
128	74	64	0	152808
144	74	74	0	152948
128	84	64	0	153099
128	38	64	0	153129
128	50	64	0	153166
144	82	87	0	153188
128	74	64	0	153276
128	82	64	0	153483
144	50	77	0	153498
144	38	76	0	153507
144	72	83	0	153784
144	82	83	0	153790
144	78	85	0	153793
128	72	64	0	153929
128	50	64	0	154030
128	38	64	0	154072
144	72	78	0	154078
128	82	64	0	154145
128	78	64	0	154150
128	72	64	0	154244
144	50	69	0	154327
144	38	77	0	154339
144	78	89	0	154345
144	81	85	0	154349
144	72	74	0	154375
128	72	64	0	154437
144	72	78	0	154659
128	81	64	0	154684
128	78	64	0	154704
128	50	64	0	154787
128	72	64	0	154797
128	38	64	0	154808
144	77	87	0	154880
144	80	85	0	154883
144	50	83	0	155167
144	38	68	0	155175
128	80	64	0	155190
128	77	64	0	155194
144	40	72	0	155202
128	40	64	0	155317
144	75	90	0	155479
144	79	88	0	155485
144	72	72	0	155778
128	75	64	0	155844
128	79	64	0	155883
128	38	64	0	155891
128	50	64	0	155899
128	72	64	0	155939
144	76	83	0	156023
144	50	78	0	156028
144	38	82	0	156033
144	79	86	0	156036
144	72	71	0	156345
128	79	64	0	156401
128	76	64	0	156431
128	72	64	0	156506
128	50	64	0	156523
128	38	64	0	156535
144	80	77	0	156621
144	78	78	0	156630
144	50	80	0	156636
144	38	77	0	156639
128	78	64	0	156827
128	38	64	0	156834
128	80	64	0	156837
128	50	64	0	156840
144	81	90	0	156948
144	77	90	0	156951
144	50	83	0	156958
144	38	83	0	156964
128	81	64	0	157190
128	77	64	0	157211
144	77	68	0	157259
144	81	76	0	157263
128	81	64	0	157406
128	77	64	0	157418
144	77	65	0	157512
144	81	48	0	157519
128	77	64	0	157654
128	81	64	0	157727
128	38	64	0	157739
128	50	64	0	157748
144	50	78	0	157882
144	38	79	0	157885
144	77	71	0	157905
144	69	77	0	157913
144	81	61	0	157917
128	69	64	0	158099
128	77	64	0	158109
128	81	64	0	158118
144	81	44	0	158191
144	77	67	0	158207
144	69	69	0	158213
128	69	64	0	158339
128	81	64	0	158344
128	77	64	0	158347
144	81	58	0	158464
144	69	69	0	158487
144	77	68	0	158489
128	38	64	0	158523
128	50	64	0	158549
128	69	64	0	158623
128	81	64	0	158629
128	77	64	0	158652
144	38	74	0	158770
144	50	69	0	158779
144	67	79	0	158812
144	81	71	0	158825
144	77	68	0	158827
128	77	64	0	158999
128	67	64	0	159013
144	67	65	0	159121
144	77	63	0	159144
128	77	64	0	159249
128	67	64	0	159252
128	81	64	0	159297
144	67	71	0	159375
144	81	57	0	159378
144	77	74	0	159390
128	67	64	0	159472
128	81	64	0	159504
128	50	64	0	159543
128	77	64	0	159545
128	38	64	0	159574
144	38	78	0	159784
144	50	75	0	159792
144	66	81	0	159829
144	78	63	0	159872
128	78	64	0	159965
128	66	64	0	159983
144	78	61	0	160087
144	66	62	0	160093
144	75	58	0	160123
128	75	64	0	160186
128	66	64	0	160229
128	78	64	0	160233
144	78	80	0	160364
144	66	79	0	160383
144	75	67	0	160393
128	50	64	0	160525
128	38	64	0	160547
128	66	64	0	160553
128	78	64	0	160580
128	75	64	0	160602
144	50	86	0	160714
144	38	85	0	160717
144	78	95	0	160727
144	66	98	0	160730
144	75	76	0	160744
128	66	64	0	160952
128	75	64	0	160968
128	78	64	0	160990
144	78	58	0	161038
144	66	67	0	161042
144	75	67	0	161046
128	78	64	0	161163
128	75	64	0	161164
128	66	64	0	161166
144	78	70	0	161298
144	66	82	0	161312
144	75	52	0	161347
128	78	64	0	161384
128	75	64	0	161402
128	66	64	0	161437
128	50	64	0	161467
128	38	64	0	161472
144	50	75	0	161640
144	38	85	0	161644
144	66	73	0	161698
144	63	60	0	161705
128	63	64	0	161818
128	66	64	0	161852
144	71	83	0	161944
144	63	73	0	161947
144	66	58	0	161950
128	63	64	0	162093
128	66	64	0	162109
128	71	64	0	162124
144	71	71	0	162230
144	63	80	0	162240
144	66	59	0	162250
128	38	64	0	162403
128	50	64	0	162416
128	71	64	0	162447
128	63	64	0	162452
128	66	64	0	162464
144	63	82	0	162544
144	66	75	0	162548
144	71	80	0	162550
144	50	86	0	162553
144	38	83	0	162556
128	63	64	0	162765
128	66	64	0	162787
144	63	72	0	162842
144	66	83	0	162859
128	63	64	0	162995
128	71	64	0	163002
128	66	64	0	163017
128	50	64	0	163084
128	38	64	0	163089
144	63	79	0	163106
144	66	70	0	163111
144	70	80	0	163121
128	70	64	0	163323
128	66	64	0	163325
128	63	64	0	163336
144	38	83	0	163428
144	50	82	0	163430
144	62	82	0	163434
144	69	80	0	163447
144	66	56	0	163452
128	62	64	0	163649
128	66	64	0	163652
128	69	64	0	163676
144	62	68	0	163735
144	66	66	0	163740
144	69	80	0	163754
128	66	64	0	163876
128	62	64	0	163878
128	69	64	0	163893
128	38	64	0	164033
144	69	77	0	164035
144	62	62	0	164043
144	66	73	0	164047
128	62	64	0	164123
128	50	64	0	164126
128	69	64	0	164178
128	66	64	0	164193
144	50	78	0	164344
144	38	78	0	164347
144	63	83	0	164350
144	66	76	0	164368
144	70	78	0	164376
128	66	64	0	164562
128	70	64	0	164564
128	63	64	0	164567
144	70	69	0	164637
144	63	84	0	164640
144	66	70	0	164643
128	70	64	0	164780
128	66	64	0	164811
128	63	64	0	164832
144	66	52	0	164930
144	62	59	0	164936
144	69	77	0	164939
144	64	57	0	164961
128	64	64	0	165054
128	69	64	0	165109
128	62	64	0	165128
128	38	64	0	165132
128	66	64	0	165142
128	50	64	0	165144
144	66	74	0	165248
144	62	86	0	165254
144	38	81	0	165259
144	67	86	0	165262
144	50	77	0	165266
128	62	64	0	165487
128	66	64	0	165496
128	67	64	0	165502
144	62	73	0	165581
144	66	66	0	165585
144	67	74	0	165587
128	66	64	0	165704
128	62	64	0	165723
128	67	64	0	165730
144	67	62	0	165822
144	66	66	0	165828
144	62	53	0	165830
128	62	64	0	165909
128	67	64	0	165963
128	38	64	0	165978
128	50	64	0	165987
128	66	64	0	165997
144	38	80	0	166174
144	63	71	0	166177
144	50	75	0	166179
144	66	69	0	166195
144	69	77	0	166215
144	70	61	0	166222
128	70	64	0	166307
128	69	64	0	166412
128	63	64	0	166416
128	66	64	0	166425
144	69	83	0	166494
144	66	75	0	166500
144	63	64	0	166507
128	63	64	0	166635
128	66	64	0	166648
128	69	64	0	166656
144	69	74	0	166745
144	63	76	0	166762
144	66	56	0	166774
128	69	64	0	166895
128	66	64	0	166946
128	63	64	0	166948
128	38	64	0	166968
128	50	64	0	167005
144	38	83	0	167087
144	50	86	0	167091
144	62	86	0	167093
144	68	87	0	167099
128	62	64	0	167355
128	68	64	0	167357
144	62	75	0	167430
144	68	76	0	167434
128	68	64	0	167586
128	62	64	0	167593
144	62	68	0	167699
144	68	62	0	167702
128	38	64	0	167726
128	50	64	0	167760
128	62	64	0	167919
128	68	64	0	167926
144	42	69	0	168033
144	56	79	0	168036
144	62	87	0	168039
144	68	72	0	168042
144	66	87	0	168047
144	54	68	0	168054
128	66	64	0	168260
128	68	64	0	168270
128	62	64	0	168273
128	54	64	0	168328
144	66	77	0	168337
144	62	76	0	168341
144	68	84	0	168345
128	68	64	0	168498
128	66	64	0	168505
128	62	64	0	168516
144	68	73	0	168590
144	66	67	0	168596
144	62	68	0	168599
144	44	49	0	168602
128	42	64	0	168607
128	44	64	0	168678
128	56	64	0	168740
128	68	64	0	168765
128	66	64	0	168768
128	62	64	0	168770
144	57	65	0	168913
144	45	72	0	168922
144	66	86	0	168955
144	62	89	0	168958
144	68	85	0	168960
128	62	64	0	169141
128	68	64	0	169157
128	66	64	0	169164
144	66	62	0	169268
144	62	81	0	169271
144	68	58	0	169274
128	66	64	0	169390
128	68	64	0	169392
128	62	64	0	169406
128	57	64	0	169514
144	62	68	0	169520
144	66	66	0	169523
144	68	61	0	169531
128	45	64	0	169577
128	66	64	0	169743
128	62	64	0	169758
128	68	64	0	169760
144	54	60	0	169835
144	42	80	0	169869
144	63	89	0	169880
144	68	75	0	169885
144	41	45	0	169935
128	41	64	0	169996
128	63	64	0	170102
128	68	64	0	170113
144	63	73	0	170180
144	68	75	0	170190
128	68	64	0	170316
128	63	64	0	170336
144	63	69	0	170429
144	68	68	0	170439
128	42	64	0	170572
128	54	64	0	170596
128	68	64	0	170639
128	63	64	0	170658
144	56	62	0	170754
144	68	84	0	170778
144	44	64	0	170782
144	61	90	0	170797
128	68	64	0	171011
128	61	64	0	171013
144	61	71	0	171111
144	68	59	0	171113
128	68	64	0	171265
128	61	64	0	171298
128	44	64	0	171358
128	56	64	0	171375
144	61	70	0	171383
144	68	62	0	171395
128	68	64	0	171606
128	61	64	0	171608
144	68	76	0	171718
144	54	83	0	171721
144	42	86	0	171728
144	64	73	0	171732
144	62	71	0	171734
128	62	64	0	171932
128	64	64	0	171934
128	68	64	0	171947
144	68	81	0	172022
144	62	53	0	172046
144	64	47	0	172072
128	64	64	0	172158
128	68	64	0	172201
128	62	64	0	172242
128	54	64	0	172296
144	62	72	0	172322
144	68	59	0	172324
128	42	64	0	172331
128	68	64	0	172534
128	62	64	0	172556
144	51	59	0	172625
144	39	78	0	172638
144	68	67	0	172647
144	63	85	0	172657
128	63	64	0	172878
128	68	64	0	172902
144	63	61	0	172969
144	68	80	0	172978
128	63	64	0	173123
128	68	64	0	173128
144	68	64	0	173231
144	63	51	0	173239
128	51	64	0	173263
128	68	64	0	173293
128	39	64	0	173313
128	63	64	0	173324
144	50	35	0	173546
144	69	60	0	173549
144	62	60	0	173557
144	38	47	0	173567
128	69	64	0	173768
128	62	64	0	173774
144	62	53	0	173881
144	69	48	0	173888
128	69	64	0	173998
128	62	64	0	174010
144	62	55	0	174140
144	69	61	0	174143
128	38	64	0	174152
128	50	64	0	174166
128	62	64	0	174373
128	69	64	0	174379
144	49	79	0	174465
144	37	69	0	174472
144	62	71	0	174499
144	69	69	0	174503
128	69	64	0	174686
128	62	64	0	174696
144	62	62	0	174785
144	69	62	0	174791
128	69	64	0	174947
128	62	64	0	174962
144	69	83	0	175026
144	62	75	0	175030
128	37	64	0	175166
128	49	64	0	175204
128	69	64	0	175318
128	62	64	0	175327
144	50	73	0	175388
144	38	73	0	175397
144	62	76	0	175406
144	69	67	0	175413
128	62	64	0	175586
128	69	64	0	175594
144	69	60	0	175702
144	62	72	0	175705
128	50	64	0	175818
128	38	64	0	175873
128	62	64	0	175937
128	69	64	0	175939
144	46	85	0	176001
144	69	76	0	176020
144	34	80	0	176024
144	62	71	0	176027
128	46	64	0	176160
128	69	64	0	176194
128	62	64	0	176197
128	34	64	0	176200
144	62	81	0	176329
144	69	83	0	176332
144	45	77	0	176337
144	33	74	0	176343
128	62	64	0	176516
128	69	64	0	176523
144	69	74	0	176604
144	62	64	0	176607
128	62	64	0	176782
128	69	64	0	176784
144	69	68	0	176881
144	62	64	0	176901
128	45	64	0	176925
128	33	64	0	176932
128	69	64	0	177127
128	62	64	0	177131
144	50	70	0	177195
144	38	60	0	177203
144	62	81	0	177223
144	40	69	0	177226
144	69	81	0	177230
128	40	64	0	177341
128	62	64	0	177425
128	69	64	0	177430
144	69	61	0	177522
144	62	69	0	177524
128	69	64	0	177689
128	62	64	0	177703
128	38	64	0	177793
144	62	66	0	177799
128	50	64	0	177802
144	69	66	0	177812
128	69	64	0	178007
128	62	64	0	178007
144	51	89	0	178050
144	39	82	0	178056
144	69	79	0	178117
144	62	76	0	178120
128	62	64	0	178308
128	69	64	0	178317
144	69	64	0	178414
144	62	46	0	178422
128	39	64	0	178594
128	62	64	0	178596
128	69	64	0	178622
128	51	64	0	178625
144	69	76	0	178680
144	62	65	0	178688
128	69	64	0	178846
128	62	64	0	178847
144	56	79	0	178910
144	44	80	0	178933
144	69	90	0	178959
144	62	90	0	178963
128	62	64	0	179156
128	69	64	0	179175
144	62	69	0	179238
144	69	81	0	179246
128	56	64	0	179322
128	44	64	0	179377
128	62	64	0	179435
128	69	64	0	179452
144	54	72	0	179533
144	42	84	0	179562
144	69	73	0	179574
144	62	79	0	179577
128	54	64	0	179687
128	42	64	0	179697
128	69	64	0	179731
128	62	64	0	179733
144	69	85	0	179881
144	62	89	0	179883
144	50	89	0	179886
144	38	80	0	179893
128	62	64	0	180050
128	69	64	0	180055
144	62	65	0	180160
144	69	63	0	180176
128	50	64	0	180305
128	38	64	0	180317
128	69	64	0	180355
128	62	64	0	180357
144	69	68	0	180465
144	49	87	0	180467
144	62	69	0	180471
144	37	81	0	180481
128	49	64	0	180589
128	62	64	0	180617
128	69	64	0	180632
128	37	64	0	180642
144	46	89	0	180754
144	69	78	0	180760
144	34	90	0	180763
144	62	89	0	180766
128	62	64	0	180956
128	69	64	0	180966
144	62	60	0	181058
144	69	57	0	181068
128	62	64	0	181241
128	69	64	0	181253
128	46	64	0	181262
128	34	64	0	181282
144	69	63	0	181359
144	62	65	0	181362
144	45	75	0	181378
144	33	63	0	181397
144	35	56	0	181426
128	35	64	0	181497
128	45	64	0	181513
128	69	64	0	181525
128	62	64	0	181527
128	33	64	0	181529
144	32	78	0	181691
144	44	78	0	181693
144	62	75	0	181711
144	69	72	0	181722
128	69	64	0	181887
128	62	64	0	181896
144	62	66	0	181995
144	69	69	0	182004
128	44	64	0	182123
128	62	64	0	182172
128	69	64	0	182174
128	32	64	0	182179
144	42	80	0	182289
144	69	63	0	182294
144	62	60	0	182296
144	30	82	0	182299
128	62	64	0	182452
128	69	64	0	182454
128	42	64	0	182463
128	30	64	0	182493
144	62	73	0	182595
144	39	84	0	182602
144	27	92	0	182606
144	69	72	0	182608
128	69	64	0	182774
128	62	64	0	182787
144	62	60	0	182903
144	69	57	0	182914
128	69	64	0	183066
128	62	64	0	183078
144	62	58	0	183178
144	69	55	0	183197
128	39	64	0	183219
128	27	64	0	183319
128	62	64	0	183353
128	69	64	0	183356
144	38	69	0	183475
144	26	79	0	183496
144	62	77	0	183510
144	69	77	0	183517
128	69	64	0	183748
128	62	64	0	183753
144	62	59	0	183852
144	69	53	0	183872
144	30	42	0	183996
128	69	64	0	184000
128	62	64	0	184003
128	26	64	0	184036
128	30	64	0	184064
128	38	64	0	184104
144	62	55	0	184112
144	69	57	0	184119
128	62	64	0	184251
128	69	64	0	184280
144	50	41	0	184415
144	38	65	0	184463
144	62	65	0	184467
144	69	70	0	184470
144	40	72	0	184473
128	40	64	0	184603
128	62	64	0	184652
128	69	64	0	184677
144	62	64	0	184748
144	69	72	0	184763
128	38	64	0	184811
128	50	64	0	184843
128	62	64	0	184930
128	69	64	0	184945
144	39	69	0	184996
144	51	64	0	185004
144	62	64	0	185042
144	69	57	0	185051
128	62	64	0	185174
128	69	64	0	185181
128	39	64	0	185194
128	51	64	0	185209
144	62	66	0	185340
144	69	61	0	185355
144	53	65	0	185357
144	41	62	0	185362
144	43	62	0	185380
144	55	43	0	185383
128	55	64	0	185441
128	43	64	0	185443
128	62	64	0	185527
128	69	64	0	185536
144	69	59	0	185640
144	62	59	0	185643
128	41	64	0	185693
128	53	64	0	185695
128	69	64	0	185832
128	62	64	0	185841
144	56	78	0	185902
144	44	57	0	185932
144	46	53	0	185970
144	69	69	0	185972
144	62	63	0	185980
128	46	64	0	186029
128	56	64	0	186100
128	44	64	0	186111
128	62	64	0	186113
128	69	64	0	186121
144	54	86	0	186234
144	62	75	0	186258
144	69	70	0	186261
144	42	77	0	186264
128	62	64	0	186443
128	69	64	0	186465
144	62	62	0	186547
144	69	63	0	186557
128	54	64	0	186645
128	42	64	0	186701
128	62	64	0	186730
128	69	64	0	186733
144	51	74	0	186811
144	39	81	0	186840
144	62	60	0	186853
144	69	59	0	186855
128	51	64	0	186970
128	62	64	0	186972
128	69	64	0	186980
128	39	64	0	187014
144	49	83	0	187113
144	62	75	0	187131
144	37	76	0	187134
144	69	74	0	187137
128	69	64	0	187337
128	62	64	0	187371
144	62	71	0	187453
144	69	61	0	187466
128	49	64	0	187532
128	69	64	0	187601
128	37	64	0	187606
128	62	64	0	187610
144	46	74	0	187708
144	34	78	0	187731
144	62	64	0	187734
144	69	59	0	187737
128	46	64	0	187866
128	62	64	0	187882
128	69	64	0	187886
128	34	64	0	187890
144	44	85	0	188027
144	62	84	0	188042
144	69	74	0	188050
144	32	82	0	188053
128	69	64	0	188245
128	62	64	0	188262
144	62	62	0	188364
144	69	57	0	188392
128	69	64	0	188485
128	62	64	0	188518
144	62	66	0	188617
144	69	71	0	188627
128	32	64	0	188741
128	44	64	0	188796
128	69	64	0	188812
128	62	64	0	188814
144	42	68	0	188930
144	30	86	0	188951
144	62	78	0	188972
144	69	72	0	188975
128	69	64	0	189151
128	62	64	0	189154
144	62	67	0	189283
144	69	52	0	189296
128	69	64	0	189466
128	30	64	0	189475
128	62	64	0	189481
128	42	64	0	189491
144	69	59	0	189564
144	62	64	0	189573
128	69	64	0	189759
128	62	64	0	189774
144	39	70	0	189840
144	27	77	0	189855
144	62	69	0	189892
144	69	74	0	189894
128	62	64	0	190126
128	69	64	0	190145
144	62	59	0	190228
144	69	59	0	190242
128	69	64	0	190324
128	62	64	0	190377
144	62	49	0	190482
144	69	41	0	190485
128	39	64	0	190487
128	27	64	0	190489
128	69	64	0	190597
128	62	64	0	190644
144	38	2	0	190880
144	26	91	0	190902
144	62	83	0	190905
144	69	88	0	190908
128	69	64	0	191645
128	26	64	0	191725
128	62	64	0	191756
128	38	64	0	191772
144	26	73	0	191823
144	38	72	0	191828
144	57	69	0	191853
144	62	57	0	191984
128	57	64	0	192002
128	62	64	0	192094
144	57	60	0	192102
144	62	55	0	192227
128	57	64	0	192230
128	62	64	0	192343
144	57	60	0	192372
128	26	64	0	192501
128	38	64	0	192507
144	62	58	0	192535
128	57	64	0	192537
128	62	64	0	192653
144	54	85	0	192691
144	26	81	0	192694
144	38	76	0	192696
128	54	64	0	192842
144	57	53	0	192914
144	62	58	0	193075
128	57	64	0	193077
144	54	60	0	193213
128	62	64	0	193242
128	26	64	0	193289
128	38	64	0	193333
128	54	64	0	193335
144	57	67	0	193347
128	57	64	0	193481
144	62	51	0	193506
144	26	81	0	193572
144	38	75	0	193574
144	58	73	0	193626
128	62	64	0	193673
128	58	64	0	193797
144	55	65	0	193806
144	62	51	0	193948
128	55	64	0	193962
144	58	64	0	194068
128	62	64	0	194086
128	38	64	0	194141
128	26	64	0	194150
128	58	64	0	194238
144	55	63	0	194252
144	62	38	0	194367
128	55	64	0	194398
144	26	66	0	194460
144	38	54	0	194466
144	57	66	0	194481
128	62	64	0	194537
144	54	66	0	194658
128	57	64	0	194671
144	62	44	0	194772
128	54	64	0	194790
144	57	62	0	194920
128	62	64	0	194942
128	38	64	0	195002
128	26	64	0	195004
144	54	62	0	195070
128	57	64	0	195083
144	62	55	0	195170
128	54	64	0	195188
144	57	70	0	195312
144	26	72	0	195316
144	38	72	0	195352
128	62	64	0	195356
144	54	84	0	195421
128	57	64	0	195451
128	54	64	0	195533
144	57	69	0	195560
144	54	87	0	195695
128	57	64	0	195720
144	51	79	0	195846
128	26	64	0	195860
128	38	64	0	195886
128	54	64	0	195890
144	56	69	0	196000
128	51	64	0	196003
128	56	64	0	196043
144	57	69	0	196053
144	38	72	0	196196
144	26	76	0	196199
144	53	61	0	196242
128	57	64	0	196252
128	53	64	0	196312
144	54	89	0	196512
144	51	74	0	196812
128	54	64	0	196842
144	57	69	0	196927
128	51	64	0	196951
128	26	64	0	197000
144	54	67	0	197039
128	38	64	0	197044
128	57	64	0	197115
144	51	69	0	197176
128	54	64	0	197209
128	51	64	0	197302
144	57	62	0	197313
144	38	66	0	197381
144	26	72	0	197384
144	50	80	0	197406
128	57	64	0	197444
144	54	69	0	197812
128	50	64	0	197867
144	57	59	0	197941
128	54	64	0	197944
128	26	64	0	198006
128	38	64	0	198018
144	50	72	0	198081
128	57	64	0	198099
144	38	62	0	198168
144	26	64	0	198172
144	55	77	0	198222
128	50	64	0	198281
144	58	81	0	198286
128	55	64	0	198390
144	50	69	0	198727
128	58	64	0	198731
128	26	64	0	198825
144	56	68	0	198833
128	38	64	0	198863
128	50	64	0	198933
144	59	75	0	198969
128	56	64	0	199004
144	38	65	0	199032
144	26	64	0	199048
128	59	64	0	199060
144	50	72	0	199078
144	57	74	0	199194
144	60	80	0	199250
128	50	64	0	199279
128	60	64	0	199614
128	57	64	0	199642
144	50	54	0	199672
144	56	72	0	199735
128	26	64	0	199757
128	38	64	0	199762
144	59	75	0	199794
128	50	64	0	199841
128	56	64	0	199864
128	59	64	0	199921
144	38	68	0	199975
144	50	68	0	199979
144	26	74	0	199981
144	55	75	0	200011
144	58	80	0	200092
128	50	64	0	200139
128	55	64	0	200441
128	58	64	0	200459
144	50	63	0	200499
144	54	73	0	200609
128	26	64	0	200642
128	38	64	0	200646
144	57	69	0	200649
128	50	64	0	200666
128	54	64	0	200721
128	57	64	0	200780
144	50	73	0	200820
144	38	66	0	200859
144	26	70	0	200861
144	53	65	0	200885
144	56	74	0	200952
128	50	64	0	200986
128	53	64	0	201294
128	56	64	0	201299
144	50	51	0	201345
144	55	63	0	201472
144	52	65	0	201475
128	38	64	0	201477
128	26	64	0	201497
128	50	64	0	201510
128	52	64	0	201599
128	55	64	0	201619
144	50	57	0	201684
144	38	65	0	201709
144	26	71	0	201717
144	51	78	0	201767
128	50	64	0	201787
144	54	79	0	201809
144	48	69	0	202403
128	26	64	0	202511
128	38	64	0	202543
128	51	64	0	202614
144	50	62	0	202697
128	54	64	0	202713
144	26	74	0	202727
144	38	72	0	202739
128	48	64	0	202772
128	50	64	0	203261
144	48	72	0	203272
144	46	68	0	203429
128	48	64	0	203433
128	38	64	0	203549
128	26	64	0	203577
144	45	84	0	203623
144	38	72	0	203639
128	46	64	0	203647
144	26	79	0	203652
128	26	64	0	204397
128	38	64	0	204434
128	45	64	0	204504
144	44	86	0	204558
144	38	90	0	204586
144	26	94	0	204589
144	45	75	0	205151
128	44	64	0	205206
128	26	64	0	205285
128	38	64	0	205309
144	38	72	0	205474
144	46	81	0	205477
144	26	77	0	205480
128	45	64	0	205524
128	46	64	0	206142
144	44	59	0	206147
128	26	64	0	206176
128	38	64	0	206179
144	26	79	0	206422
144	38	76	0	206425
144	45	93	0	206456
128	44	64	0	206480
144	50	52	0	206798
128	45	64	0	206836
144	56	76	0	207094
128	50	64	0	207097
128	38	64	0	207338
128	26	64	0	207347
128	56	64	0	207393
144	38	73	0	207460
144	57	77	0	207463
144	26	76	0	207472
144	62	66	0	207764
128	57	64	0	207779
144	61	66	0	208111
128	62	64	0	208125
128	26	64	0	208126
128	38	64	0	208129
144	38	68	0	208433
144	26	71	0	208435
128	61	64	0	208440
144	69	68	0	208510
144	68	73	0	208869
128	69	64	0	208892
128	38	64	0	209079
128	26	64	0	209112
144	62	64	0	209180
128	68	64	0	209224
144	38	72	0	209573
144	26	79	0	209576
144	63	80	0	209602
128	62	64	0	209639
144	66	67	0	209981
128	63	64	0	210000
144	58	63	0	210338
128	66	64	0	210408
128	38	64	0	210456
128	26	64	0	210479
144	38	85	0	210751
144	26	84	0	210753
144	56	93	0	210756
128	58	64	0	210768
144	54	68	0	211100
128	56	64	0	211132
144	51	74	0	211431
128	54	64	0	211458
128	38	64	0	211602
128	26	64	0	211623
128	51	64	0	211764
144	50	89	0	211826
144	26	89	0	211838
144	38	87	0	211841
144	45	60	0	212571
128	50	64	0	212636
128	26	64	0	212778
128	38	64	0	212781
144	38	76	0	212984
144	42	79	0	212986
144	26	75	0	212989
128	45	64	0	213015
144	45	86	0	213643
128	42	64	0	213660
128	38	64	0	213703
128	26	64	0	213718
128	45	64	0	214017
144	50	73	0	214047
144	38	81	0	214050
144	26	83	0	214058
128	26	64	0	215087
128	50	64	0	215095
128	38	64	0	215128
