240	67	16	76	956
8	0	7	0	956
247	0	0	0	956
176	0	108	0	957
176	32	0	0	958
192	19	0	0	960
240	67	16	76	962
2	1	0	1	962
4	247	0	0	962
240	67	16	76	968
2	1	32	0	968
0	247	0	0	968
176	7	84	0	975
176	91	64	0	977
176	67	0	0	1706
240	67	16	76	1716
8	0	7	0	1716
247	0	0	0	1716
176	0	108	0	1717
176	32	0	0	1719
192	16	0	0	1720
240	67	16	76	1722
2	1	0	1	1722
4	247	0	0	1722
240	67	16	76	1728
2	1	32	0	1728
0	247	0	0	1728
176	7	90	0	1735
176	91	7	0	1737
240	67	16	76	1741
3	1	0	66	1741
18	247	0	0	1741
240	67	16	76	1745
3	1	12	0	1745
247	0	0	0	1745
240	67	16	76	1753
3	1	2	40	1753
247	0	0	0	1753
240	67	16	76	1753
3	1	4	43	1753
247	0	0	0	1753
240	67	16	76	1755
3	1	11	127	1755
247	0	0	0	1755
240	67	16	76	1757
3	1	16	64	1757
247	0	0	0	1757
240	67	16	76	1758
8	0	89	16	1758
247	0	0	0	1758
240	67	16	76	2457
8	0	7	0	2457
247	0	0	0	2457
176	0	108	0	2458
176	32	0	0	2459
192	18	0	0	2461
240	67	16	76	2464
2	1	0	1	2464
4	247	0	0	2464
240	67	16	76	2470
2	1	32	0	2470
0	247	0	0	2470
176	7	55	0	2477
240	67	16	76	2482
3	1	0	97	2482
33	247	0	0	2482
240	67	16	76	2483
3	1	12	0	2483
247	0	0	0	2483
240	67	16	76	2492
3	1	11	20	2492
247	0	0	0	2492
240	67	16	76	2493
3	1	16	64	2493
247	0	0	0	2493
240	67	16	76	2495
8	0	89	16	2495
247	0	0	0	2495
240	67	16	76	3513
8	0	7	0	3513
247	0	0	0	3513
176	0	108	0	3514
176	32	1	0	3516
192	19	0	0	3518
240	67	16	76	3520
2	1	0	1	3520
4	247	0	0	3520
240	67	16	76	3526
2	1	32	0	3526
0	247	0	0	3526
176	7	80	0	3533
176	91	36	0	3535
240	67	16	76	3540
3	1	0	64	3540
0	247	0	0	3540
240	67	16	76	3543
3	1	12	127	3543
247	0	0	0	3543
240	67	16	76	3552
3	1	16	64	3552
247	0	0	0	3552
240	67	16	76	3554
8	0	89	16	3554
247	0	0	0	3554
144	48	69	0	5112
144	57	68	0	5114
144	54	68	0	5118
128	54	64	0	5725
128	48	64	0	5738
128	57	64	0	5743
144	54	71	0	6213
144	57	66	0	6221
144	48	69	0	6223
128	48	64	0	6838
128	54	64	0	6852
128	57	64	0	6862
144	57	75	0	7358
144	54	75	0	7363
144	48	48	0	7379
144	50	55	0	7391
128	50	64	0	7472
128	54	64	0	7980
128	57	64	0	7981
128	48	64	0	7983
144	48	75	0	8484
144	54	78	0	8487
144	57	71	0	8489
128	54	64	0	9084
128	57	64	0	9094
128	48	64	0	9096
144	54	72	0	9643
144	57	68	0	9645
144	48	72	0	9649
128	48	64	0	10178
128	54	64	0	10180
128	57	64	0	10190
144	65	56	0	10218
144	72	58	0	10223
144	69	62	0	10231
128	72	64	0	10762
128	69	64	0	10765
128	65	64	0	10775
144	54	70	0	10790
144	48	70	0	10793
144	57	66	0	10795
128	48	64	0	11285
128	57	64	0	11314
128	54	64	0	11319
144	72	57	0	11343
144	69	63	0	11354
144	65	59	0	11360
128	65	64	0	11891
144	54	74	0	11896
128	72	64	0	11899
144	48	66	0	11904
128	69	64	0	11906
144	57	66	0	11910
128	48	64	0	12393
128	54	64	0	12396
128	57	64	0	12408
144	72	71	0	12448
144	69	65	0	12464
144	65	63	0	12467
144	57	72	0	12972
144	54	75	0	12975
128	65	64	0	12977
144	48	75	0	12980
128	72	64	0	12982
128	69	64	0	12984
128	48	64	0	13469
128	57	64	0	13494
128	54	64	0	13503
144	72	61	0	13511
144	69	61	0	13530
144	65	54	0	13532
144	57	79	0	14065
128	72	64	0	14067
128	65	64	0	14070
144	48	77	0	14072
128	69	64	0	14075
144	54	74	0	14077
144	72	70	0	14588
128	54	64	0	14590
128	57	64	0	14592
144	65	61	0	14595
144	68	74	0	14598
128	48	64	0	14600
144	57	77	0	15134
128	72	64	0	15136
144	48	76	0	15142
144	54	74	0	15144
128	68	64	0	15149
128	65	64	0	15163
144	68	71	0	15659
144	65	66	0	15677
144	72	71	0	15683
128	48	64	0	15688
128	54	64	0	15702
128	57	64	0	15704
144	48	85	0	16203
144	57	78	0	16211
128	72	64	0	16213
144	54	76	0	16218
128	68	64	0	16220
128	65	64	0	16222
128	57	64	0	16734
128	54	64	0	16735
128	48	64	0	16738
144	72	69	0	16740
144	69	66	0	16742
144	65	60	0	16746
144	48	71	0	17281
144	54	68	0	17291
144	57	66	0	17293
128	65	64	0	17296
128	72	64	0	17302
128	69	64	0	17322
144	72	57	0	17829
144	69	59	0	17835
128	57	64	0	17846
128	48	64	0	17850
128	54	64	0	17851
144	65	55	0	17854
128	72	64	0	18323
128	69	64	0	18336
128	65	64	0	18342
144	48	80	0	18365
144	54	75	0	18371
144	57	66	0	18378
144	65	62	0	18893
144	75	73	0	18904
144	72	65	0	18910
128	48	64	0	18926
128	54	64	0	18928
128	57	64	0	18929
144	48	75	0	19433
128	75	64	0	19438
144	57	69	0	19442
144	54	72	0	19444
128	72	64	0	19454
128	65	64	0	19482
144	65	54	0	19960
144	75	64	0	19970
144	72	67	0	19973
128	54	64	0	20020
128	48	64	0	20024
128	57	64	0	20029
128	75	64	0	20493
128	72	64	0	20496
144	48	76	0	20500
144	54	78	0	20502
144	57	74	0	20505
128	65	64	0	20519
144	65	58	0	21015
144	75	66	0	21038
144	72	71	0	21045
128	54	64	0	21110
128	48	64	0	21113
128	57	64	0	21126
128	75	64	0	21561
144	57	78	0	21565
144	48	77	0	21568
128	72	64	0	21575
144	54	74	0	21578
128	65	64	0	21594
144	65	61	0	22100
144	75	68	0	22109
144	72	67	0	22118
128	54	64	0	22139
128	57	64	0	22141
128	48	64	0	22150
144	48	78	0	22629
144	57	75	0	22632
144	54	73	0	22635
128	72	64	0	22656
128	65	64	0	22662
128	75	64	0	22664
144	75	71	0	23179
144	70	71	0	23183
144	65	63	0	23186
128	54	64	0	23212
128	57	64	0	23223
128	48	64	0	23229
144	48	75	0	23752
144	57	66	0	23760
144	54	68	0	23772
128	70	64	0	23787
128	75	64	0	23796
128	65	64	0	23803
144	65	75	0	24277
144	73	74	0	24281
144	70	75	0	24290
128	48	64	0	24314
128	54	64	0	24318
128	57	64	0	24320
144	48	78	0	24800
144	57	75	0	24806
144	54	75	0	24809
128	73	64	0	24840
128	70	64	0	24850
128	65	64	0	24852
144	73	67	0	25350
144	65	67	0	25352
144	69	71	0	25355
128	48	64	0	25558
128	54	64	0	25648
128	57	64	0	25668
144	48	81	0	25919
144	57	78	0	25921
144	54	72	0	25931
128	73	64	0	25977
128	69	64	0	25991
128	65	64	0	26011
144	72	65	0	26470
144	65	54	0	26473
144	69	72	0	26487
128	54	64	0	26508
128	48	64	0	26513
128	57	64	0	26514
128	69	64	0	26969
128	72	64	0	26995
144	48	81	0	27004
144	54	83	0	27007
144	57	78	0	27010
144	72	47	0	27043
128	65	64	0	27069
144	66	70	0	27081
128	66	64	0	27587
144	65	61	0	27598
128	48	64	0	27688
128	57	64	0	27694
128	54	64	0	27700
144	66	73	0	28123
128	65	64	0	28134
144	57	78	0	28144
144	54	76	0	28147
144	48	78	0	28150
144	65	62	0	28698
128	66	64	0	28700
128	54	64	0	28779
128	57	64	0	28781
128	48	64	0	28805
144	66	76	0	29237
128	65	64	0	29247
144	48	77	0	29250
144	57	67	0	29253
144	54	68	0	29256
128	66	64	0	29829
144	65	64	0	29845
128	48	64	0	29922
128	57	64	0	29935
128	54	64	0	29948
144	48	71	0	30377
144	57	69	0	30381
144	54	68	0	30383
144	66	71	0	30396
128	65	64	0	30398
128	66	64	0	30889
144	65	75	0	30915
128	57	64	0	31015
128	54	64	0	31023
128	48	64	0	31035
128	72	64	0	31260
144	48	73	0	31450
144	57	69	0	31454
144	54	70	0	31459
144	72	85	0	31465
144	66	83	0	31496
128	65	64	0	31509
128	48	64	0	32032
128	72	64	0	32034
128	57	64	0	32036
144	65	80	0	32039
128	54	64	0	32041
128	66	64	0	32054
144	54	83	0	32547
144	57	78	0	32551
144	48	79	0	32553
144	72	77	0	32556
144	66	79	0	32559
128	65	64	0	32572
128	72	64	0	33076
128	48	64	0	33085
128	57	64	0	33098
128	54	64	0	33100
144	65	76	0	33116
128	66	64	0	33135
144	57	61	0	33624
144	66	76	0	33627
144	48	65	0	33630
144	54	67	0	33635
144	72	73	0	33642
128	65	64	0	33655
128	72	64	0	34164
128	66	64	0	34187
144	65	68	0	34190
128	48	64	0	34222
128	57	64	0	34254
128	54	64	0	34257
144	72	70	0	34671
144	57	84	0	34676
144	54	80	0	34680
144	48	84	0	34682
144	66	74	0	34685
128	65	64	0	34700
128	72	64	0	35252
128	66	64	0	35258
144	65	86	0	35263
128	54	64	0	35289
128	48	64	0	35293
128	57	64	0	35303
144	48	84	0	35751
144	54	83	0	35756
144	57	82	0	35759
144	60	82	0	35763
128	65	64	0	35806
144	69	59	0	36354
144	66	80	0	36361
128	48	64	0	36365
128	57	64	0	36369
128	54	64	0	36371
128	60	64	0	36388
128	69	64	0	36830
144	60	90	0	36858
144	57	80	0	36863
144	54	82	0	36865
144	48	73	0	36868
128	66	64	0	36875
144	66	81	0	37410
144	69	75	0	37423
128	57	64	0	37430
128	54	64	0	37432
128	48	64	0	37435
128	60	64	0	37447
144	48	73	0	37959
144	57	70	0	37962
128	69	64	0	37964
144	54	70	0	37968
144	60	91	0	37970
128	66	64	0	37982
128	48	64	0	38526
144	66	76	0	38530
128	57	64	0	38532
144	69	68	0	38535
128	54	64	0	38536
128	60	64	0	38554
128	69	64	0	39000
144	60	89	0	39031
128	66	64	0	39037
144	57	83	0	39049
144	54	80	0	39051
144	48	80	0	39054
144	66	76	0	39595
144	69	69	0	39602
128	48	64	0	39619
128	60	64	0	39628
128	57	64	0	39633
128	54	64	0	39644
144	54	84	0	40102
144	63	85	0	40104
144	48	78	0	40108
128	69	64	0	40112
144	57	78	0	40114
128	66	64	0	40132
144	66	84	0	40666
128	63	64	0	40719
128	48	64	0	40727
128	57	64	0	40729
128	54	64	0	40732
144	60	85	0	41188
144	54	78	0	41191
144	57	76	0	41194
144	48	78	0	41200
128	66	64	0	41232
144	66	84	0	41769
128	60	64	0	41802
128	54	64	0	41844
128	57	64	0	41847
128	48	64	0	41866
144	63	84	0	42299
144	57	78	0	42308
144	54	79	0	42311
144	48	77	0	42313
128	66	64	0	42325
144	66	80	0	42856
128	63	64	0	42893
128	48	64	0	42965
128	57	64	0	42992
128	54	64	0	43012
144	57	76	0	43390
144	48	77	0	43393
144	54	73	0	43396
144	60	80	0	43401
128	66	64	0	43425
144	66	81	0	43928
128	60	64	0	43962
128	48	64	0	43994
128	57	64	0	44016
128	54	64	0	44043
144	54	71	0	44458
144	48	69	0	44466
144	57	70	0	44469
144	65	88	0	44479
128	66	64	0	44483
128	48	64	0	45021
144	73	76	0	45023
144	69	73	0	45030
128	57	64	0	45033
128	54	64	0	45047
128	65	64	0	45072
128	73	64	0	45546
144	65	89	0	45553
128	69	64	0	45568
144	54	76	0	45572
144	57	82	0	45575
144	48	77	0	45577
144	73	78	0	46110
128	48	64	0	46130
128	57	64	0	46133
144	69	70	0	46138
128	54	64	0	46143
128	65	64	0	46158
144	65	84	0	46659
128	73	64	0	46664
144	54	83	0	46668
128	69	64	0	46670
144	57	84	0	46673
144	48	84	0	46675
128	48	64	0	47194
128	57	64	0	47197
144	73	73	0	47199
144	69	67	0	47202
128	54	64	0	47204
128	65	64	0	47231
128	73	64	0	47708
144	65	86	0	47713
128	69	64	0	47725
144	57	78	0	47742
144	48	82	0	47745
144	54	72	0	47748
144	73	71	0	48270
144	69	68	0	48284
128	65	64	0	48324
128	48	64	0	48326
128	57	64	0	48328
128	54	64	0	48344
144	54	70	0	48811
144	57	76	0	48815
144	65	84	0	48818
144	48	69	0	48821
128	73	64	0	48823
144	77	78	0	48825
128	69	64	0	48835
144	69	83	0	49313
128	48	64	0	49330
128	77	64	0	49340
128	57	64	0	49360
128	65	64	0	49375
128	54	64	0	49465
144	57	84	0	49853
144	65	78	0	49856
144	77	79	0	49860
144	54	76	0	49862
144	48	82	0	49865
128	69	64	0	49877
128	48	64	0	50385
144	69	76	0	50391
128	57	64	0	50402
128	77	64	0	50414
128	54	64	0	50429
128	65	64	0	50444
144	66	81	0	50911
144	54	69	0	50923
144	57	69	0	50925
128	69	64	0	50930
144	48	69	0	50933
144	78	66	0	50938
144	69	64	0	51459
128	78	64	0	51469
128	48	64	0	51471
128	66	64	0	51473
128	57	64	0	51478
128	54	64	0	51514
144	66	81	0	51969
144	78	75	0	51986
144	54	78	0	51993
144	57	77	0	52014
144	48	75	0	52018
128	69	64	0	52020
144	69	71	0	52558
128	78	64	0	52581
128	48	64	0	52587
128	57	64	0	52591
128	66	64	0	52597
128	54	64	0	52620
144	68	79	0	53089
144	57	70	0	53095
144	48	66	0	53106
144	54	67	0	53109
128	69	64	0	53119
144	80	79	0	53654
128	48	64	0	53660
128	57	64	0	53669
128	54	64	0	53689
128	68	64	0	53717
144	54	79	0	54163
144	57	76	0	54182
144	48	72	0	54185
144	73	61	0	54193
128	80	64	0	54274
144	72	86	0	54732
128	73	64	0	54754
128	48	64	0	54804
128	57	64	0	54812
128	54	64	0	54828
144	54	78	0	55264
144	57	79	0	55267
144	48	72	0	55270
144	68	74	0	55288
128	72	64	0	55296
128	68	64	0	55591
144	80	67	0	55782
128	57	64	0	55945
128	54	64	0	55957
128	48	64	0	55966
144	73	73	0	56319
144	54	85	0	56330
144	57	84	0	56335
144	48	75	0	56348
128	80	64	0	56352
144	72	81	0	56872
128	73	64	0	56883
128	57	64	0	56984
128	54	64	0	56999
128	48	64	0	57002
144	68	75	0	57401
144	54	81	0	57409
144	57	81	0	57412
128	72	64	0	57415
144	48	74	0	57419
128	57	64	0	58000
128	68	64	0	58002
128	54	64	0	58006
128	48	64	0	58014
144	54	83	0	58469
144	57	78	0	58476
144	48	79	0	58478
144	73	81	0	58490
144	72	83	0	59023
128	73	64	0	59041
128	57	64	0	59107
128	48	64	0	59112
128	54	64	0	59122
144	57	81	0	59572
144	54	83	0	59574
144	48	80	0	59577
144	68	85	0	59589
128	72	64	0	59626
128	57	64	0	60068
128	54	64	0	60079
128	68	64	0	60097
128	48	64	0	60102
144	54	83	0	60619
144	61	87	0	60622
144	57	82	0	60626
144	48	78	0	60628
144	63	78	0	61193
128	61	64	0	61245
128	57	64	0	61260
128	48	64	0	61264
128	54	64	0	61284
144	54	68	0	61708
144	65	81	0	61712
144	57	66	0	61715
144	48	69	0	61720
128	63	64	0	61723
144	66	71	0	62263
128	48	64	0	62286
128	57	64	0	62315
128	65	64	0	62323
128	54	64	0	62340
144	65	80	0	62774
128	66	64	0	62784
144	48	81	0	62787
144	57	76	0	62790
144	54	73	0	62793
144	66	77	0	63326
128	48	64	0	63377
128	65	64	0	63382
128	57	64	0	63421
128	54	64	0	63463
144	68	80	0	63850
144	54	80	0	63859
144	57	75	0	63862
144	48	76	0	63877
128	66	64	0	63897
144	69	72	0	64407
128	68	64	0	64449
128	57	64	0	64527
128	54	64	0	64543
128	48	64	0	64553
144	68	86	0	64928
128	69	64	0	64942
144	57	74	0	64945
144	54	72	0	64948
144	48	67	0	64954
144	69	76	0	65500
128	68	64	0	65535
128	48	64	0	65586
128	54	64	0	65591
128	57	64	0	65614
144	57	87	0	66026
144	65	85	0	66028
144	48	80	0	66033
144	54	76	0	66041
128	69	64	0	66049
144	66	65	0	66563
144	72	83	0	66566
128	48	64	0	66593
128	57	64	0	66594
128	65	64	0	66609
128	54	64	0	66614
144	65	86	0	67071
128	72	64	0	67075
144	54	75	0	67092
128	66	64	0	67094
144	57	78	0	67097
144	48	74	0	67100
144	72	85	0	67622
144	66	82	0	67633
128	65	64	0	67663
128	48	64	0	67667
128	57	64	0	67676
128	54	64	0	67701
144	68	85	0	68150
144	54	81	0	68160
144	57	83	0	68163
144	48	78	0	68167
128	66	64	0	68169
128	72	64	0	68179
144	69	80	0	68679
144	72	84	0	68697
128	68	64	0	68703
128	48	64	0	68715
128	54	64	0	68720
128	57	64	0	68722
144	68	80	0	69188
128	72	64	0	69202
144	54	83	0	69219
144	57	83	0	69222
144	48	80	0	69225
128	69	64	0	69227
144	69	82	0	69742
128	68	64	0	69749
144	72	81	0	69766
128	48	64	0	69775
128	57	64	0	69792
128	54	64	0	69802
128	69	64	0	70105
128	72	64	0	70239
144	54	79	0	70246
144	65	90	0	70250
144	57	81	0	70252
144	48	75	0	70255
144	69	75	0	70799
144	73	77	0	70808
128	48	64	0	70823
128	57	64	0	70826
128	54	64	0	70839
128	65	64	0	70851
144	65	80	0	71310
128	73	64	0	71321
128	69	64	0	71328
144	48	77	0	71331
144	57	78	0	71333
144	54	74	0	71337
144	73	74	0	71883
144	69	69	0	71890
128	48	64	0	71911
128	57	64	0	71926
128	65	64	0	71928
128	54	64	0	71932
144	65	79	0	72393
128	73	64	0	72396
144	57	84	0	72413
144	48	81	0	72416
144	54	79	0	72419
128	69	64	0	72432
144	73	66	0	72936
144	69	68	0	72938
128	65	64	0	73012
128	48	64	0	73015
128	57	64	0	73022
128	54	64	0	73034
144	65	82	0	73477
144	54	87	0	73480
144	57	84	0	73482
144	48	74	0	73491
128	73	64	0	73503
128	69	64	0	73522
144	73	73	0	74040
144	69	75	0	74042
128	65	64	0	74104
128	57	64	0	74153
128	48	64	0	74161
128	54	64	0	74195
144	65	88	0	74559
144	54	84	0	74567
128	73	64	0	74569
144	57	81	0	74574
128	69	64	0	74578
144	48	64	0	74590
144	73	80	0	75126
144	70	85	0	75128
128	57	64	0	75174
128	48	64	0	75177
128	65	64	0	75188
128	54	64	0	75190
144	65	93	0	75636
144	48	79	0	75641
144	57	83	0	75644
144	53	78	0	75647
128	73	64	0	75649
128	70	64	0	75664
144	70	78	0	76198
144	73	74	0	76201
128	57	64	0	76229
128	48	64	0	76232
128	65	64	0	76254
128	53	64	0	76261
144	65	89	0	76694
128	73	64	0	76699
144	57	90	0	76715
144	54	87	0	76718
128	70	64	0	76720
144	48	75	0	76727
144	73	68	0	77274
144	70	70	0	77277
128	48	64	0	77319
128	57	64	0	77332
128	65	64	0	77344
128	54	64	0	77366
144	48	75	0	77770
128	73	64	0	77775
144	65	89	0	77782
144	57	67	0	77786
144	53	75	0	77792
128	70	64	0	77813
144	69	74	0	78320
144	73	67	0	78326
128	57	64	0	78367
128	65	64	0	78376
128	48	64	0	78379
128	53	64	0	78411
144	48	81	0	78825
144	57	82	0	78827
144	54	81	0	78830
144	70	82	0	78838
128	69	64	0	78856
128	73	64	0	78914
144	69	77	0	79369
128	70	64	0	79395
128	48	64	0	79561
128	57	64	0	79617
128	54	64	0	79661
144	48	84	0	79871
144	57	74	0	79887
144	53	80	0	79895
144	70	85	0	80438
128	69	64	0	80466
128	57	64	0	80586
128	48	64	0	80590
128	53	64	0	80648
144	54	90	0	80970
144	57	90	0	80973
144	48	84	0	80978
144	69	86	0	81520
128	70	64	0	81546
128	57	64	0	81657
128	48	64	0	81659
128	54	64	0	81701
144	48	81	0	82006
144	57	78	0	82020
144	53	80	0	82025
144	70	87	0	82593
128	69	64	0	82648
128	57	64	0	82726
128	48	64	0	82741
128	53	64	0	82768
144	54	84	0	83132
144	73	79	0	83137
144	57	82	0	83141
144	48	70	0	83147
144	69	81	0	83641
128	70	64	0	83654
144	71	42	0	83674
128	71	64	0	83738
128	48	64	0	83870
128	57	64	0	83907
128	54	64	0	83937
144	48	79	0	84186
144	57	70	0	84207
144	53	85	0	84214
144	72	86	0	84768
128	73	64	0	84771
144	70	80	0	84789
128	69	64	0	84868
128	57	64	0	84883
128	48	64	0	84888
128	53	64	0	84905
144	48	65	0	85314
144	54	79	0	85321
144	57	68	0	85324
144	73	84	0	85861
144	69	82	0	85865
128	72	64	0	85906
128	70	64	0	85908
128	57	64	0	86001
128	54	64	0	86016
128	48	64	0	86020
144	48	84	0	86369
144	57	77	0	86382
144	53	78	0	86393
144	72	78	0	86911
128	73	64	0	86944
128	57	64	0	86986
128	48	64	0	86998
128	53	64	0	87009
144	54	85	0	87442
144	57	81	0	87446
144	48	72	0	87455
144	73	76	0	87931
144	70	82	0	87965
128	72	64	0	87981
128	69	64	0	87988
128	57	64	0	88187
128	48	64	0	88189
128	54	64	0	88235
144	48	87	0	88489
144	57	78	0	88495
144	53	80	0	88504
144	72	60	0	89022
144	69	83	0	89027
128	73	64	0	89030
128	70	64	0	89055
128	48	64	0	89229
128	57	64	0	89240
128	53	64	0	89286
144	48	87	0	89570
144	57	90	0	89573
144	54	83	0	89592
144	73	73	0	90093
144	70	76	0	90121
128	72	64	0	90131
128	69	64	0	90196
128	48	64	0	90340
128	57	64	0	90360
128	54	64	0	90385
144	48	84	0	90607
144	57	77	0	90617
144	53	77	0	90644
128	73	64	0	91133
144	69	83	0	91142
144	72	58	0	91147
128	70	64	0	91166
128	57	64	0	91265
128	48	64	0	91269
128	53	64	0	91283
144	54	78	0	91664
144	48	65	0	91668
144	70	82	0	91671
144	57	73	0	91674
128	69	64	0	91701
128	72	64	0	91780
144	73	71	0	92136
128	48	64	0	92295
128	57	64	0	92297
128	54	64	0	92340
144	48	81	0	92630
144	57	74	0	92637
144	53	78	0	92645
144	69	89	0	92654
128	70	64	0	92698
144	72	77	0	93164
128	48	64	0	93317
128	57	64	0	93338
128	53	64	0	93370
144	70	84	0	93684
144	57	70	0	93690
144	48	63	0	93700
144	54	84	0	93706
128	72	64	0	93714
128	69	64	0	93718
128	73	64	0	93771
144	73	71	0	94268
128	48	64	0	94455
128	57	64	0	94504
128	54	64	0	94559
144	48	73	0	94734
144	69	87	0	94737
144	57	75	0	94742
144	53	76	0	94760
128	70	64	0	94777
144	72	72	0	95294
128	73	64	0	95360
128	48	64	0	95408
128	57	64	0	95435
128	53	64	0	95463
144	70	77	0	95796
144	57	72	0	95805
144	48	66	0	95808
144	54	81	0	95813
128	69	64	0	95829
128	72	64	0	95880
144	69	68	0	96292
128	70	64	0	96360
128	48	64	0	96551
128	57	64	0	96575
128	54	64	0	96619
144	66	77	0	96780
144	48	71	0	96785
144	57	66	0	96795
144	53	79	0	96815
128	69	64	0	96885
144	65	78	0	97329
128	66	64	0	97386
128	48	64	0	97434
128	57	64	0	97475
128	53	64	0	97510
144	54	76	0	97839
144	57	69	0	97845
144	48	69	0	97849
144	70	79	0	97861
128	65	64	0	97906
144	69	69	0	98370
128	70	64	0	98423
128	48	64	0	98595
128	57	64	0	98613
128	54	64	0	98699
144	66	81	0	98850
144	57	73	0	98874
144	48	72	0	98877
144	53	78	0	98890
128	69	64	0	98919
144	65	74	0	99402
128	66	64	0	99449
128	48	64	0	99573
128	57	64	0	99605
128	53	64	0	99640
144	60	79	0	99897
144	57	63	0	99914
144	48	62	0	99921
144	54	81	0	99929
128	65	64	0	99956
144	65	70	0	100454
144	70	77	0	100466
128	60	64	0	100504
128	48	64	0	100567
128	57	64	0	100576
128	54	64	0	100611
144	60	80	0	100955
144	57	64	0	100958
144	48	66	0	100963
144	53	68	0	100970
128	70	64	0	100980
128	65	64	0	101039
144	69	71	0	101499
144	65	68	0	101509
128	60	64	0	101579
128	57	64	0	101656
128	48	64	0	101659
128	53	64	0	101683
128	69	64	0	101982
144	60	75	0	101998
144	57	73	0	102029
144	48	68	0	102047
144	54	81	0	102050
128	65	64	0	102052
144	70	72	0	102552
144	65	71	0	102574
128	60	64	0	102635
128	48	64	0	102696
128	57	64	0	102717
128	54	64	0	102755
144	48	64	0	103051
144	60	75	0	103062
144	57	62	0	103065
128	70	64	0	103089
144	53	74	0	103093
128	65	64	0	103113
144	69	72	0	103636
144	65	65	0	103650
128	60	64	0	103704
128	48	64	0	103739
128	57	64	0	103757
128	53	64	0	103780
128	65	64	0	103990
128	69	64	0	104013
144	66	78	0	104113
144	57	69	0	104128
144	54	74	0	104131
144	48	60	0	104136
144	65	81	0	104647
128	66	64	0	104659
128	48	64	0	104825
128	57	64	0	104850
128	54	64	0	104889
144	48	75	0	105179
144	69	73	0	105182
144	66	78	0	105184
144	57	77	0	105187
144	53	77	0	105196
128	65	64	0	105212
144	65	85	0	105709
128	66	64	0	105725
128	69	64	0	105729
128	48	64	0	105794
128	57	64	0	105840
128	53	64	0	105867
144	66	80	0	106212
144	57	70	0	106218
144	48	69	0	106234
144	54	77	0	106237
128	65	64	0	106268
144	65	73	0	106724
128	66	64	0	106752
128	48	64	0	106767
128	57	64	0	106810
128	54	64	0	106848
144	48	75	0	107226
144	57	69	0	107237
144	53	74	0	107239
144	69	76	0	107245
144	66	76	0	107296
128	65	64	0	107310
128	69	64	0	107825
144	65	81	0	107832
128	48	64	0	107852
128	66	64	0	107854
128	57	64	0	107877
128	53	64	0	107911
144	54	81	0	108332
144	57	75	0	108339
144	66	82	0	108342
144	48	74	0	108345
144	72	82	0	108351
128	65	64	0	108408
144	65	78	0	108815
128	66	64	0	108846
128	48	64	0	109173
128	57	64	0	109191
128	54	64	0	109212
144	66	82	0	109349
144	57	81	0	109367
144	54	85	0	109369
144	48	79	0	109374
128	65	64	0	109419
144	65	83	0	109913
128	66	64	0	109957
128	48	64	0	110084
128	57	64	0	110091
128	54	64	0	110116
144	57	75	0	110395
144	54	83	0	110403
144	66	84	0	110405
144	48	72	0	110412
128	65	64	0	110476
144	65	76	0	110939
128	66	64	0	111004
128	48	64	0	111189
128	57	64	0	111191
128	54	64	0	111223
144	66	82	0	111437
144	54	75	0	111452
144	57	70	0	111455
144	48	73	0	111459
128	65	64	0	111481
144	65	78	0	111989
128	66	64	0	112010
128	48	64	0	112154
128	57	64	0	112173
128	54	64	0	112188
144	66	80	0	112523
144	48	60	0	112535
144	55	78	0	112537
144	54	42	0	112558
128	65	64	0	112562
128	54	64	0	112615
144	65	81	0	113063
128	66	64	0	113076
128	48	64	0	113250
128	55	64	0	113252
144	55	97	0	113595
144	66	84	0	113599
144	48	90	0	113603
128	65	64	0	113629
144	67	75	0	114120
128	66	64	0	114140
128	48	64	0	114315
128	55	64	0	114365
144	66	80	0	114662
144	55	102	0	114665
144	48	90	0	114673
128	67	64	0	114682
144	65	74	0	115190
128	66	64	0	115196
128	48	64	0	115409
128	55	64	0	115431
144	55	93	0	115724
144	48	81	0	115732
144	66	78	0	115744
128	65	64	0	115771
144	67	74	0	116287
128	66	64	0	116298
128	55	64	0	116427
128	48	64	0	116477
144	55	84	0	116795
144	48	78	0	116803
144	68	81	0	116812
128	67	64	0	116836
144	67	74	0	117357
128	68	64	0	117369
128	55	64	0	117537
128	48	64	0	117545
144	55	81	0	117838
144	48	84	0	117841
144	68	75	0	117844
144	52	85	0	117872
128	67	64	0	117874
144	67	76	0	118413
128	68	64	0	118435
128	55	64	0	118608
128	48	64	0	118625
128	52	64	0	118634
144	56	80	0	118903
144	48	72	0	118905
144	52	69	0	118908
144	68	79	0	118913
128	67	64	0	118937
144	67	75	0	119438
128	68	64	0	119451
128	52	64	0	119576
128	48	64	0	119591
128	56	64	0	119624
144	56	83	0	119888
144	48	72	0	119891
144	59	80	0	119894
144	68	83	0	119908
128	67	64	0	119924
144	67	77	0	120462
128	68	64	0	120477
128	48	64	0	120717
128	56	64	0	120724
128	59	64	0	120732
144	68	80	0	120961
144	59	76	0	120964
144	55	81	0	120966
144	48	75	0	120969
128	67	64	0	120971
144	67	74	0	121464
128	68	64	0	121480
128	48	64	0	121783
128	59	64	0	121788
128	55	64	0	121833
144	68	75	0	121978
128	67	64	0	121989
144	55	86	0	122001
144	59	82	0	122007
144	48	78	0	122014
144	67	76	0	122555
128	68	64	0	122557
128	59	64	0	122666
128	48	64	0	122704
128	55	64	0	122730
144	59	70	0	123012
144	48	81	0	123026
144	55	72	0	123030
144	68	84	0	123049
128	67	64	0	123083
144	67	79	0	123578
128	68	64	0	123603
128	59	64	0	123755
128	55	64	0	123758
128	48	64	0	123764
144	58	72	0	124077
144	68	76	0	124091
144	55	74	0	124093
144	48	41	0	124132
128	67	64	0	124140
144	50	38	0	124150
128	50	64	0	124218
144	67	67	0	124627
128	68	64	0	124629
128	58	64	0	124772
128	55	64	0	124785
128	48	64	0	124809
144	55	66	0	125137
128	67	64	0	125145
144	58	74	0	125153
144	68	71	0	125156
144	48	62	0	125170
144	47	51	0	125198
128	47	64	0	125399
144	67	72	0	125688
128	68	64	0	125706
128	55	64	0	125917
128	48	64	0	125938
128	58	64	0	125948
144	58	72	0	126203
144	55	77	0	126220
144	68	76	0	126222
144	48	79	0	126225
128	67	64	0	126246
144	67	71	0	126753
128	68	64	0	126772
128	58	64	0	126860
128	48	64	0	126870
128	55	64	0	126907
144	56	74	0	127199
144	48	73	0	127206
144	52	77	0	127224
144	68	77	0	127237
128	67	64	0	127264
144	67	70	0	127760
128	68	64	0	127776
128	48	64	0	127976
128	52	64	0	128000
128	56	64	0	128006
144	56	73	0	128266
144	48	72	0	128286
144	52	65	0	128288
144	68	73	0	128312
128	67	64	0	128344
128	48	64	0	129051
128	52	64	0	129067
128	56	64	0	129093
144	55	82	0	129367
144	52	67	0	129387
144	48	77	0	129390
144	67	83	0	129407
128	68	64	0	129413
128	48	64	0	130196
128	55	64	0	130200
128	52	64	0	130210
144	55	89	0	130470
144	48	78	0	130478
144	52	75	0	130484
128	72	64	0	130760
144	72	59	0	131080
144	75	73	0	131082
144	71	65	0	131087
128	67	64	0	131107
128	55	64	0	131160
128	52	64	0	131179
128	48	64	0	131182
128	71	64	0	131184
144	55	80	0	131586
144	52	69	0	131597
144	48	72	0	131601
144	67	82	0	131604
128	75	64	0	131640
128	72	64	0	131646
144	75	80	0	132137
144	72	76	0	132141
128	55	64	0	132164
128	52	64	0	132186
128	67	64	0	132195
128	48	64	0	132203
144	56	76	0	132613
144	67	85	0	132637
144	48	56	0	132641
144	52	57	0	132643
128	72	64	0	132646
144	47	53	0	132652
128	75	64	0	132689
128	47	64	0	132833
144	75	75	0	133213
144	72	71	0	133223
128	67	64	0	133292
128	56	64	0	133356
128	52	64	0	133375
128	48	64	0	133383
144	48	65	0	133715
144	55	72	0	133726
144	67	84	0	133732
144	52	69	0	133736
128	75	64	0	133752
128	72	64	0	133793
144	72	73	0	134242
144	76	76	0	134245
128	67	64	0	134305
128	55	64	0	134326
128	52	64	0	134341
128	48	64	0	134361
144	48	70	0	134731
144	52	64	0	134734
144	56	77	0	134736
144	67	85	0	134745
128	76	64	0	134757
144	75	77	0	134761
128	72	64	0	134817
128	75	64	0	135230
144	76	74	0	135232
144	72	77	0	135242
128	48	64	0	135266
128	56	64	0	135281
128	52	64	0	135286
128	67	64	0	135305
144	55	72	0	135722
144	67	82	0	135728
144	48	69	0	135735
128	76	64	0	135739
144	75	81	0	135742
144	52	66	0	135745
128	72	64	0	135781
144	76	77	0	136231
128	75	64	0	136234
128	52	64	0	136257
128	55	64	0	136261
144	72	80	0	136264
128	48	64	0	136266
128	67	64	0	136313
144	67	85	0	136736
144	75	82	0	136742
144	48	74	0	136746
144	56	80	0	136749
144	52	72	0	136752
128	76	64	0	136753
128	72	64	0	136786
128	75	64	0	137252
144	76	74	0	137261
144	72	70	0	137290
128	48	64	0	137297
128	56	64	0	137309
128	52	64	0	137312
128	67	64	0	137320
144	55	72	0	137745
144	48	75	0	137758
144	52	72	0	137767
144	67	86	0	137769
144	79	89	0	137774
128	76	64	0	137800
128	72	64	0	137801
144	76	77	0	138299
144	72	75	0	138320
128	79	64	0	138327
128	52	64	0	138333
128	55	64	0	138334
128	48	64	0	138337
128	67	64	0	138373
144	67	90	0	138790
144	56	76	0	138797
144	48	67	0	138800
144	79	90	0	138803
144	52	70	0	138819
128	76	64	0	138823
128	72	64	0	138826
144	76	81	0	139307
128	79	64	0	139339
144	72	72	0	139346
128	48	64	0	139355
128	67	64	0	139361
128	56	64	0	139370
128	52	64	0	139391
128	76	64	0	139830
144	48	72	0	139852
144	68	79	0	139861
144	80	76	0	139863
144	52	65	0	139866
144	55	82	0	139869
128	72	64	0	139925
144	76	59	0	140390
128	80	64	0	140407
144	72	64	0	140421
128	68	64	0	140440
128	55	64	0	140441
128	48	64	0	140458
128	52	64	0	140466
144	80	89	0	140886
144	56	81	0	140889
144	52	66	0	140892
144	68	88	0	140894
144	48	74	0	140901
128	76	64	0	140915
128	72	64	0	140925
144	76	57	0	141421
128	80	64	0	141429
144	72	60	0	141451
128	48	64	0	141455
128	68	64	0	141463
128	56	64	0	141489
128	52	64	0	141503
144	48	72	0	141899
144	55	73	0	141908
144	52	62	0	141911
144	67	70	0	141927
128	72	64	0	141930
144	69	74	0	141932
128	76	64	0	141976
144	79	60	0	141980
144	81	54	0	141986
128	81	64	0	142120
144	76	75	0	142447
144	72	73	0	142465
128	69	64	0	142484
128	79	64	0	142490
128	67	64	0	142492
128	48	64	0	142501
128	55	64	0	142503
128	52	64	0	142544
144	52	49	0	142936
144	68	82	0	142948
144	56	70	0	142955
144	80	85	0	142956
144	48	79	0	142959
128	76	64	0	142970
128	72	64	0	143009
144	76	55	0	143380
128	80	64	0	143385
128	48	64	0	143430
128	68	64	0	143435
144	72	59	0	143443
128	56	64	0	143450
128	52	64	0	143491
144	48	70	0	143903
144	52	62	0	143910
144	55	75	0	143913
144	67	63	0	143916
144	79	85	0	143946
128	72	64	0	143952
128	76	64	0	143980
144	76	79	0	144410
128	48	64	0	144433
144	72	75	0	144442
128	55	64	0	144445
128	79	64	0	144456
128	52	64	0	144469
128	67	64	0	144471
144	56	75	0	144929
144	52	63	0	144934
144	68	85	0	144939
144	48	76	0	144942
128	76	64	0	144952
144	79	69	0	144960
128	72	64	0	144990
128	79	64	0	145169
144	76	78	0	145443
128	48	64	0	145601
128	56	64	0	145606
128	52	64	0	145669
128	76	64	0	145829
128	68	64	0	145880
144	48	72	0	145936
144	52	72	0	145939
144	67	76	0	145956
144	69	68	0	145973
128	69	64	0	146024
128	67	64	0	146364
144	67	76	0	146436
128	48	64	0	146629
144	70	72	0	146679
128	52	64	0	146702
128	67	64	0	146714
144	67	90	0	146940
144	56	79	0	146942
144	52	69	0	146949
144	48	77	0	146953
128	70	64	0	146974
128	67	64	0	147331
144	67	85	0	147401
128	48	64	0	147648
128	52	64	0	147695
128	56	64	0	147709
128	67	64	0	147832
144	48	81	0	147888
144	52	83	0	147893
144	67	88	0	147899
128	67	64	0	148270
144	67	64	0	148369
144	70	73	0	148591
128	67	64	0	148640
128	48	64	0	148660
128	52	64	0	148677
144	52	77	0	148896
144	56	85	0	148899
144	48	78	0	148904
144	67	76	0	148917
128	70	64	0	148967
128	67	64	0	149310
144	67	72	0	149422
128	48	64	0	149712
128	52	64	0	149726
128	56	64	0	149728
128	67	64	0	149825
144	67	79	0	149906
144	55	81	0	149909
144	52	66	0	149913
144	48	78	0	149915
128	67	64	0	150315
144	67	68	0	150395
144	70	73	0	150644
128	67	64	0	150660
128	48	64	0	150682
128	55	64	0	150689
128	52	64	0	150696
128	70	64	0	150889
144	48	75	0	150902
144	67	79	0	150905
144	56	85	0	150908
144	52	73	0	150910
128	67	64	0	151301
144	67	78	0	151436
128	52	64	0	151681
128	48	64	0	151694
128	56	64	0	151719
144	52	71	0	151887
144	48	71	0	151890
144	55	80	0	151893
144	64	90	0	151899
128	67	64	0	151933
144	67	71	0	152405
128	64	64	0	152433
128	55	64	0	152521
128	52	64	0	152533
128	48	64	0	152535
144	48	65	0	152880
144	56	80	0	152884
144	52	63	0	152886
144	61	83	0	152891
128	67	64	0	152926
144	67	74	0	153437
128	61	64	0	153486
128	52	64	0	153526
128	48	64	0	153538
128	56	64	0	153566
144	64	74	0	153875
144	55	81	0	153883
144	48	77	0	153892
144	52	72	0	153896
128	67	64	0	153945
144	67	80	0	154398
128	64	64	0	154421
128	52	64	0	154521
128	48	64	0	154530
128	55	64	0	154546
144	56	78	0	154870
144	61	83	0	154876
144	48	69	0	154878
144	52	73	0	154886
128	67	64	0	154926
144	67	74	0	155452
128	48	64	0	155476
128	56	64	0	155508
128	52	64	0	155510
128	61	64	0	155520
144	55	71	0	155918
144	48	75	0	155929
144	64	84	0	155940
144	52	76	0	155942
128	67	64	0	155994
144	67	80	0	156479
128	64	64	0	156496
128	52	64	0	156513
128	48	64	0	156519
128	55	64	0	156535
144	52	60	0	156944
144	56	76	0	156947
144	48	76	0	156950
144	61	79	0	156954
128	67	64	0	156998
144	67	71	0	157509
128	56	64	0	157563
128	61	64	0	157579
128	48	64	0	157592
128	52	64	0	157603
144	55	67	0	157950
144	60	82	0	157955
144	48	65	0	157958
144	52	64	0	157960
128	67	64	0	157984
144	67	76	0	158511
144	61	74	0	158528
144	64	75	0	158548
128	60	64	0	158558
128	55	64	0	158591
128	48	64	0	158618
128	52	64	0	158620
128	67	64	0	158978
144	56	77	0	159014
144	48	64	0	159017
144	52	58	0	159019
128	61	64	0	159021
144	60	90	0	159024
128	64	64	0	159029
144	67	71	0	159534
144	61	73	0	159543
144	64	58	0	159545
128	60	64	0	159577
128	48	64	0	159599
128	56	64	0	159600
128	52	64	0	159615
128	61	64	0	160001
144	55	71	0	160014
144	48	68	0	160021
128	64	64	0	160034
144	52	66	0	160038
144	60	82	0	160040
128	67	64	0	160058
144	61	78	0	160533
144	66	81	0	160537
128	55	64	0	160559
128	60	64	0	160585
128	48	64	0	160593
128	52	64	0	160597
144	48	65	0	161015
144	56	73	0	161027
144	60	84	0	161044
128	66	64	0	161047
144	52	58	0	161050
128	61	64	0	161052
144	67	72	0	161530
144	64	70	0	161540
128	60	64	0	161553
144	61	64	0	161564
128	56	64	0	161616
128	48	64	0	161634
128	52	64	0	161635
128	61	64	0	162026
144	48	62	0	162032
144	60	82	0	162035
144	55	71	0	162038
128	67	64	0	162053
128	64	64	0	162058
144	52	60	0	162071
144	66	80	0	162546
144	61	71	0	162558
128	60	64	0	162593
128	55	64	0	162712
128	48	64	0	162731
128	52	64	0	162746
144	60	86	0	163038
144	52	66	0	163055
144	48	67	0	163060
144	56	78	0	163063
128	66	64	0	163065
128	61	64	0	163067
144	67	66	0	163533
144	64	66	0	163544
144	61	69	0	163573
128	60	64	0	163578
128	48	64	0	163643
128	56	64	0	163646
128	52	64	0	163672
128	61	64	0	164038
144	55	69	0	164041
144	60	92	0	164044
144	48	71	0	164047
144	52	72	0	164058
128	67	64	0	164060
128	64	64	0	164064
144	66	72	0	164536
144	61	73	0	164547
128	60	64	0	164593
128	55	64	0	164604
128	48	64	0	164623
128	52	64	0	164633
144	56	71	0	165007
144	52	60	0	165012
128	61	64	0	165015
144	48	67	0	165017
144	60	99	0	165020
128	66	64	0	165036
144	67	70	0	165485
144	61	57	0	165492
144	64	75	0	165500
128	60	64	0	165528
128	56	64	0	165571
128	48	64	0	165581
128	52	64	0	165607
128	61	64	0	165902
128	67	64	0	165964
144	48	72	0	165989
144	55	73	0	165992
144	52	66	0	165998
144	60	86	0	166021
128	64	64	0	166035
144	68	76	0	166508
144	64	71	0	166510
128	60	64	0	166551
128	55	64	0	166597
128	52	64	0	166611
128	48	64	0	166620
144	56	76	0	167002
144	48	67	0	167005
144	52	62	0	167009
128	68	64	0	167016
128	64	64	0	167021
144	60	99	0	167027
144	67	79	0	167521
144	61	80	0	167527
128	60	64	0	167553
128	48	64	0	167582
128	56	64	0	167607
128	52	64	0	167609
128	61	64	0	168009
144	48	68	0	168016
144	55	73	0	168019
144	60	85	0	168025
128	67	64	0	168027
144	52	68	0	168042
144	64	55	0	168524
144	68	80	0	168528
128	60	64	0	168566
128	55	64	0	168606
128	52	64	0	168641
128	48	64	0	168644
128	68	64	0	168995
144	52	62	0	169000
144	48	62	0	169005
144	56	74	0	169008
144	60	95	0	169023
128	64	64	0	169029
144	61	72	0	169519
144	67	77	0	169522
128	60	64	0	169557
128	48	64	0	169594
128	56	64	0	169618
128	52	64	0	169652
128	61	64	0	169995
144	48	77	0	170010
144	55	81	0	170016
144	52	67	0	170023
144	60	89	0	170031
128	67	64	0	170054
144	64	81	0	170531
144	70	79	0	170552
128	60	64	0	170582
128	55	64	0	170606
128	52	64	0	170640
128	48	64	0	170642
144	52	54	0	171035
144	48	69	0	171039
144	56	75	0	171041
144	67	80	0	171526
128	64	64	0	171562
128	48	64	0	171578
128	56	64	0	171593
128	70	64	0	171596
128	52	64	0	171611
144	48	75	0	171997
144	52	69	0	172001
144	55	81	0	172007
144	68	85	0	172009
128	67	64	0	172043
144	64	86	0	172509
144	70	79	0	172514
128	68	64	0	172537
128	55	64	0	172579
128	52	64	0	172587
128	48	64	0	172594
144	52	64	0	172989
144	48	66	0	172992
144	56	76	0	172996
144	67	79	0	173498
128	70	64	0	173546
128	64	64	0	173559
128	48	64	0	173565
128	56	64	0	173590
128	52	64	0	173596
144	55	78	0	173989
144	68	85	0	173994
144	48	78	0	173997
144	52	66	0	173999
128	67	64	0	174049
144	70	80	0	174477
144	64	87	0	174483
128	68	64	0	174510
128	55	64	0	174550
128	52	64	0	174566
128	48	64	0	174571
144	52	66	0	174970
144	48	67	0	174984
144	56	80	0	174989
144	67	81	0	175490
128	64	64	0	175523
128	70	64	0	175547
128	48	64	0	175572
128	56	64	0	175597
128	52	64	0	175607
144	68	82	0	175986
144	48	73	0	176005
144	52	69	0	176007
144	55	85	0	176014
128	67	64	0	176036
144	70	85	0	176487
144	64	92	0	176489
128	68	64	0	176500
128	55	64	0	176572
128	52	64	0	176597
128	48	64	0	176606
144	48	75	0	176991
144	52	69	0	176993
144	56	84	0	177012
144	72	86	0	177551
128	70	64	0	177569
128	48	64	0	177611
128	56	64	0	177618
128	52	64	0	177638
128	72	64	0	177785
128	64	64	0	177929
144	48	71	0	177981
144	52	75	0	177984
144	73	84	0	177997
144	72	86	0	178507
128	73	64	0	178509
128	48	64	0	178619
128	52	64	0	178625
128	72	64	0	178710
144	73	82	0	178965
144	52	66	0	178968
144	56	81	0	178971
144	48	73	0	178975
144	72	88	0	179491
128	73	64	0	179496
128	48	64	0	179685
128	52	64	0	179696
128	56	64	0	179717
128	72	64	0	179771
144	73	75	0	179961
144	55	77	0	179967
144	48	75	0	179969
144	52	70	0	179976
128	73	64	0	180428
144	72	74	0	180438
128	48	64	0	180644
128	55	64	0	180646
128	52	64	0	180648
128	72	64	0	180654
144	48	77	0	180932
144	52	67	0	180939
144	73	82	0	180942
144	56	82	0	180945
144	64	78	0	180948
128	73	64	0	181442
144	72	76	0	181449
128	48	64	0	181610
128	56	64	0	181637
128	52	64	0	181641
128	64	64	0	181661
128	72	64	0	181666
144	55	72	0	181911
144	65	49	0	181913
144	73	76	0	181916
144	48	74	0	181919
144	52	68	0	181926
128	65	64	0	182308
128	73	64	0	182327
128	55	64	0	182358
144	72	74	0	182386
144	56	68	0	182412
144	64	96	0	182415
128	48	64	0	182535
128	52	64	0	182575
128	56	64	0	182585
128	64	64	0	182618
128	72	64	0	182661
144	65	83	0	182872
144	48	75	0	182878
144	55	75	0	182881
144	73	85	0	182890
144	52	73	0	182892
128	55	64	0	183140
128	65	64	0	183144
128	48	64	0	183146
128	52	64	0	183151
128	73	64	0	183207
144	64	82	0	183361
144	72	84	0	183366
144	48	72	0	183377
144	56	87	0	183381
144	52	71	0	183386
128	64	64	0	183545
128	52	64	0	183547
128	56	64	0	183549
128	48	64	0	183556
128	72	64	0	183579
144	65	69	0	183840
144	55	90	0	183847
144	48	84	0	183855
144	73	82	0	183860
144	52	77	0	183862
128	55	64	0	184054
128	65	64	0	184056
128	48	64	0	184058
128	52	64	0	184086
128	73	64	0	184096
144	64	84	0	184324
144	72	84	0	184327
144	52	68	0	184334
144	56	80	0	184356
144	48	66	0	184358
128	48	64	0	184467
128	64	64	0	184502
128	56	64	0	184513
128	52	64	0	184521
128	72	64	0	184533
144	65	68	0	184798
144	55	72	0	184805
144	48	64	0	184810
144	73	80	0	184813
144	52	68	0	184818
128	48	64	0	185110
128	55	64	0	185124
128	65	64	0	185126
128	52	64	0	185141
128	73	64	0	185177
144	64	89	0	185279
144	52	72	0	185286
144	72	81	0	185291
144	48	69	0	185294
144	56	84	0	185297
128	48	64	0	185452
128	56	64	0	185468
128	52	64	0	185478
128	72	64	0	185524
128	64	64	0	185531
144	48	92	0	185764
144	56	89	0	185777
144	52	1	0	186254
144	64	78	0	186270
144	70	78	0	186276
144	67	82	0	186281
128	52	64	0	186354
128	56	64	0	186409
128	48	64	0	186419
144	56	75	0	186744
144	48	69	0	186747
144	52	73	0	186751
128	70	64	0	186771
128	67	64	0	186778
128	64	64	0	186781
144	64	80	0	187254
144	70	78	0	187262
144	67	83	0	187267
128	48	64	0	187296
128	56	64	0	187302
128	52	64	0	187305
144	48	75	0	187739
144	56	79	0	187742
144	52	75	0	187756
128	64	64	0	187782
128	70	64	0	187791
128	67	64	0	187796
144	70	80	0	188256
144	64	79	0	188262
144	67	81	0	188275
128	56	64	0	188307
128	52	64	0	188320
128	48	64	0	188337
144	52	77	0	188752
144	56	80	0	188756
144	48	79	0	188759
128	70	64	0	188785
128	64	64	0	188801
128	67	64	0	188805
144	70	80	0	189242
144	64	80	0	189245
144	67	79	0	189249
128	48	64	0	189343
128	56	64	0	189354
128	52	64	0	189365
128	70	64	0	189695
144	48	72	0	189705
128	67	64	0	189716
144	56	79	0	189719
144	52	79	0	189725
128	64	64	0	189730
144	72	78	0	190215
144	66	84	0	190218
144	69	82	0	190222
128	52	64	0	190255
128	56	64	0	190264
128	48	64	0	190284
144	57	68	0	190688
144	54	76	0	190691
144	48	69	0	190696
128	69	64	0	190716
128	66	64	0	190766
128	72	64	0	190782
144	69	70	0	191202
144	60	75	0	191212
144	72	76	0	191215
144	66	76	0	191226
128	54	64	0	191236
128	57	64	0	191257
128	48	64	0	191283
128	72	64	0	191697
128	69	64	0	191708
144	48	75	0	191711
128	66	64	0	191714
144	57	75	0	191720
144	54	74	0	191722
128	60	64	0	191734
144	63	76	0	192198
144	66	79	0	192209
144	60	75	0	192211
144	72	76	0	192234
128	54	64	0	192290
128	48	64	0	192304
128	57	64	0	192327
144	57	79	0	192663
144	54	74	0	192668
144	48	73	0	192671
128	60	64	0	192766
128	72	64	0	192771
128	63	64	0	192774
128	66	64	0	192789
144	72	81	0	193170
144	66	67	0	193172
144	60	69	0	193175
128	57	64	0	193177
144	63	78	0	193180
128	54	64	0	193182
128	48	64	0	193188
144	58	72	0	193640
144	48	66	0	193648
128	60	64	0	193651
128	63	64	0	193653
128	66	64	0	193655
144	55	55	0	193659
144	53	58	0	193679
128	72	64	0	193697
128	53	64	0	193752
144	70	79	0	194126
144	64	87	0	194132
144	67	86	0	194135
128	58	64	0	194181
128	48	64	0	194188
128	55	64	0	194216
144	55	51	0	194636
144	58	62	0	194650
144	48	77	0	194653
128	70	64	0	194689
128	67	64	0	194716
128	64	64	0	194730
144	67	81	0	195107
144	64	75	0	195114
144	70	76	0	195116
128	48	64	0	195240
128	58	64	0	195261
128	55	64	0	195300
144	55	54	0	195581
144	58	69	0	195591
144	48	72	0	195595
128	67	64	0	195653
128	70	64	0	195664
128	64	64	0	195668
144	74	83	0	196059
144	64	82	0	196064
144	67	82	0	196069
128	48	64	0	196136
128	58	64	0	196150
128	55	64	0	196170
144	55	54	0	196497
144	58	70	0	196508
144	48	73	0	196511
128	67	64	0	196585
128	64	64	0	196589
128	74	64	0	196615
144	67	88	0	197045
144	64	86	0	197051
144	73	85	0	197054
128	55	64	0	197122
128	58	64	0	197142
128	48	64	0	197182
144	56	74	0	197520
144	59	74	0	197523
144	48	79	0	197527
128	73	64	0	197586
128	67	64	0	197592
128	64	64	0	197605
144	74	74	0	198021
144	64	82	0	198025
144	70	82	0	198030
128	56	64	0	198124
128	59	64	0	198141
128	48	64	0	198153
144	48	78	0	198490
144	59	77	0	198493
144	56	75	0	198496
128	64	64	0	198573
128	70	64	0	198611
128	74	64	0	198613
144	67	73	0	198970
144	74	74	0	198979
144	70	85	0	198996
128	56	64	0	199113
128	59	64	0	199117
128	48	64	0	199123
144	59	89	0	199461
144	56	83	0	199465
144	48	79	0	199475
128	67	64	0	199522
128	70	64	0	199539
128	74	64	0	199594
144	74	79	0	199933
144	68	89	0	199948
144	70	85	0	199953
128	59	64	0	200086
128	48	64	0	200102
128	56	64	0	200120
144	56	83	0	200415
144	59	80	0	200420
144	48	79	0	200423
128	68	64	0	200473
128	70	64	0	200514
128	74	64	0	200534
144	74	83	0	200895
144	69	81	0	200904
128	59	64	0	201012
128	48	64	0	201037
128	56	64	0	201052
144	48	47	0	201388
144	54	77	0	201439
128	69	64	0	201502
144	58	50	0	201506
128	74	64	0	201515
144	74	80	0	201905
144	70	89	0	201917
128	58	64	0	201999
128	54	64	0	202013
128	48	64	0	202028
144	54	68	0	202401
144	48	51	0	202424
144	47	42	0	202446
144	57	40	0	202459
128	74	64	0	202490
128	70	64	0	202521
128	57	64	0	202526
128	47	64	0	202594
144	57	16	0	202633
128	57	64	0	202827
144	70	87	0	202895
144	74	83	0	202897
128	48	64	0	202953
128	54	64	0	203022
144	54	73	0	203378
144	58	76	0	203381
144	48	68	0	203383
128	70	64	0	203450
128	74	64	0	203472
144	74	80	0	203875
144	70	85	0	203890
128	48	64	0	204000
128	54	64	0	204082
128	58	64	0	204112
144	58	68	0	204384
144	48	76	0	204391
144	54	74	0	204397
128	70	64	0	204470
128	74	64	0	204473
144	74	82	0	204880
144	67	81	0	204891
144	70	85	0	204895
128	48	64	0	205022
128	54	64	0	205037
128	58	64	0	205039
144	58	70	0	205371
144	48	74	0	205378
144	54	69	0	205381
128	67	64	0	205429
128	70	64	0	205463
128	74	64	0	205510
144	74	81	0	205850
144	66	89	0	205858
144	70	81	0	205869
128	48	64	0	205963
128	54	64	0	205993
128	58	64	0	206003
144	58	81	0	206361
144	48	85	0	206364
144	54	79	0	206368
128	66	64	0	206405
128	70	64	0	206428
128	74	64	0	206461
144	74	84	0	206833
144	67	88	0	206840
144	70	81	0	206856
128	54	64	0	206969
128	58	64	0	206980
128	48	64	0	206995
144	58	81	0	207340
144	54	79	0	207346
144	48	81	0	207348
128	70	64	0	207426
128	74	64	0	207433
128	67	64	0	207445
144	66	84	0	207809
144	70	72	0	207814
144	74	74	0	207825
128	58	64	0	207929
128	48	64	0	207939
128	54	64	0	207951
144	49	73	0	208272
144	58	62	0	208284
144	54	83	0	208306
128	66	64	0	208371
128	70	64	0	208397
128	74	64	0	208419
144	67	86	0	208792
144	74	83	0	208795
144	70	78	0	208798
128	49	64	0	208936
128	58	64	0	208977
128	54	64	0	208986
144	58	83	0	209275
144	49	84	0	209283
144	54	75	0	209295
128	67	64	0	209379
128	70	64	0	209384
128	74	64	0	209385
144	66	86	0	209759
144	74	81	0	209765
144	70	79	0	209768
128	58	64	0	209939
128	49	64	0	209941
128	54	64	0	209950
144	58	75	0	210280
144	49	79	0	210283
144	54	72	0	210291
128	66	64	0	210334
128	70	64	0	210364
128	74	64	0	210400
144	70	73	0	210789
144	67	80	0	210792
144	74	81	0	210795
128	49	64	0	210934
128	54	64	0	210945
128	58	64	0	210947
144	58	78	0	211261
144	49	76	0	211264
144	54	71	0	211282
128	70	64	0	211331
128	74	64	0	211351
128	67	64	0	211368
144	66	82	0	211780
144	74	79	0	211783
144	70	78	0	211786
128	58	64	0	211918
128	54	64	0	211929
128	49	64	0	211934
144	49	81	0	212239
144	58	76	0	212243
144	54	70	0	212250
144	64	90	0	212271
128	66	64	0	212325
144	66	85	0	212767
128	64	64	0	212806
128	58	64	0	212827
128	49	64	0	212829
128	54	64	0	212852
144	49	83	0	213247
144	67	84	0	213256
144	58	78	0	213259
128	66	64	0	213262
144	54	68	0	213272
128	70	64	0	213302
144	66	84	0	213729
144	70	76	0	213732
128	67	64	0	213790
128	58	64	0	213793
128	49	64	0	213820
128	54	64	0	213822
128	70	64	0	214199
144	67	86	0	214202
144	49	77	0	214205
144	58	74	0	214208
128	66	64	0	214210
144	54	60	0	214232
144	66	80	0	214713
144	70	78	0	214722
128	58	64	0	214756
128	67	64	0	214760
128	49	64	0	214774
128	54	64	0	214776
144	58	81	0	215160
144	49	79	0	215163
144	54	71	0	215170
128	66	64	0	215173
144	67	85	0	215175
128	70	64	0	215190
128	74	64	0	215292
144	76	78	0	215650
128	58	64	0	215698
128	67	64	0	215722
128	49	64	0	215727
128	54	64	0	215732
144	49	80	0	216103
144	73	67	0	216118
144	58	73	0	216122
144	54	74	0	216124
144	74	68	0	216161
128	73	64	0	216171
128	76	64	0	216200
128	74	64	0	216488
144	64	87	0	216639
128	58	64	0	216669
128	54	64	0	216687
128	49	64	0	216714
144	58	74	0	217101
144	49	75	0	217113
144	54	70	0	217130
144	63	80	0	217134
144	73	78	0	217136
128	64	64	0	217162
128	63	64	0	217503
144	66	70	0	217549
128	58	64	0	217668
128	54	64	0	217700
128	49	64	0	217728
128	66	64	0	218029
144	67	82	0	218032
144	49	81	0	218044
144	58	81	0	218047
144	54	71	0	218061
128	73	64	0	218109
144	64	85	0	218531
128	67	64	0	218580
128	58	64	0	218612
128	49	64	0	218657
128	54	64	0	218674
128	64	64	0	218746
144	61	72	0	218976
144	73	80	0	218979
144	49	76	0	218982
144	58	72	0	218989
144	54	72	0	218993
144	66	68	0	219478
128	61	64	0	219492
128	58	64	0	219623
128	49	64	0	219634
128	54	64	0	219669
128	66	64	0	219857
144	67	57	0	219885
144	49	76	0	219929
144	58	72	0	219944
144	54	70	0	219947
144	64	87	0	220412
128	67	64	0	220438
128	58	64	0	220499
128	49	64	0	220550
128	54	64	0	220562
128	73	64	0	220610
128	64	64	0	220616
144	61	81	0	220862
144	49	84	0	220876
144	58	85	0	220879
144	73	78	0	220882
144	54	74	0	220898
144	66	59	0	221393
128	61	64	0	221541
128	49	64	0	221558
128	58	64	0	221560
128	54	64	0	221583
144	54	70	0	221833
144	58	69	0	221836
144	49	66	0	221844
144	67	71	0	221880
128	66	64	0	221903
144	64	89	0	222369
128	67	64	0	222392
128	58	64	0	222483
128	49	64	0	222484
128	54	64	0	222513
128	64	64	0	222639
128	73	64	0	222776
144	49	81	0	222808
144	58	82	0	222813
144	54	77	0	222818
144	61	79	0	223301
144	64	77	0	223321
144	68	73	0	223335
128	58	64	0	223395
128	54	64	0	223418
128	49	64	0	223447
144	58	69	0	223804
144	49	68	0	223807
144	54	68	0	223810
128	68	64	0	223821
128	64	64	0	223848
128	61	64	0	223858
144	61	79	0	224278
144	67	77	0	224291
144	64	62	0	224306
144	65	28	0	224347
128	58	64	0	224365
128	54	64	0	224377
128	49	64	0	224386
128	65	64	0	224403
144	49	80	0	224784
144	58	76	0	224787
128	67	64	0	224789
144	66	74	0	224792
144	54	75	0	224795
128	64	64	0	224889
128	61	64	0	224894
144	70	44	0	224937
144	61	82	0	225237
128	70	64	0	225252
128	66	64	0	225257
144	67	59	0	225283
128	58	64	0	225289
128	49	64	0	225294
128	54	64	0	225309
144	64	49	0	225314
128	61	64	0	225607
144	58	62	0	225681
128	67	64	0	225683
144	49	59	0	225692
144	54	63	0	225696
144	70	77	0	225698
144	66	75	0	225718
128	64	64	0	225743
144	61	78	0	226129
128	70	64	0	226156
128	66	64	0	226161
144	67	57	0	226163
128	58	64	0	226172
128	49	64	0	226190
128	54	64	0	226192
144	64	38	0	226218
128	67	64	0	226600
144	58	74	0	226615
144	54	74	0	226620
144	70	76	0	226623
144	49	74	0	226625
144	66	71	0	226632
128	61	64	0	226645
128	64	64	0	226647
144	61	83	0	227061
128	70	64	0	227084
128	58	64	0	227087
128	49	64	0	227096
128	54	64	0	227102
128	66	64	0	227104
144	67	57	0	227112
144	64	23	0	227252
128	61	64	0	227515
144	49	78	0	227557
144	58	69	0	227564
144	54	72	0	227566
128	67	64	0	227568
144	70	64	0	227597
144	66	73	0	227604
128	64	64	0	227643
128	70	64	0	227981
144	61	87	0	228002
128	66	64	0	228038
144	67	66	0	228046
128	58	64	0	228053
128	54	64	0	228060
128	49	64	0	228063
144	68	32	0	228085
128	68	64	0	228144
144	64	55	0	228259
128	61	64	0	228466
144	49	81	0	228527
144	54	79	0	228530
144	58	77	0	228533
144	70	83	0	228536
128	67	64	0	228539
144	66	80	0	228542
128	64	64	0	228582
128	70	64	0	228960
144	71	68	0	228974
128	58	64	0	229050
128	49	64	0	229063
128	54	64	0	229071
144	49	84	0	229462
144	58	81	0	229466
144	54	78	0	229471
144	70	72	0	229486
128	71	64	0	229512
144	71	77	0	229954
128	70	64	0	229981
128	58	64	0	230024
128	54	64	0	230031
128	49	64	0	230068
128	66	64	0	230125
128	71	64	0	230158
144	49	80	0	230436
144	73	64	0	230439
144	58	76	0	230442
144	66	78	0	230444
144	54	74	0	230448
144	67	75	0	230929
128	66	64	0	230935
144	74	77	0	230952
128	73	64	0	230972
128	49	64	0	231136
128	58	64	0	231158
128	54	64	0	231171
128	74	64	0	231277
128	67	64	0	231284
144	66	80	0	231370
144	73	82	0	231382
144	49	79	0	231386
144	58	76	0	231392
144	54	78	0	231395
144	74	80	0	231842
144	67	81	0	231846
128	73	64	0	231852
128	66	64	0	231854
128	54	64	0	231961
128	58	64	0	231983
128	49	64	0	231997
128	67	64	0	232194
128	74	64	0	232208
144	74	79	0	232307
144	58	85	0	232317
144	49	85	0	232319
144	70	91	0	232322
144	54	76	0	232334
144	71	90	0	232801
128	70	64	0	232814
128	58	64	0	232987
128	49	64	0	233002
128	54	64	0	233017
128	71	64	0	233127
128	74	64	0	233132
144	74	75	0	233239
144	70	93	0	233258
144	49	83	0	233261
144	58	81	0	233266
144	54	76	0	233273
144	71	89	0	233778
128	70	64	0	233782
128	58	64	0	233865
128	49	64	0	233895
128	54	64	0	233914
128	71	64	0	233981
128	74	64	0	234039
144	49	85	0	234191
144	54	83	0	234199
144	66	84	0	234203
144	73	78	0	234221
144	58	17	0	234306
144	67	81	0	234640
128	66	64	0	234654
144	74	82	0	234658
128	73	64	0	234687
128	58	64	0	234816
128	54	64	0	234818
128	49	64	0	234837
128	67	64	0	234895
128	74	64	0	234927
144	66	79	0	235126
144	73	83	0	235128
144	58	90	0	235132
144	49	85	0	235134
144	54	83	0	235137
144	67	80	0	235601
128	66	64	0	235625
144	74	86	0	235645
128	73	64	0	235670
128	49	64	0	235772
128	58	64	0	235791
128	54	64	0	235807
128	67	64	0	235950
128	74	64	0	235965
144	49	80	0	236044
144	74	70	0	236047
144	58	72	0	236052
144	70	88	0	236056
144	54	72	0	236059
144	71	77	0	236560
128	70	64	0	236614
128	49	64	0	236712
128	58	64	0	236724
128	54	64	0	236748
128	71	64	0	236907
144	70	71	0	236974
144	49	85	0	237013
144	58	78	0	237023
144	54	68	0	237044
144	71	80	0	237505
128	70	64	0	237530
128	58	64	0	237715
128	74	64	0	237720
128	49	64	0	237723
128	71	64	0	237733
128	54	64	0	237735
144	49	72	0	237965
144	58	72	0	237967
144	54	70	0	237977
144	73	87	0	237985
144	66	85	0	237988
144	74	80	0	238421
128	73	64	0	238429
128	66	64	0	238506
144	65	68	0	238510
144	67	50	0	238518
128	58	64	0	238610
128	67	64	0	238622
128	65	64	0	238624
128	54	64	0	238626
128	49	64	0	238634
128	74	64	0	238694
144	49	80	0	238870
144	75	88	0	238878
144	58	76	0	238882
144	66	87	0	238885
144	54	76	0	238887
128	75	64	0	238912
144	74	77	0	238925
128	74	64	0	239306
128	66	64	0	239354
144	67	70	0	239359
144	72	52	0	239417
128	67	64	0	239477
128	72	64	0	239503
128	58	64	0	239527
128	49	64	0	239560
128	54	64	0	239564
144	58	81	0	239803
144	49	81	0	239805
144	54	74	0	239815
144	66	91	0	239826
144	73	87	0	239828
144	67	79	0	240281
144	74	82	0	240283
128	66	64	0	240286
128	73	64	0	240306
128	54	64	0	240410
128	58	64	0	240418
128	49	64	0	240441
128	67	64	0	240499
128	74	64	0	240534
144	67	77	0	240669
144	58	86	0	240673
144	74	83	0	240676
144	49	79	0	240679
144	54	76	0	240690
144	73	68	0	241167
144	66	78	0	241170
128	74	64	0	241203
128	67	64	0	241240
128	58	64	0	241270
128	49	64	0	241278
128	54	64	0	241301
128	66	64	0	241335
128	73	64	0	241346
144	58	78	0	241609
144	73	85	0	241621
144	54	73	0	241627
144	66	85	0	241630
144	49	80	0	241632
128	66	64	0	242091
144	67	77	0	242098
144	74	81	0	242115
128	73	64	0	242124
128	49	64	0	242266
128	58	64	0	242273
128	54	64	0	242283
128	67	64	0	242313
128	74	64	0	242315
144	58	79	0	242566
144	54	76	0	242570
144	49	76	0	242573
144	73	80	0	242575
144	66	80	0	242578
144	67	77	0	243042
128	66	64	0	243045
144	74	86	0	243085
128	73	64	0	243104
128	49	64	0	243234
128	58	64	0	243237
128	54	64	0	243240
128	74	64	0	243264
128	67	64	0	243286
144	76	77	0	243490
144	70	81	0	243493
144	58	79	0	243497
144	49	74	0	243500
144	54	77	0	243503
144	71	57	0	244019
144	72	65	0	244031
128	70	64	0	244058
128	49	64	0	244210
128	58	64	0	244244
128	54	64	0	244261
128	72	64	0	244292
144	70	82	0	244465
144	58	81	0	244480
144	49	82	0	244483
144	54	79	0	244486
128	71	64	0	244518
144	71	71	0	244955
128	76	64	0	245134
128	58	64	0	245151
128	70	64	0	245153
128	49	64	0	245156
128	54	64	0	245205
128	71	64	0	245225
144	49	76	0	245397
144	58	70	0	245403
144	54	70	0	245406
144	73	22	0	245420
144	66	80	0	245437
128	66	64	0	245820
144	74	78	0	245860
128	73	64	0	245863
144	67	67	0	245889
128	49	64	0	246055
128	54	64	0	246078
128	74	64	0	246081
128	58	64	0	246087
128	67	64	0	246103
144	73	77	0	246313
144	58	82	0	246316
144	49	79	0	246319
144	66	74	0	246322
144	54	79	0	246325
128	66	64	0	246769
144	67	75	0	246805
144	74	74	0	246818
128	73	64	0	246820
128	54	64	0	246937
128	58	64	0	246940
128	49	64	0	246942
128	67	64	0	246984
128	74	64	0	246999
144	49	79	0	247235
144	76	78	0	247238
144	58	81	0	247241
144	70	80	0	247244
144	54	78	0	247247
144	71	71	0	247713
128	70	64	0	247747
128	49	64	0	247910
128	58	64	0	247912
128	54	64	0	247932
128	71	64	0	248011
144	70	89	0	248149
144	49	83	0	248175
144	54	82	0	248179
144	58	83	0	248181
144	71	81	0	248659
128	70	64	0	248661
128	58	64	0	248829
128	49	64	0	248851
128	54	64	0	248861
144	49	85	0	249112
144	58	83	0	249116
144	54	78	0	249128
128	71	64	0	249130
144	67	80	0	249580
144	70	75	0	249590
144	73	79	0	249593
128	58	64	0	249650
128	54	64	0	249663
128	49	64	0	249665
128	73	64	0	250044
128	70	64	0	250046
144	49	88	0	250064
144	58	89	0	250067
128	67	64	0	250069
144	54	76	0	250084
144	73	75	0	250558
144	70	82	0	250565
144	67	88	0	250571
128	49	64	0	250610
128	58	64	0	250612
128	54	64	0	250634
128	73	64	0	250998
128	70	64	0	251009
144	58	87	0	251030
128	67	64	0	251039
144	49	79	0	251041
144	54	71	0	251055
144	70	68	0	251535
144	67	74	0	251542
144	73	62	0	251552
128	58	64	0	251635
128	54	64	0	251637
128	49	64	0	251660
128	73	64	0	252003
144	58	72	0	252010
144	49	68	0	252013
144	54	70	0	252017
128	70	64	0	252033
128	67	64	0	252050
144	67	69	0	252494
144	73	67	0	252498
144	70	65	0	252509
128	58	64	0	252624
128	54	64	0	252627
128	49	64	0	252648
128	70	64	0	252823
144	58	70	0	252942
144	49	67	0	252950
128	67	64	0	252957
144	66	79	0	252960
144	54	68	0	252963
144	67	70	0	253449
128	66	64	0	253460
128	58	64	0	253519
128	54	64	0	253528
128	49	64	0	253561
144	58	65	0	253906
144	66	79	0	253912
144	49	68	0	253914
144	54	64	0	253927
128	67	64	0	253932
144	67	69	0	254426
128	66	64	0	254442
128	58	64	0	254531
128	49	64	0	254546
128	54	64	0	254575
144	66	75	0	254883
128	67	64	0	254898
144	58	72	0	254902
144	49	74	0	254909
144	54	70	0	254913
144	67	70	0	255406
128	66	64	0	255419
128	58	64	0	255551
128	54	64	0	255586
128	49	64	0	255589
144	66	79	0	255900
144	49	83	0	255904
144	58	78	0	255911
144	54	78	0	255916
128	67	64	0	255928
144	67	69	0	256388
128	66	64	0	256429
128	58	64	0	256521
128	54	64	0	256550
128	49	64	0	256552
144	69	72	0	256844
144	58	79	0	256849
144	54	77	0	256852
144	49	74	0	256856
128	67	64	0	256898
144	70	68	0	257338
128	69	64	0	257344
128	58	64	0	257449
128	54	64	0	257485
128	49	64	0	257523
144	69	77	0	257773
144	54	82	0	257792
144	49	80	0	257799
128	70	64	0	257804
144	58	70	0	257807
144	70	79	0	258263
128	49	64	0	258289
128	58	64	0	258296
128	69	64	0	258301
128	54	64	0	258316
144	69	77	0	258709
144	58	80	0	258715
144	54	78	0	258719
144	49	72	0	258729
128	70	64	0	258731
144	70	79	0	259217
128	58	64	0	259248
128	69	64	0	259252
128	54	64	0	259272
128	49	64	0	259274
144	49	81	0	259659
144	58	80	0	259661
144	54	76	0	259670
144	69	81	0	259683
128	70	64	0	259699
144	70	79	0	260172
128	69	64	0	260200
128	58	64	0	260202
128	49	64	0	260212
128	54	64	0	260229
144	58	70	0	260609
144	49	74	0	260612
144	72	75	0	260620
144	54	70	0	260624
128	70	64	0	260629
128	73	64	0	260670
144	73	73	0	261075
128	72	64	0	261150
128	58	64	0	261198
128	49	64	0	261214
128	54	64	0	261233
144	72	82	0	261548
144	58	93	0	261555
128	73	64	0	261574
144	49	77	0	261577
144	54	68	0	261593
144	73	73	0	262033
128	72	64	0	262095
128	49	64	0	262150
128	58	64	0	262152
128	54	64	0	262192
144	58	76	0	262475
144	49	75	0	262496
144	54	73	0	262499
144	74	74	0	262505
128	73	64	0	262544
144	73	78	0	262983
128	74	64	0	263017
128	49	64	0	263083
128	58	64	0	263085
128	76	64	0	263095
128	54	64	0	263106
144	58	80	0	263417
144	49	72	0	263427
144	54	70	0	263432
144	74	88	0	263450
128	73	64	0	263484
144	76	68	0	263937
128	74	64	0	264024
128	49	64	0	264043
128	58	64	0	264078
128	54	64	0	264118
144	58	83	0	264391
144	49	84	0	264399
144	54	87	0	264407
144	78	94	0	264417
128	76	64	0	264485
128	49	64	0	265261
144	49	24	0	265318
128	58	64	0	268438
128	78	64	0	268449
128	54	64	0	268459
128	49	64	0	268469
