144	62	20	0	1828
144	50	33	0	3178
144	57	27	0	3195
176	64	127	0	3222
128	62	64	0	3230
144	71	37	0	3876
128	50	64	0	4032
128	57	64	0	4034
144	66	31	0	4203
128	66	64	0	4457
144	62	18	0	4556
128	71	64	0	5151
128	62	64	0	5279
144	71	27	0	5356
144	66	45	0	5713
144	62	34	0	6070
128	71	64	0	6150
128	66	64	0	6152
128	62	64	0	6232
144	57	43	0	6678
144	50	34	0	6687
144	74	49	0	6692
144	66	48	0	6695
144	54	45	0	6707
128	54	64	0	6771
128	66	64	0	6773
128	57	64	0	6796
128	50	64	0	6800
128	74	64	0	6820
144	54	44	0	8488
144	59	44	0	8507
144	50	47	0	8510
176	64	0	0	8561
176	64	127	0	8741
128	50	64	0	9076
128	59	64	0	9087
128	54	64	0	9096
144	71	36	0	9393
128	71	64	0	9738
144	66	31	0	9771
128	66	64	0	10057
144	62	53	0	10070
128	62	64	0	10470
144	71	39	0	10567
128	71	64	0	10835
144	66	40	0	10884
128	66	64	0	11062
144	62	45	0	11458
128	62	64	0	11589
144	74	67	0	11933
128	74	64	0	12049
144	59	54	0	13660
144	54	55	0	13664
144	71	65	0	13668
144	50	45	0	13671
144	78	69	0	13674
176	64	0	0	13751
176	64	127	0	13841
128	78	64	0	14127
128	71	64	0	14194
128	50	64	0	14254
128	54	64	0	14263
128	59	64	0	14279
144	83	59	0	14348
144	81	58	0	14627
128	83	64	0	14653
128	81	64	0	14746
144	81	58	0	14859
128	81	64	0	15002
144	76	57	0	15028
144	81	49	0	15294
128	76	64	0	15298
128	81	64	0	15588
144	79	52	0	15603
128	79	64	0	16589
144	54	59	0	16900
144	59	59	0	16903
144	50	54	0	16920
176	64	0	0	17020
176	64	127	0	17141
144	78	66	0	17230
128	78	64	0	17436
144	71	63	0	17473
128	71	64	0	17566
144	78	43	0	17609
128	78	64	0	17680
144	74	48	0	17743
128	74	64	0	17835
128	59	64	0	17877
144	78	50	0	17887
128	54	64	0	17893
128	50	64	0	17927
128	78	64	0	17968
144	71	22	0	18092
128	71	64	0	18204
144	83	19	0	18250
128	83	64	0	18941
144	71	43	0	19349
128	71	64	0	19623
144	74	43	0	19656
128	74	64	0	19865
144	71	44	0	19952
128	71	64	0	20255
144	78	41	0	20270
144	55	56	0	20573
144	47	47	0	20592
144	49	54	0	20601
144	74	51	0	20605
128	78	64	0	20607
176	64	0	0	20652
176	64	127	0	20831
128	74	64	0	21884
144	71	39	0	21913
128	71	64	0	22155
144	78	44	0	22165
128	78	64	0	22431
144	71	48	0	22456
128	47	64	0	22628
128	55	64	0	22675
128	49	64	0	22677
128	71	64	0	22800
144	73	40	0	22834
128	73	64	0	23152
144	71	52	0	23165
144	54	49	0	23169
144	49	45	0	23173
176	64	0	0	23176
144	47	38	0	23182
176	64	127	0	23292
128	71	64	0	23994
128	47	64	0	24213
128	49	64	0	24248
128	54	64	0	24288
144	66	44	0	24520
128	66	64	0	24767
144	62	34	0	24834
128	62	64	0	25163
144	61	45	0	25180
128	61	64	0	25476
144	66	44	0	25520
128	66	64	0	25823
144	62	44	0	25872
144	61	55	0	26520
144	49	38	0	26523
176	64	0	0	26532
144	54	29	0	26537
144	47	22	0	26553
128	62	64	0	26568
176	64	127	0	26682
128	54	64	0	27038
128	47	64	0	27087
128	49	64	0	27131
128	61	64	0	27193
144	66	38	0	27224
128	66	64	0	27461
144	62	34	0	27525
128	62	64	0	27868
144	61	40	0	27875
128	61	64	0	28147
144	66	44	0	28186
128	66	64	0	28460
144	62	52	0	28540
128	62	64	0	28641
144	67	61	0	29195
144	49	53	0	29198
144	59	57	0	29205
144	55	26	0	29208
144	47	51	0	29212
144	61	63	0	29223
176	64	0	0	29261
176	64	127	0	29381
128	67	64	0	29672
128	61	64	0	29772
128	59	64	0	29782
128	49	64	0	29870
128	47	64	0	29876
128	55	64	0	29888
144	67	54	0	29913
128	67	64	0	30176
144	66	49	0	30182
144	59	51	0	30532
128	66	64	0	30533
128	59	64	0	30834
144	67	43	0	30851
128	67	64	0	31153
144	66	52	0	31162
144	55	49	0	31754
144	47	60	0	31763
144	49	68	0	31770
144	59	69	0	31773
128	66	64	0	31775
176	64	0	0	31812
176	64	127	0	31930
128	47	64	0	32329
128	55	64	0	32392
128	49	64	0	32397
128	59	64	0	32422
144	67	52	0	32431
144	64	53	0	32750
128	67	64	0	32756
128	64	64	0	33051
144	59	50	0	33075
144	67	37	0	33380
128	59	64	0	33536
128	67	64	0	33708
144	64	42	0	33736
144	55	59	0	34353
144	49	66	0	34356
144	47	61	0	34363
144	59	60	0	34376
176	64	0	0	34390
176	64	127	0	34541
128	49	64	0	34680
128	64	64	0	34701
128	47	64	0	34706
128	55	64	0	34717
128	59	64	0	34780
144	55	65	0	34997
144	52	72	0	35010
144	47	62	0	35013
144	64	60	0	35030
128	64	64	0	35337
144	59	56	0	35350
128	59	64	0	35661
144	71	59	0	35672
144	59	47	0	35982
128	71	64	0	36001
128	59	64	0	36238
144	64	35	0	36293
128	64	64	0	36619
144	67	46	0	36639
128	67	64	0	36986
144	66	48	0	36999
128	66	64	0	37183
128	47	64	0	37195
128	55	64	0	37204
128	52	64	0	37207
144	47	69	0	37572
144	52	58	0	37588
144	55	61	0	37591
144	64	56	0	37604
176	64	0	0	37631
176	64	127	0	37750
144	59	65	0	37928
128	64	64	0	37945
144	71	59	0	38209
128	59	64	0	38223
144	59	60	0	38485
128	71	64	0	38666
128	59	64	0	38805
144	64	53	0	38812
128	64	64	0	39138
144	67	50	0	39153
144	66	63	0	39550
128	67	64	0	39552
128	55	64	0	39631
128	47	64	0	39635
128	52	64	0	39646
128	66	64	0	39726
144	55	69	0	40159
144	62	66	0	40172
144	50	70	0	40175
144	47	54	0	40189
176	64	0	0	40211
176	64	127	0	40330
144	69	43	0	40531
128	62	64	0	40544
144	62	55	0	40829
128	69	64	0	40930
144	69	54	0	41159
128	62	64	0	41200
128	69	64	0	41481
144	66	48	0	41493
128	55	64	0	41684
128	47	64	0	41716
128	50	64	0	41724
128	66	64	0	41800
144	62	47	0	41827
144	71	72	0	42129
128	62	64	0	42155
144	47	58	0	42763
144	54	65	0	42774
144	50	70	0	42777
144	62	62	0	42781
128	71	64	0	42785
176	64	0	0	42789
176	64	127	0	42910
128	62	64	0	43114
144	67	35	0	43153
144	69	31	0	43165
128	69	64	0	43306
144	62	49	0	43493
128	67	64	0	43523
128	62	64	0	43836
144	67	40	0	43838
144	66	55	0	44184
128	67	64	0	44186
128	66	64	0	44498
144	62	47	0	44513
144	71	59	0	44909
128	62	64	0	44922
128	47	64	0	45037
128	71	64	0	45040
128	54	64	0	45042
128	50	64	0	45065
144	74	65	0	45548
144	50	64	0	45566
144	47	58	0	45570
144	57	55	0	45572
176	64	0	0	45641
176	64	127	0	45761
128	74	64	0	45901
144	62	47	0	45914
128	62	64	0	45994
144	74	41	0	46027
128	74	64	0	46183
144	62	62	0	46212
128	62	64	0	46511
144	74	63	0	46531
128	74	64	0	46667
144	63	76	0	46841
128	63	64	0	47021
144	62	55	0	47176
128	62	64	0	47296
144	63	54	0	47343
128	63	64	0	47427
144	62	59	0	47485
128	47	64	0	47858
128	50	64	0	47867
128	57	64	0	47884
144	57	60	0	48083
144	74	68	0	48094
176	64	0	0	48100
144	50	69	0	48106
144	47	65	0	48114
128	62	64	0	48118
176	64	127	0	48219
144	62	58	0	48416
128	74	64	0	48418
128	62	64	0	48529
144	74	63	0	48570
144	62	70	0	48727
128	74	64	0	48746
128	62	64	0	49007
144	74	70	0	49045
128	74	64	0	49199
144	63	85	0	49345
128	57	64	0	49542
128	50	64	0	49579
128	47	64	0	49598
128	63	64	0	49636
144	62	44	0	49680
128	62	64	0	49773
144	63	38	0	49849
128	63	64	0	49948
144	62	57	0	49997
128	62	64	0	50298
144	47	67	0	50559
144	57	66	0	50563
144	51	72	0	50565
144	74	78	0	50569
144	54	70	0	50572
176	64	0	0	50650
176	64	127	0	50739
144	62	56	0	50897
128	74	64	0	50902
128	62	64	0	51004
144	74	58	0	51043
128	74	64	0	51230
144	62	62	0	51238
128	62	64	0	51614
144	74	37	0	51757
128	74	64	0	51968
144	63	60	0	52087
128	63	64	0	52340
144	62	40	0	52397
128	62	64	0	52491
144	63	49	0	52550
128	63	64	0	52645
144	62	34	0	52747
128	51	64	0	52968
128	47	64	0	52981
128	54	64	0	52995
128	57	64	0	53000
128	62	64	0	53094
144	72	79	0	53307
144	57	65	0	53312
144	51	65	0	53317
144	54	67	0	53320
144	47	66	0	53323
176	64	0	0	53349
176	64	127	0	53469
128	72	64	0	53668
144	60	49	0	53670
128	60	64	0	53792
144	72	50	0	53804
128	72	64	0	53958
144	60	66	0	54000
144	72	63	0	54318
128	60	64	0	54355
128	72	64	0	54624
144	63	67	0	54640
128	63	64	0	54912
144	60	45	0	54931
128	60	64	0	55065
144	63	43	0	55141
128	63	64	0	55253
144	60	51	0	55292
128	51	64	0	55528
128	54	64	0	55541
128	47	64	0	55548
128	57	64	0	55551
128	60	64	0	55561
144	72	80	0	56061
144	51	71	0	56071
144	47	65	0	56074
144	54	72	0	56077
144	57	68	0	56081
176	64	0	0	56168
176	64	127	0	56258
144	66	60	0	56386
128	72	64	0	56400
128	66	64	0	56477
144	72	70	0	56568
128	72	64	0	56761
144	66	46	0	56768
128	66	64	0	57086
144	72	58	0	57118
128	72	64	0	57424
144	66	50	0	57444
128	66	64	0	57744
144	60	31	0	57798
128	60	64	0	57911
144	66	44	0	57944
128	66	64	0	58121
144	60	54	0	58134
128	51	64	0	58289
128	47	64	0	58304
128	54	64	0	58331
128	57	64	0	58332
144	72	79	0	58690
144	54	70	0	58698
144	47	72	0	58701
144	57	67	0	58705
144	51	71	0	58712
128	60	64	0	58741
176	64	0	0	58780
176	64	127	0	58839
144	60	60	0	59016
128	72	64	0	59026
144	72	63	0	59165
128	60	64	0	59173
144	60	72	0	59327
128	72	64	0	59343
144	72	76	0	59668
128	60	64	0	59731
144	66	76	0	60032
128	72	64	0	60089
144	60	60	0	60313
128	66	64	0	60315
128	60	64	0	60446
144	66	66	0	60496
144	60	65	0	60659
128	66	64	0	60664
128	57	64	0	60762
128	47	64	0	60789
128	51	64	0	60792
128	54	64	0	60794
128	60	64	0	60946
144	51	62	0	61315
144	69	64	0	61320
144	57	51	0	61323
144	54	61	0	61326
144	47	39	0	61347
128	69	64	0	61613
144	60	55	0	61637
128	60	64	0	61740
144	69	46	0	61784
128	69	64	0	61919
144	66	59	0	61947
128	47	64	0	62307
128	51	64	0	62313
128	66	64	0	62316
128	54	64	0	62322
128	57	64	0	62325
144	69	60	0	62570
144	57	40	0	62577
144	51	59	0	62580
144	54	58	0	62589
144	47	52	0	62591
128	69	64	0	62854
144	60	46	0	62909
144	69	58	0	63062
128	60	64	0	63070
128	69	64	0	63240
144	66	57	0	63263
128	51	64	0	63363
128	54	64	0	63370
128	47	64	0	63377
128	57	64	0	63393
128	66	64	0	63455
144	50	60	0	63850
144	69	59	0	63860
144	47	60	0	63865
144	57	46	0	63871
144	54	68	0	63873
128	69	64	0	64129
144	60	47	0	64173
128	60	64	0	64296
144	69	55	0	64323
128	69	64	0	64501
144	62	56	0	64520
128	47	64	0	64740
128	57	64	0	64767
128	54	64	0	64770
128	50	64	0	64772
128	62	64	0	64778
144	69	57	0	65131
144	50	49	0	65143
144	47	45	0	65146
144	57	51	0	65150
144	54	62	0	65155
128	69	64	0	65419
144	60	47	0	65469
128	60	64	0	65575
144	69	54	0	65603
144	62	54	0	65815
128	69	64	0	65816
128	57	64	0	65899
128	54	64	0	65901
128	50	64	0	65910
128	47	64	0	65912
128	62	64	0	65993
144	54	69	0	66389
144	47	64	0	66393
144	51	72	0	66396
144	57	56	0	66405
144	69	71	0	66413
128	69	64	0	66714
144	60	55	0	66739
144	69	55	0	66897
128	60	64	0	66922
144	66	67	0	67103
128	69	64	0	67148
128	47	64	0	67407
128	51	64	0	67434
128	54	64	0	67437
128	57	64	0	67455
128	66	64	0	67515
144	51	68	0	67701
144	54	65	0	67717
144	57	57	0	67721
144	66	83	0	67725
144	47	58	0	67730
128	66	64	0	68020
144	60	55	0	68049
144	66	63	0	68208
128	60	64	0	68221
128	66	64	0	68358
144	63	63	0	68393
128	47	64	0	68667
128	57	64	0	68692
128	51	64	0	68694
128	54	64	0	68708
128	63	64	0	68757
144	51	61	0	68985
144	57	45	0	68993
144	54	60	0	68999
144	47	51	0	69003
144	69	59	0	69007
128	69	64	0	69186
144	66	60	0	69190
144	63	47	0	69386
128	66	64	0	69398
128	63	64	0	69469
144	60	56	0	69518
128	60	64	0	69628
144	72	62	0	69691
144	69	52	0	69831
128	72	64	0	69859
144	66	61	0	69984
128	69	64	0	69990
128	47	64	0	70133
128	51	64	0	70153
128	54	64	0	70160
128	66	64	0	70166
144	63	58	0	70180
128	57	64	0	70182
128	63	64	0	70237
144	57	60	0	70313
144	51	66	0	70321
144	54	72	0	70325
144	47	51	0	70332
144	69	68	0	70335
144	66	70	0	70507
128	69	64	0	70520
144	63	66	0	70677
128	66	64	0	70685
144	60	62	0	70830
128	63	64	0	70837
128	60	64	0	70945
144	72	45	0	71034
144	74	38	0	71039
144	69	63	0	71107
128	74	64	0	71115
128	72	64	0	71127
144	66	68	0	71288
128	69	64	0	71306
144	63	74	0	71484
128	66	64	0	71493
128	63	64	0	71570
144	69	71	0	71633
144	66	74	0	71774
128	69	64	0	71785
144	63	64	0	71976
128	66	64	0	72014
128	63	64	0	72124
144	60	60	0	72133
128	60	64	0	72283
144	72	61	0	72315
144	69	52	0	72427
128	72	64	0	72448
128	69	64	0	72558
144	66	64	0	72566
128	66	64	0	72694
144	69	67	0	72727
128	69	64	0	72807
144	63	57	0	72883
128	63	64	0	72960
144	66	77	0	72991
128	66	64	0	73153
144	60	66	0	73189
128	60	64	0	73327
144	63	75	0	73349
128	51	64	0	73393
128	57	64	0	73395
128	54	64	0	73405
128	47	64	0	73407
128	63	64	0	73482
144	57	62	0	73544
144	60	78	0	73671
128	57	64	0	73672
128	60	64	0	73815
144	54	75	0	73848
144	57	59	0	73963
128	54	64	0	73966
128	57	64	0	74100
144	51	84	0	74130
128	51	64	0	74271
144	54	78	0	74280
128	54	64	0	74357
144	48	53	0	74456
144	47	62	0	74466
128	47	64	0	74530
128	48	64	0	74551
144	51	71	0	74609
128	51	64	0	74729
144	45	89	0	74792
128	45	64	0	75042
144	51	77	0	75144
144	48	87	0	75496
128	51	64	0	75499
144	51	72	0	75829
128	48	64	0	75840
128	51	64	0	76114
144	47	92	0	76168
176	64	0	0	76328
176	64	127	0	76508
144	35	84	0	76807
128	47	64	0	76849
128	35	64	0	77125
144	57	70	0	77486
144	54	61	0	77799
128	57	64	0	77872
128	54	64	0	78040
144	59	62	0	78121
128	59	64	0	78623
144	47	87	0	78774
128	47	64	0	78998
144	35	66	0	79404
144	36	83	0	79424
128	36	64	0	79541
128	35	64	0	79882
144	57	66	0	80132
128	57	64	0	80392
144	54	59	0	80438
128	54	64	0	80634
144	59	66	0	80780
144	47	82	0	81413
128	47	64	0	81564
144	35	86	0	82041
128	59	64	0	82067
128	35	64	0	82464
144	57	57	0	82760
128	57	64	0	82933
144	54	40	0	83032
128	54	64	0	83236
144	59	63	0	83404
128	59	64	0	83690
144	54	66	0	83747
128	54	64	0	83801
144	51	87	0	84104
128	51	64	0	84300
144	54	69	0	84423
128	54	64	0	84734
144	51	63	0	84746
128	51	64	0	85040
144	48	23	0	85104
128	48	64	0	85431
144	47	75	0	85442
144	51	59	0	85775
128	47	64	0	85800
144	48	51	0	86103
128	51	64	0	86105
128	48	64	0	86416
144	47	49	0	86455
128	47	64	0	86737
144	35	61	0	86773
144	42	65	0	86777
144	51	55	0	87088
128	42	64	0	87168
128	35	64	0	87202
128	51	64	0	87415
144	35	60	0	87420
144	42	49	0	87443
128	42	64	0	87767
144	47	66	0	87770
128	35	64	0	87778
128	47	64	0	87996
144	35	63	0	88081
144	42	60	0	88105
128	42	64	0	88344
128	35	64	0	88369
144	54	70	0	88400
128	54	64	0	88621
144	35	69	0	88689
144	42	63	0	88715
128	42	64	0	88925
128	35	64	0	88930
144	59	47	0	89067
144	57	45	0	89072
128	57	64	0	89174
128	59	64	0	89369
144	35	50	0	89375
144	47	54	0	89380
144	42	52	0	89383
144	59	59	0	89716
128	42	64	0	89735
128	47	64	0	89746
128	35	64	0	89750
144	35	54	0	90021
144	47	41	0	90036
144	42	51	0	90041
128	59	64	0	90064
144	59	55	0	90364
128	42	64	0	90407
128	47	64	0	90411
128	35	64	0	90421
144	35	61	0	90659
144	42	61	0	90673
144	47	47	0	90677
144	57	56	0	90692
128	59	64	0	90697
128	47	64	0	91007
128	57	64	0	91019
128	42	64	0	91030
144	59	53	0	91033
128	35	64	0	91041
128	59	64	0	91269
144	35	59	0	91312
144	47	48	0	91328
144	42	51	0	91333
144	57	57	0	91337
128	47	64	0	91635
128	35	64	0	91653
128	42	64	0	91656
128	57	64	0	91665
144	59	51	0	91675
144	35	59	0	91979
144	42	55	0	91990
144	47	52	0	91997
128	59	64	0	92036
144	63	62	0	92039
144	57	48	0	92315
128	63	64	0	92325
128	35	64	0	92387
128	42	64	0	92396
128	47	64	0	92403
144	59	60	0	92645
144	35	58	0	92650
144	47	49	0	92655
144	42	57	0	92657
128	57	64	0	92662
128	35	64	0	92995
128	47	64	0	93007
144	63	53	0	93010
128	59	64	0	93020
128	42	64	0	93032
144	35	65	0	93286
144	42	51	0	93291
144	47	55	0	93315
144	66	65	0	93345
128	63	64	0	93359
128	66	64	0	93586
144	57	57	0	93617
128	47	64	0	93649
128	35	64	0	93659
128	42	64	0	93672
144	59	64	0	93953
128	57	64	0	93957
144	35	53	0	93960
144	47	47	0	93970
144	42	55	0	93973
128	59	64	0	94272
144	63	54	0	94286
128	47	64	0	94335
128	35	64	0	94343
128	42	64	0	94374
144	35	76	0	94618
144	42	66	0	94633
144	47	67	0	94639
144	66	75	0	94645
128	63	64	0	94675
128	66	64	0	94939
144	57	53	0	94945
128	35	64	0	95014
128	47	64	0	95025
128	42	64	0	95056
144	42	55	0	95302
144	35	61	0	95305
144	47	54	0	95308
144	59	54	0	95317
128	57	64	0	95353
128	35	64	0	95602
128	47	64	0	95604
128	42	64	0	95624
144	63	49	0	95645
128	59	64	0	95649
144	35	59	0	95940
144	42	49	0	95965
144	47	42	0	95968
128	63	64	0	95977
144	66	60	0	95980
128	66	64	0	96207
144	59	51	0	96250
128	35	64	0	96277
128	47	64	0	96309
128	42	64	0	96321
144	66	50	0	96418
128	59	64	0	96441
144	35	60	0	96578
128	66	64	0	96585
144	42	54	0	96592
144	47	44	0	96598
144	63	51	0	96637
128	63	64	0	96891
144	66	49	0	96912
128	35	64	0	96964
128	47	64	0	96966
128	42	64	0	96983
128	66	64	0	97061
144	63	53	0	97083
128	63	64	0	97223
144	35	58	0	97230
144	42	47	0	97235
144	60	58	0	97248
144	47	42	0	97253
128	60	64	0	97553
144	63	53	0	97601
128	47	64	0	97612
128	35	64	0	97625
128	42	64	0	97639
128	63	64	0	97746
144	60	42	0	97755
144	35	58	0	97889
144	47	54	0	97896
128	60	64	0	97907
144	42	55	0	97909
144	59	57	0	97914
128	59	64	0	98250
128	47	64	0	98252
144	63	52	0	98257
128	35	64	0	98259
128	42	64	0	98276
128	63	64	0	98384
144	60	53	0	98388
144	35	61	0	98518
144	42	50	0	98530
144	47	47	0	98540
128	60	64	0	98548
144	57	62	0	98561
128	57	64	0	98858
144	63	62	0	98881
128	47	64	0	98910
128	35	64	0	98928
128	42	64	0	98940
144	60	48	0	99031
128	63	64	0	99047
144	35	66	0	99191
144	42	61	0	99197
144	47	61	0	99202
128	60	64	0	99206
144	59	58	0	99216
144	63	54	0	99531
128	59	64	0	99541
128	47	64	0	99581
128	42	64	0	99603
128	35	64	0	99608
144	60	51	0	99721
128	63	64	0	99728
144	35	62	0	99853
144	42	57	0	99860
144	47	50	0	99879
144	57	59	0	99900
128	60	64	0	99902
128	57	64	0	100203
144	63	56	0	100222
128	47	64	0	100245
128	35	64	0	100279
128	42	64	0	100282
128	63	64	0	100295
144	57	55	0	100355
144	35	68	0	100498
144	42	60	0	100510
144	47	58	0	100518
128	57	64	0	100521
144	54	59	0	100524
128	54	64	0	100859
144	63	53	0	100872
128	47	64	0	100881
128	35	64	0	100916
128	42	64	0	100917
128	63	64	0	100975
144	57	42	0	101048
144	35	66	0	101170
144	47	62	0	101176
144	42	63	0	101184
144	54	73	0	101206
128	57	64	0	101280
128	54	64	0	101514
144	63	60	0	101538
128	47	64	0	101604
128	35	64	0	101608
128	63	64	0	101626
128	42	64	0	101628
144	57	56	0	101693
144	35	74	0	101839
144	42	68	0	101850
144	47	69	0	101853
144	54	76	0	101890
128	57	64	0	101933
128	54	64	0	102148
128	47	64	0	102180
144	57	64	0	102186
128	35	64	0	102198
128	42	64	0	102202
144	54	51	0	102269
128	57	64	0	102293
128	54	64	0	102335
144	52	66	0	102381
128	52	64	0	102476
144	51	80	0	102498
144	35	60	0	102508
144	42	53	0	102524
144	47	49	0	102536
128	51	64	0	102785
144	54	61	0	102825
128	47	64	0	102863
128	35	64	0	102884
128	54	64	0	102892
128	42	64	0	102896
144	52	52	0	102929
144	51	66	0	103119
128	52	64	0	103120
144	35	57	0	103156
144	47	47	0	103166
144	42	53	0	103169
128	51	64	0	103435
144	54	51	0	103479
128	47	64	0	103563
128	35	64	0	103565
128	42	64	0	103585
128	54	64	0	103614
144	52	58	0	103642
144	35	59	0	103812
128	52	64	0	103815
144	51	63	0	103819
144	42	53	0	103827
144	47	42	0	103830
128	51	64	0	104129
144	52	62	0	104154
128	35	64	0	104169
128	47	64	0	104184
128	42	64	0	104208
128	52	64	0	104452
144	54	68	0	104468
144	35	60	0	104476
144	42	57	0	104479
144	47	57	0	104482
128	47	64	0	104774
128	35	64	0	104786
128	54	64	0	104797
128	42	64	0	104799
144	57	53	0	104807
144	54	66	0	105133
144	47	56	0	105137
128	57	64	0	105139
144	35	57	0	105144
144	42	56	0	105155
128	54	64	0	105424
128	47	64	0	105431
128	35	64	0	105451
128	42	64	0	105468
144	35	57	0	105772
144	42	50	0	105786
144	47	45	0	105793
128	47	64	0	106055
128	35	64	0	106082
144	54	60	0	106092
128	42	64	0	106107
128	54	64	0	106212
144	52	47	0	106238
128	52	64	0	106347
144	51	61	0	106394
144	35	55	0	106397
144	42	48	0	106405
144	47	42	0	106415
128	51	64	0	106723
144	52	60	0	106742
128	35	64	0	106756
128	47	64	0	106774
128	42	64	0	106792
128	52	64	0	107015
144	35	58	0	107045
144	42	51	0	107052
144	47	51	0	107055
144	54	62	0	107070
128	54	64	0	107328
128	47	64	0	107364
128	42	64	0	107375
128	35	64	0	107382
144	57	55	0	107387
128	57	64	0	107691
144	35	69	0	107694
144	42	63	0	107702
144	47	63	0	107705
144	54	67	0	107710
176	64	0	0	107825
176	64	127	0	108337
128	54	64	0	108447
128	47	64	0	108492
128	42	64	0	108495
128	35	64	0	108504
144	66	60	0	108727
128	66	64	0	108886
144	64	58	0	108903
128	64	64	0	109041
144	63	58	0	109068
128	63	64	0	109323
144	64	55	0	109349
128	64	64	0	109631
144	66	56	0	109658
128	66	64	0	109894
144	69	50	0	109942
128	69	64	0	110225
144	35	66	0	110259
144	66	59	0	110267
144	42	60	0	110270
144	47	58	0	110273
128	66	64	0	110319
144	69	57	0	110365
128	69	64	0	110430
144	66	44	0	110465
128	66	64	0	110532
144	69	47	0	110566
128	69	64	0	110634
144	66	44	0	110664
128	66	64	0	110738
128	35	64	0	110745
128	47	64	0	110750
144	69	30	0	110763
128	42	64	0	110774
128	69	64	0	110846
144	66	44	0	110859
128	66	64	0	110927
144	69	55	0	110942
144	35	69	0	110963
144	47	63	0	110968
144	42	58	0	110973
128	69	64	0	111021
144	66	52	0	111034
128	66	64	0	111115
144	69	54	0	111130
128	69	64	0	111202
144	66	44	0	111235
128	66	64	0	111307
144	69	50	0	111343
128	35	64	0	111358
128	47	64	0	111382
128	42	64	0	111402
128	69	64	0	111414
144	66	40	0	111425
128	66	64	0	111513
144	69	48	0	111537
128	69	64	0	111606
144	66	47	0	111629
144	35	69	0	111654
144	47	62	0	111670
144	42	64	0	111675
144	69	68	0	111690
128	66	64	0	111692
128	69	64	0	111782
144	66	58	0	111791
128	66	64	0	111875
144	69	59	0	111893
128	69	64	0	111960
144	66	48	0	111999
128	66	64	0	112066
128	35	64	0	112081
128	47	64	0	112083
144	69	46	0	112098
128	42	64	0	112106
128	69	64	0	112174
144	66	46	0	112179
128	66	64	0	112245
144	69	57	0	112270
144	35	72	0	112324
144	42	66	0	112330
144	47	66	0	112334
128	69	64	0	112354
144	66	58	0	112359
128	66	64	0	112448
144	69	63	0	112454
128	69	64	0	112523
144	66	52	0	112555
128	66	64	0	112632
144	69	56	0	112673
128	47	64	0	112686
128	35	64	0	112710
128	69	64	0	112731
128	42	64	0	112734
144	66	54	0	112745
128	66	64	0	112829
144	69	56	0	112872
144	35	68	0	112966
144	42	61	0	112972
144	66	73	0	112981
144	47	65	0	112986
128	69	64	0	112993
128	66	64	0	113034
144	67	63	0	113043
144	69	58	0	113138
128	67	64	0	113164
144	66	66	0	113258
128	69	64	0	113264
128	35	64	0	113272
128	47	64	0	113273
128	42	64	0	113296
128	66	64	0	113308
144	67	63	0	113314
144	69	62	0	113425
128	67	64	0	113428
144	66	75	0	113540
128	69	64	0	113549
144	67	70	0	113649
144	35	69	0	113655
144	42	63	0	113658
128	66	64	0	113662
144	47	65	0	113670
144	69	75	0	113765
128	67	64	0	113792
144	66	65	0	113888
128	69	64	0	113899
128	66	64	0	113960
144	67	63	0	113971
128	47	64	0	114015
128	35	64	0	114053
128	42	64	0	114067
144	69	73	0	114074
128	67	64	0	114088
144	66	63	0	114190
128	69	64	0	114200
128	66	64	0	114289
144	67	75	0	114299
144	42	70	0	114305
144	35	73	0	114308
144	47	70	0	114314
144	69	71	0	114375
128	67	64	0	114409
144	66	65	0	114501
128	69	64	0	114512
128	66	64	0	114587
128	47	64	0	114609
144	67	63	0	114617
128	35	64	0	114628
128	42	64	0	114667
144	69	52	0	114705
128	67	64	0	114726
144	66	58	0	114843
128	69	64	0	114845
128	66	64	0	114909
144	35	66	0	114933
144	67	44	0	114941
144	42	57	0	114946
144	47	57	0	114951
144	69	65	0	115024
128	67	64	0	115062
144	66	54	0	115173
128	69	64	0	115193
128	35	64	0	115215
128	47	64	0	115220
128	66	64	0	115236
128	42	64	0	115252
144	67	63	0	115267
144	69	69	0	115360
128	67	64	0	115387
144	66	67	0	115479
128	69	64	0	115514
128	66	64	0	115535
144	67	57	0	115569
144	35	58	0	115581
144	47	56	0	115587
144	42	65	0	115590
144	64	77	0	115651
128	67	64	0	115682
128	64	64	0	115799
144	66	81	0	115803
128	47	64	0	115833
128	35	64	0	115857
128	42	64	0	115862
128	66	64	0	115921
144	64	33	0	115941
144	66	37	0	116030
128	64	64	0	116088
128	66	64	0	116162
144	64	57	0	116189
144	35	64	0	116262
144	42	61	0	116271
128	64	64	0	116276
144	66	47	0	116280
144	47	47	0	116286
128	66	64	0	116341
144	64	62	0	116377
128	64	64	0	116489
144	66	52	0	116521
128	66	64	0	116569
144	64	58	0	116606
128	35	64	0	116629
128	47	64	0	116649
128	64	64	0	116682
144	66	40	0	116700
128	42	64	0	116702
128	66	64	0	116752
144	64	48	0	116799
144	66	64	0	116886
128	64	64	0	116919
144	42	61	0	116947
144	47	63	0	116953
144	35	62	0	116960
144	67	77	0	116989
128	66	64	0	116996
144	66	60	0	117104
128	67	64	0	117128
128	66	64	0	117210
128	35	64	0	117213
128	47	64	0	117218
144	67	68	0	117222
128	42	64	0	117246
128	67	64	0	117328
144	66	61	0	117343
128	66	64	0	117409
144	67	63	0	117461
128	67	64	0	117523
144	66	70	0	117563
144	42	67	0	117597
144	47	61	0	117603
144	35	61	0	117606
128	66	64	0	117621
144	67	69	0	117687
128	67	64	0	117745
128	47	64	0	117793
144	66	73	0	117796
128	42	64	0	117806
128	35	64	0	117830
128	66	64	0	117842
144	67	63	0	117918
144	66	79	0	118012
128	67	64	0	118050
144	64	72	0	118108
128	66	64	0	118111
144	35	64	0	118205
144	47	61	0	118208
144	42	66	0	118213
144	63	84	0	118221
128	64	64	0	118251
128	63	64	0	118492
128	35	64	0	118493
128	47	64	0	118523
128	42	64	0	118527
144	63	68	0	118569
128	63	64	0	118669
144	66	67	0	118676
128	66	64	0	118771
144	63	59	0	118782
144	35	62	0	118835
144	42	56	0	118838
144	47	54	0	118843
144	59	71	0	118888
144	60	72	0	118896
128	63	64	0	118898
128	60	64	0	119095
128	59	64	0	119110
144	59	63	0	119207
128	35	64	0	119238
128	47	64	0	119246
128	42	64	0	119261
144	63	73	0	119358
128	59	64	0	119383
128	63	64	0	119425
144	66	73	0	119444
144	47	79	0	119546
144	35	70	0	119549
144	42	76	0	119552
144	63	85	0	119557
128	66	64	0	119575
128	63	64	0	119809
128	42	64	0	119904
128	47	64	0	119906
128	35	64	0	119911
144	63	55	0	119920
128	63	64	0	119985
144	66	71	0	120029
128	66	64	0	120132
144	63	75	0	120153
144	60	90	0	120246
128	63	64	0	120248
144	35	71	0	120259
144	47	75	0	120264
144	42	67	0	120267
128	60	64	0	120456
144	60	64	0	120583
128	35	64	0	120666
128	47	64	0	120676
144	63	60	0	120701
128	60	64	0	120710
128	42	64	0	120726
128	63	64	0	120752
144	66	76	0	120763
144	63	58	0	120880
128	66	64	0	120885
144	42	57	0	120915
144	47	62	0	120917
144	35	66	0	120921
144	59	81	0	120943
128	63	64	0	121000
128	59	64	0	121104
144	59	64	0	121250
128	35	64	0	121327
128	47	64	0	121339
144	63	65	0	121358
128	59	64	0	121375
128	42	64	0	121381
128	63	64	0	121441
144	66	74	0	121468
128	66	64	0	121529
144	42	65	0	121573
144	60	87	0	121576
144	47	74	0	121579
144	35	66	0	121584
128	60	64	0	121813
144	60	60	0	121917
128	35	64	0	122012
128	47	64	0	122036
144	63	64	0	122046
128	60	64	0	122052
128	42	64	0	122090
144	66	67	0	122157
128	63	64	0	122169
128	66	64	0	122252
144	59	82	0	122268
144	35	69	0	122280
144	47	66	0	122285
144	42	64	0	122293
128	59	64	0	122453
144	59	65	0	122596
128	35	64	0	122640
128	47	64	0	122642
144	63	66	0	122680
128	42	64	0	122685
128	59	64	0	122731
144	66	67	0	122745
128	63	64	0	122816
144	67	68	0	122862
144	35	73	0	122872
144	69	59	0	122876
144	42	75	0	122882
144	47	72	0	122885
128	66	64	0	122887
128	69	64	0	122990
144	66	67	0	123023
128	67	64	0	123112
144	63	36	0	123137
128	47	64	0	123234
128	35	64	0	123259
128	66	64	0	123260
128	42	64	0	123280
128	63	64	0	123303
144	60	68	0	123367
144	63	53	0	123456
128	60	64	0	123493
144	66	71	0	123509
128	63	64	0	123557
144	67	79	0	123609
144	35	67	0	123615
144	42	69	0	123619
144	47	64	0	123626
128	66	64	0	123628
144	66	87	0	123698
144	63	70	0	123735
128	67	64	0	123770
128	66	64	0	123904
128	63	64	0	123963
128	47	64	0	123980
128	35	64	0	123985
128	42	64	0	124014
144	60	68	0	124025
144	63	54	0	124129
128	60	64	0	124165
144	66	78	0	124169
128	63	64	0	124201
128	66	64	0	124280
144	67	68	0	124286
144	42	60	0	124322
144	35	66	0	124325
144	47	55	0	124330
144	66	77	0	124359
144	63	72	0	124407
128	67	64	0	124434
128	66	64	0	124553
128	63	64	0	124634
144	60	69	0	124682
128	35	64	0	124711
128	47	64	0	124729
144	63	49	0	124742
128	42	64	0	124744
128	60	64	0	124789
144	66	71	0	124810
128	63	64	0	124862
144	67	68	0	124911
128	66	64	0	124924
144	66	70	0	125005
144	42	65	0	125010
144	35	67	0	125015
144	47	61	0	125021
128	67	64	0	125073
144	63	70	0	125077
128	66	64	0	125209
128	63	64	0	125290
144	60	69	0	125350
128	35	64	0	125394
128	47	64	0	125399
144	63	50	0	125405
128	42	64	0	125428
128	60	64	0	125455
144	66	79	0	125484
128	63	64	0	125527
144	67	67	0	125585
128	66	64	0	125599
144	42	57	0	125669
144	66	72	0	125674
144	35	60	0	125678
144	47	53	0	125687
128	67	64	0	125732
144	63	63	0	125788
128	66	64	0	125872
128	47	64	0	125984
128	63	64	0	125992
128	35	64	0	126009
128	42	64	0	126035
144	59	69	0	126040
144	63	53	0	126115
128	59	64	0	126171
144	66	70	0	126205
128	63	64	0	126240
128	66	64	0	126253
144	67	63	0	126312
144	42	61	0	126360
176	64	0	0	126365
144	35	62	0	126373
144	66	68	0	126377
144	47	57	0	126380
144	63	75	0	126422
176	64	127	0	126427
128	67	64	0	126431
128	63	64	0	126701
128	35	64	0	126742
128	66	64	0	126744
144	59	72	0	126750
128	47	64	0	126752
128	42	64	0	126767
144	63	61	0	126886
128	59	64	0	126893
128	63	64	0	126958
144	66	74	0	126977
144	42	60	0	127081
144	35	60	0	127084
144	47	55	0	127087
144	63	79	0	127121
128	66	64	0	127154
128	63	64	0	127419
144	59	57	0	127450
128	35	64	0	127483
128	47	64	0	127486
128	42	64	0	127503
128	59	64	0	127598
144	63	61	0	127601
128	63	64	0	127697
144	66	67	0	127706
144	42	65	0	127783
144	35	66	0	127790
144	47	61	0	127802
144	63	72	0	127805
128	66	64	0	127826
128	63	64	0	128093
144	59	60	0	128143
128	35	64	0	128148
128	47	64	0	128155
128	42	64	0	128180
128	59	64	0	128256
144	66	66	0	128345
144	63	60	0	128476
128	66	64	0	128479
144	42	54	0	128506
144	35	60	0	128510
144	47	53	0	128522
128	63	64	0	128753
144	59	52	0	128814
128	47	64	0	128862
128	35	64	0	128870
128	42	64	0	128879
128	59	64	0	128930
144	63	58	0	128945
128	63	64	0	129009
144	66	60	0	129029
128	66	64	0	129181
144	71	74	0	129185
144	35	64	0	129191
144	42	58	0	129195
144	47	61	0	129205
128	35	64	0	129702
128	47	64	0	129711
128	42	64	0	129732
128	71	64	0	129859
144	71	56	0	130150
128	71	64	0	130306
144	75	43	0	130334
128	75	64	0	130484
144	35	46	0	130490
144	42	51	0	130512
144	78	61	0	130524
144	47	18	0	130530
128	35	64	0	131398
128	78	64	0	131432
128	42	64	0	131446
128	47	64	0	131465
144	75	48	0	131567
144	78	52	0	131715
128	75	64	0	131728
144	42	57	0	131850
144	47	51	0	131860
144	35	42	0	131868
144	83	74	0	131907
128	78	64	0	131909
128	35	64	0	132158
128	42	64	0	132169
128	47	64	0	132214
128	83	64	0	133131
144	71	70	0	134059
144	59	47	0	134065
144	63	63	0	134069
176	64	0	0	134074
144	57	49	0	134082
128	57	64	0	134361
128	71	64	0	134370
144	67	57	0	134382
128	67	64	0	134518
144	71	57	0	134522
128	59	64	0	134526
128	63	64	0	134566
128	71	64	0	134693
144	67	68	0	134715
144	59	66	0	134720
144	63	68	0	134740
144	71	61	0	135071
128	67	64	0	135116
128	59	64	0	135271
128	63	64	0	135294
144	63	68	0	135393
144	59	73	0	135404
144	66	79	0	135408
128	71	64	0	135459
128	59	64	0	135869
128	63	64	0	135932
128	66	64	0	135974
144	59	84	0	136037
144	67	81	0	136048
144	64	82	0	136056
128	64	64	0	136476
128	59	64	0	136499
128	67	64	0	136504
144	66	68	0	136542
144	63	64	0	136556
128	66	64	0	136583
128	63	64	0	136603
144	66	69	0	136669
144	63	76	0	136678
144	59	66	0	136688
128	59	64	0	137146
128	63	64	0	137180
128	66	64	0	137234
144	59	80	0	137280
144	67	83	0	137289
144	64	81	0	137304
128	59	64	0	137656
128	67	64	0	137662
128	64	64	0	137671
144	66	87	0	137725
144	69	66	0	137743
144	59	64	0	137758
144	64	71	0	137763
128	69	64	0	137794
128	64	64	0	137831
128	66	64	0	137835
128	59	64	0	137846
144	59	62	0	137889
144	66	97	0	137894
144	69	78	0	137896
144	64	100	0	137900
128	66	64	0	138812
128	69	64	0	138819
144	66	72	0	138894
144	69	70	0	138897
128	59	64	0	139078
128	64	64	0	139091
128	66	64	0	139107
128	69	64	0	139123
144	64	87	0	139199
144	59	90	0	139208
144	71	94	0	139216
144	67	90	0	139221
176	64	127	0	139291
128	71	64	0	139464
128	67	64	0	139466
144	71	75	0	139539
144	67	69	0	139552
128	71	64	0	139623
128	67	64	0	139629
144	67	83	0	139705
144	71	74	0	139715
128	71	64	0	139774
128	67	64	0	139814
144	71	75	0	139871
144	67	89	0	139877
128	67	64	0	140054
128	71	64	0	140073
128	59	64	0	140099
128	64	64	0	140134
144	71	68	0	140173
144	67	80	0	140176
128	67	64	0	140352
128	71	64	0	140373
144	59	87	0	140466
144	64	89	0	140480
144	67	88	0	140490
176	64	0	0	140493
144	70	94	0	140500
176	64	127	0	140642
128	67	64	0	140711
128	70	64	0	140721
144	70	73	0	140795
144	67	63	0	140817
128	67	64	0	140876
128	70	64	0	140888
144	70	79	0	140956
144	67	74	0	140963
128	59	64	0	140965
128	64	64	0	140986
128	70	64	0	141037
128	67	64	0	141066
144	59	83	0	141113
144	64	84	0	141117
144	69	91	0	141136
144	66	78	0	141147
176	64	0	0	141153
144	65	83	0	141172
176	64	127	0	141242
128	66	64	0	141304
128	65	64	0	141312
128	69	64	0	141381
144	69	74	0	141465
144	66	87	0	141473
128	66	64	0	141527
128	69	64	0	141561
128	59	64	0	141572
128	64	64	0	141590
144	66	81	0	141613
144	69	83	0	141623
128	66	64	0	141704
128	69	64	0	141729
176	64	0	0	141753
144	59	92	0	141783
144	64	86	0	141797
144	67	88	0	141801
176	64	127	0	141872
128	64	64	0	142061
128	67	64	0	142080
144	64	72	0	142138
144	67	80	0	142149
128	67	64	0	142207
128	59	64	0	142215
128	64	64	0	142235
144	67	63	0	142292
144	64	65	0	142312
128	67	64	0	142346
128	64	64	0	142367
144	63	86	0	142443
144	59	92	0	142449
176	64	0	0	142474
144	66	68	0	142494
176	64	127	0	142562
128	63	64	0	142718
128	66	64	0	142720
144	66	71	0	142797
144	63	63	0	142808
128	66	64	0	142964
128	63	64	0	142998
128	59	64	0	143026
176	64	0	0	143072
144	60	77	0	143104
144	64	81	0	143106
176	64	127	0	143162
128	60	64	0	143305
128	64	64	0	143308
144	60	62	0	143403
144	64	58	0	143408
128	60	64	0	143511
128	64	64	0	143548
144	59	54	0	143737
144	63	69	0	143741
128	59	64	0	143844
128	63	64	0	143875
144	54	66	0	144343
144	47	77	0	144347
176	64	0	0	144511
176	64	127	0	144631
144	63	64	0	144691
128	47	64	0	144734
128	54	64	0	144766
144	59	44	0	144847
128	63	64	0	144849
144	54	64	0	144954
144	47	60	0	144958
128	59	64	0	144972
144	63	64	0	145285
128	47	64	0	145343
128	54	64	0	145370
144	59	47	0	145421
128	63	64	0	145437
176	64	0	0	145591
144	54	64	0	145599
144	47	58	0	145602
144	57	66	0	145625
128	59	64	0	145636
176	64	127	0	145682
144	63	58	0	145932
128	57	64	0	145955
128	47	64	0	146030
128	54	64	0	146036
144	59	53	0	146068
128	63	64	0	146070
144	54	78	0	146253
144	47	68	0	146261
144	57	69	0	146276
128	59	64	0	146278
128	57	64	0	146591
144	63	59	0	146595
128	54	64	0	146653
128	47	64	0	146660
128	63	64	0	146704
144	59	60	0	146722
176	64	0	0	146883
144	55	86	0	146892
144	47	75	0	146898
128	59	64	0	146946
144	57	60	0	146958
176	64	127	0	147090
144	63	58	0	147238
128	57	64	0	147249
144	59	58	0	147373
128	55	64	0	147381
128	63	64	0	147384
128	47	64	0	147412
128	59	64	0	147536
144	57	60	0	147543
144	55	70	0	147598
144	47	59	0	147615
144	63	51	0	147915
128	47	64	0	147918
128	55	64	0	147925
128	57	64	0	147937
128	63	64	0	147999
144	59	44	0	148063
176	64	0	0	148202
144	47	71	0	148234
144	54	79	0	148249
144	57	68	0	148254
128	59	64	0	148258
176	64	127	0	148291
128	47	64	0	148569
128	57	64	0	148570
144	63	49	0	148573
128	54	64	0	148576
128	63	64	0	148647
144	59	47	0	148692
128	59	64	0	148871
144	52	62	0	148897
144	47	65	0	148900
144	57	65	0	148908
128	52	64	0	149163
128	57	64	0	149166
128	47	64	0	149193
144	59	25	0	149253
128	59	64	0	149363
144	63	50	0	149394
128	63	64	0	149469
144	47	54	0	149543
176	64	0	0	149551
144	54	70	0	149559
144	59	62	0	149562
176	64	127	0	149642
128	59	64	0	149873
144	63	53	0	149887
128	47	64	0	149939
128	63	64	0	149954
128	54	64	0	149980
144	59	44	0	149988
128	59	64	0	150171
144	63	57	0	150185
144	47	58	0	150203
144	54	63	0	150207
128	63	64	0	150495
128	47	64	0	150497
144	59	58	0	150509
128	54	64	0	150543
128	59	64	0	150673
144	63	61	0	150679
128	63	64	0	150805
144	62	63	0	150808
144	52	58	0	150819
144	47	58	0	150827
144	54	71	0	150839
128	62	64	0	151147
144	59	58	0	151152
128	59	64	0	151277
128	47	64	0	151283
128	52	64	0	151286
128	54	64	0	151300
144	62	38	0	151303
128	62	64	0	151414
144	59	57	0	151453
144	52	57	0	151482
144	54	58	0	151514
144	47	42	0	151525
128	59	64	0	151781
128	47	64	0	151783
128	52	64	0	151803
144	62	42	0	151832
128	54	64	0	151840
128	62	64	0	151926
144	59	49	0	151950
144	54	55	0	152132
128	59	64	0	152147
144	62	58	0	152154
144	51	64	0	152159
144	47	44	0	152161
128	62	64	0	152467
144	59	53	0	152480
128	51	64	0	152546
128	47	64	0	152554
128	54	64	0	152567
128	59	64	0	152606
144	62	42	0	152656
144	54	50	0	152812
128	62	64	0	152814
144	63	61	0	152822
144	47	47	0	152833
144	51	57	0	152835
128	63	64	0	153105
144	59	53	0	153120
128	54	64	0	153151
128	47	64	0	153154
128	51	64	0	153156
128	59	64	0	153261
144	62	47	0	153274
128	62	64	0	153352
144	62	60	0	153447
144	54	64	0	153462
144	51	61	0	153465
144	47	41	0	153474
128	62	64	0	153770
144	59	55	0	153789
128	51	64	0	153807
128	47	64	0	153816
128	54	64	0	153819
128	59	64	0	153944
144	62	44	0	153956
144	54	62	0	154098
144	51	56	0	154105
128	62	64	0	154107
144	63	60	0	154113
144	47	48	0	154131
128	47	64	0	154385
144	59	49	0	154396
128	51	64	0	154398
128	63	64	0	154402
128	54	64	0	154419
128	59	64	0	154509
144	62	64	0	154525
128	62	64	0	154599
176	64	0	0	154686
144	50	54	0	154711
144	62	64	0	154734
144	54	70	0	154737
144	47	55	0	154746
176	64	127	0	154772
128	62	64	0	155022
144	59	53	0	155031
128	47	64	0	155153
128	50	64	0	155177
128	54	64	0	155180
128	59	64	0	155190
144	62	57	0	155197
128	62	64	0	155365
144	63	61	0	155393
144	50	53	0	155411
144	54	55	0	155420
144	47	46	0	155453
144	59	42	0	155685
128	63	64	0	155687
128	47	64	0	155769
128	54	64	0	155798
144	62	57	0	155804
128	50	64	0	155809
128	59	64	0	155832
128	62	64	0	155885
144	54	61	0	156018
144	50	68	0	156021
144	47	55	0	156025
144	62	59	0	156031
128	62	64	0	156323
144	59	58	0	156332
128	47	64	0	156347
128	54	64	0	156356
128	50	64	0	156359
144	62	51	0	156494
128	59	64	0	156498
128	62	64	0	156654
144	47	49	0	156665
144	50	44	0	156668
144	54	53	0	156676
144	63	61	0	156679
128	47	64	0	156886
128	50	64	0	156931
128	54	64	0	156956
144	59	32	0	156973
128	63	64	0	156984
144	62	59	0	157111
128	59	64	0	157120
128	62	64	0	157226
144	51	63	0	157304
144	62	58	0	157317
176	64	0	0	157322
144	48	63	0	157331
144	54	60	0	157334
176	64	127	0	157441
128	62	64	0	157624
144	59	52	0	157643
144	62	51	0	157810
128	59	64	0	157814
128	48	64	0	157876
128	51	64	0	157912
128	54	64	0	157922
128	62	64	0	157972
144	63	62	0	157980
144	51	59	0	158060
144	48	51	0	158065
144	54	49	0	158068
128	63	64	0	158289
144	59	51	0	158296
128	48	64	0	158364
128	51	64	0	158379
128	54	64	0	158396
144	63	52	0	158467
128	59	64	0	158469
128	63	64	0	158524
144	51	54	0	158632
144	63	51	0	158646
144	54	54	0	158651
144	48	55	0	158679
128	63	64	0	158950
144	59	58	0	158966
128	48	64	0	159060
128	54	64	0	159072
128	51	64	0	159074
144	63	50	0	159092
128	59	64	0	159121
128	63	64	0	159150
144	51	54	0	159302
144	48	52	0	159305
144	54	56	0	159310
144	63	59	0	159314
128	63	64	0	159554
128	48	64	0	159575
144	59	55	0	159598
128	51	64	0	159600
128	54	64	0	159609
128	59	64	0	159764
144	63	58	0	159778
144	48	51	0	159932
128	63	64	0	159937
144	51	57	0	159950
144	69	65	0	159956
144	54	53	0	159960
128	48	64	0	160086
128	54	64	0	160097
128	69	64	0	160099
128	51	64	0	160101
144	63	64	0	160120
128	63	64	0	160218
144	59	43	0	160294
128	59	64	0	160412
144	69	54	0	160437
128	69	64	0	160548
144	48	62	0	160582
144	63	68	0	160585
144	51	59	0	160605
144	54	56	0	160608
128	51	64	0	160686
128	48	64	0	160722
128	54	64	0	160734
128	63	64	0	160762
144	59	60	0	160794
144	69	61	0	160911
128	59	64	0	160937
144	63	58	0	161079
128	69	64	0	161081
144	51	67	0	161214
144	54	64	0	161222
128	63	64	0	161224
144	48	55	0	161227
144	59	72	0	161230
128	48	64	0	161300
128	54	64	0	161342
128	51	64	0	161344
144	69	59	0	161391
128	59	64	0	161398
144	63	62	0	161541
128	69	64	0	161544
128	63	64	0	161718
144	59	59	0	161739
144	51	62	0	161818
144	48	47	0	161840
144	54	50	0	161846
144	69	73	0	161894
128	59	64	0	161896
128	54	64	0	161904
128	48	64	0	161915
128	51	64	0	161918
128	69	64	0	162045
144	63	65	0	162062
128	63	64	0	162202
144	59	62	0	162209
144	69	68	0	162363
128	59	64	0	162389
144	57	70	0	162505
128	69	64	0	162507
144	47	66	0	162511
144	54	63	0	162521
144	59	84	0	162534
144	51	59	0	162551
144	69	76	0	162669
128	59	64	0	162682
128	47	64	0	162748
128	57	64	0	162768
128	54	64	0	162770
128	51	64	0	162780
128	69	64	0	162804
144	59	66	0	162825
144	69	59	0	162962
128	59	64	0	162977
128	69	64	0	163109
144	59	60	0	163149
144	51	48	0	163163
144	54	53	0	163175
144	57	33	0	163186
144	47	42	0	163202
144	69	52	0	163267
128	59	64	0	163273
128	54	64	0	163342
128	51	64	0	163368
128	47	64	0	163379
128	57	64	0	163403
128	69	64	0	163420
144	59	51	0	163458
128	59	64	0	163558
144	69	54	0	163584
128	69	64	0	163735
144	60	62	0	163767
144	51	41	0	163772
144	54	54	0	163780
144	57	41	0	163787
144	47	43	0	163798
128	60	64	0	163915
144	69	54	0	163919
128	51	64	0	164013
128	54	64	0	164015
128	57	64	0	164017
128	69	64	0	164031
128	47	64	0	164058
144	60	52	0	164065
128	60	64	0	164160
144	69	46	0	164199
128	69	64	0	164320
144	59	62	0	164375
144	51	54	0	164410
144	54	58	0	164413
144	57	42	0	164416
144	47	26	0	164438
128	59	64	0	164537
144	69	54	0	164547
128	69	64	0	164649
144	59	51	0	164686
128	54	64	0	164696
128	51	64	0	164698
128	47	64	0	164700
128	57	64	0	164720
144	69	61	0	164829
128	59	64	0	164830
128	69	64	0	164973
144	60	67	0	164991
144	51	58	0	165009
144	57	45	0	165014
144	47	49	0	165021
144	54	61	0	165024
144	69	59	0	165136
128	60	64	0	165145
128	69	64	0	165284
144	60	55	0	165293
128	47	64	0	165336
128	57	64	0	165346
128	54	64	0	165366
128	51	64	0	165382
144	69	53	0	165429
128	60	64	0	165452
128	69	64	0	165611
144	63	73	0	165633
144	51	55	0	165636
144	57	44	0	165647
144	54	61	0	165648
144	47	53	0	165657
128	63	64	0	165778
144	69	64	0	165781
144	63	51	0	165921
128	69	64	0	165932
128	47	64	0	165966
128	57	64	0	165981
128	54	64	0	165994
128	51	64	0	166001
128	63	64	0	166084
144	69	52	0	166091
144	57	64	0	166230
128	69	64	0	166237
144	51	60	0	166242
144	62	73	0	166246
144	54	65	0	166249
144	47	53	0	166257
144	69	58	0	166416
128	62	64	0	166418
144	62	57	0	166545
128	69	64	0	166557
128	47	64	0	166603
128	57	64	0	166621
128	51	64	0	166623
128	54	64	0	166629
128	62	64	0	166709
144	69	51	0	166727
128	69	64	0	166856
144	60	73	0	166889
144	51	52	0	166901
144	57	42	0	166904
144	54	59	0	166910
144	47	43	0	166929
128	60	64	0	167035
144	69	33	0	167075
128	69	64	0	167181
144	60	46	0	167198
128	54	64	0	167209
128	47	64	0	167216
128	51	64	0	167218
128	57	64	0	167234
128	60	64	0	167310
144	69	38	0	167327
128	69	64	0	167486
144	59	55	0	167531
144	57	51	0	167551
144	51	58	0	167555
144	47	51	0	167568
144	54	59	0	167577
128	59	64	0	167623
144	69	46	0	167635
144	59	57	0	167805
128	69	64	0	167818
128	47	64	0	167900
128	51	64	0	167945
128	54	64	0	167950
128	57	64	0	167952
144	69	58	0	167973
128	59	64	0	168006
144	47	56	0	168157
144	57	55	0	168163
144	51	64	0	168166
144	54	61	0	168169
144	63	74	0	168179
128	69	64	0	168197
144	66	76	0	168337
128	63	64	0	168342
128	57	64	0	168414
128	47	64	0	168428
128	51	64	0	168429
128	54	64	0	168440
144	63	58	0	168494
128	66	64	0	168497
144	66	53	0	168608
128	63	64	0	168624
144	54	55	0	168749
144	51	57	0	168754
144	57	55	0	168758
144	47	53	0	168763
128	66	64	0	168765
144	62	69	0	168768
144	66	58	0	168919
128	62	64	0	168926
128	66	64	0	169049
144	62	55	0	169066
128	47	64	0	169087
128	57	64	0	169110
128	54	64	0	169123
128	51	64	0	169125
144	66	53	0	169220
128	62	64	0	169225
128	66	64	0	169375
144	60	61	0	169396
144	57	42	0	169409
144	51	52	0	169413
144	54	56	0	169416
144	47	46	0	169432
128	60	64	0	169549
144	66	62	0	169557
128	66	64	0	169641
144	60	64	0	169705
128	47	64	0	169720
128	51	64	0	169757
128	57	64	0	169760
128	54	64	0	169762
144	66	56	0	169835
128	60	64	0	169844
128	66	64	0	169995
144	57	63	0	170004
144	51	62	0	170007
144	59	77	0	170012
144	54	66	0	170017
144	47	54	0	170021
144	66	80	0	170167
128	59	64	0	170196
128	66	64	0	170291
144	63	81	0	170297
128	47	64	0	170355
128	57	64	0	170357
128	54	64	0	170385
128	51	64	0	170387
128	63	64	0	170425
144	66	76	0	170440
128	66	64	0	170563
144	62	73	0	170575
144	57	53	0	170617
144	51	55	0	170620
144	54	63	0	170626
144	47	47	0	170635
144	66	80	0	170736
128	62	64	0	170742
128	47	64	0	170850
128	66	64	0	170866
128	57	64	0	170884
128	54	64	0	170886
128	51	64	0	170889
144	60	72	0	170895
144	66	55	0	171011
128	60	64	0	171022
128	66	64	0	171157
144	59	84	0	171190
144	54	66	0	171202
144	57	69	0	171205
144	51	66	0	171209
144	47	61	0	171213
176	64	0	0	171270
144	66	75	0	171339
176	64	127	0	171361
128	59	64	0	171378
128	66	64	0	171497
144	63	74	0	171501
128	47	64	0	171519
128	57	64	0	171522
128	54	64	0	171529
128	51	64	0	171545
144	66	48	0	171623
128	63	64	0	171629
128	66	64	0	171764
144	62	72	0	171783
144	57	62	0	171800
144	51	63	0	171804
144	54	66	0	171810
144	47	58	0	171821
144	66	66	0	171930
128	62	64	0	171933
128	51	64	0	172017
128	57	64	0	172028
128	47	64	0	172031
128	54	64	0	172034
128	66	64	0	172064
144	60	69	0	172093
144	66	68	0	172252
128	60	64	0	172254
144	59	88	0	172437
176	64	0	0	172446
144	57	69	0	172451
144	47	66	0	172455
144	51	70	0	172459
128	66	64	0	172461
144	54	71	0	172464
176	64	127	0	172532
144	69	79	0	172575
128	59	64	0	172610
128	57	64	0	172715
128	54	64	0	172724
128	47	64	0	172726
128	51	64	0	172728
144	63	77	0	172739
128	69	64	0	172762
144	69	54	0	172857
128	63	64	0	172872
128	69	64	0	173000
144	57	69	0	173009
144	51	62	0	173013
144	47	62	0	173020
144	54	64	0	173024
144	62	85	0	173027
144	69	65	0	173169
128	62	64	0	173177
128	47	64	0	173268
128	57	64	0	173276
128	54	64	0	173295
128	51	64	0	173297
128	69	64	0	173299
144	60	78	0	173324
128	60	64	0	173457
144	69	57	0	173468
128	69	64	0	173627
144	59	91	0	173643
144	57	77	0	173647
144	47	69	0	173650
144	51	68	0	173654
144	54	74	0	173657
144	69	79	0	173777
128	59	64	0	173811
128	47	64	0	173881
128	57	64	0	173893
128	51	64	0	173917
128	54	64	0	173922
128	69	64	0	173947
144	63	76	0	173956
144	69	68	0	174071
128	63	64	0	174084
128	69	64	0	174235
144	62	81	0	174238
144	57	63	0	174251
144	51	68	0	174254
144	54	69	0	174259
144	47	56	0	174262
144	69	58	0	174379
128	62	64	0	174394
128	47	64	0	174498
128	54	64	0	174512
128	69	64	0	174523
128	57	64	0	174525
128	51	64	0	174528
144	60	85	0	174549
144	69	39	0	174651
128	60	64	0	174679
144	47	72	0	174832
144	51	72	0	174835
144	57	72	0	174839
144	54	77	0	174843
144	62	89	0	174847
128	69	64	0	174853
144	69	46	0	175004
128	62	64	0	175030
144	63	74	0	175041
128	47	64	0	175128
128	57	64	0	175165
128	51	64	0	175181
128	69	64	0	175195
128	54	64	0	175198
144	65	70	0	175308
128	63	64	0	175315
144	66	75	0	175450
128	65	64	0	175469
144	51	55	0	175504
144	47	50	0	175519
144	54	61	0	175523
144	57	56	0	175528
128	66	64	0	175585
144	65	70	0	175593
144	63	75	0	175732
128	47	64	0	175735
128	65	64	0	175751
128	57	64	0	175769
128	51	64	0	175781
128	54	64	0	175787
128	63	64	0	175893
144	62	72	0	175918
144	63	71	0	176059
128	62	64	0	176062
144	51	61	0	176185
144	54	68	0	176193
144	47	64	0	176197
144	57	70	0	176202
128	63	64	0	176207
144	65	79	0	176214
144	66	74	0	176358
128	65	64	0	176375
128	66	64	0	176480
144	65	62	0	176490
128	57	64	0	176528
128	47	64	0	176532
128	54	64	0	176534
128	51	64	0	176549
144	66	38	0	176635
128	65	64	0	176656
128	66	64	0	176795
144	63	87	0	176812
144	51	64	0	176820
144	54	72	0	176828
144	57	68	0	176832
144	47	66	0	176836
128	47	64	0	177131
128	63	64	0	177139
128	54	64	0	177151
128	57	64	0	177153
128	51	64	0	177160
144	51	66	0	177442
144	57	65	0	177447
144	62	78	0	177450
144	54	66	0	177454
144	66	93	0	177458
144	47	62	0	177461
128	62	64	0	177550
128	66	64	0	177781
144	62	66	0	177784
128	47	64	0	177793
128	51	64	0	177811
128	54	64	0	177817
128	57	64	0	177819
144	66	30	0	177944
128	62	64	0	177948
128	66	64	0	178005
144	67	80	0	178081
144	63	78	0	178087
144	57	66	0	178093
144	51	66	0	178096
144	54	70	0	178099
144	47	61	0	178104
128	67	64	0	178315
128	63	64	0	178340
128	47	64	0	178393
144	63	72	0	178423
144	67	68	0	178430
128	57	64	0	178440
128	51	64	0	178444
128	54	64	0	178453
128	67	64	0	178503
128	63	64	0	178518
144	63	79	0	178588
144	67	76	0	178594
176	64	0	0	178650
144	51	64	0	178732
144	66	85	0	178736
144	54	63	0	178741
144	57	66	0	178744
144	47	64	0	178747
128	67	64	0	178751
144	62	84	0	178755
176	64	127	0	178770
128	63	64	0	178786
128	47	64	0	179167
128	51	64	0	179189
128	57	64	0	179191
128	54	64	0	179202
128	66	64	0	179331
128	62	64	0	179343
144	57	54	0	179385
144	54	53	0	179405
144	51	58	0	179414
144	47	48	0	179417
128	51	64	0	179576
128	54	64	0	179580
128	47	64	0	179604
128	57	64	0	179618
144	57	38	0	180039
144	75	58	0	180059
144	47	42	0	180063
144	51	47	0	180066
144	54	46	0	180069
128	75	64	0	180196
144	69	53	0	180225
128	51	64	0	180292
128	54	64	0	180298
128	47	64	0	180300
128	57	64	0	180324
128	69	64	0	180364
144	75	51	0	180382
128	75	64	0	180459
144	69	28	0	180536
128	69	64	0	180631
144	75	50	0	180668
144	57	32	0	180682
144	54	44	0	180718
144	51	33	0	180726
128	75	64	0	180751
144	47	20	0	180754
144	69	50	0	180826
128	47	64	0	180882
128	54	64	0	180945
128	51	64	0	180968
128	57	64	0	180970
128	69	64	0	180974
144	75	52	0	180979
144	71	67	0	181170
128	75	64	0	181206
144	57	41	0	181316
144	51	43	0	181321
144	47	44	0	181324
144	54	53	0	181328
128	71	64	0	181331
144	69	65	0	181363
128	51	64	0	181498
128	54	64	0	181501
144	75	60	0	181520
128	57	64	0	181525
128	69	64	0	181527
128	47	64	0	181529
128	75	64	0	181650
144	71	54	0	181660
144	69	61	0	181830
128	71	64	0	181831
144	57	33	0	181944
144	54	40	0	181961
128	69	64	0	181981
144	47	49	0	181986
144	51	25	0	181990
144	75	55	0	181993
144	71	54	0	182164
128	57	64	0	182178
128	75	64	0	182183
128	47	64	0	182198
128	51	64	0	182200
128	54	64	0	182204
144	69	65	0	182298
128	71	64	0	182308
128	69	64	0	182431
144	71	40	0	182436
144	75	61	0	182558
144	54	63	0	182569
144	57	60	0	182572
144	51	51	0	182578
128	71	64	0	182580
144	47	62	0	182585
144	78	69	0	182622
128	75	64	0	182643
128	54	64	0	182792
128	51	64	0	182797
128	57	64	0	182801
128	47	64	0	182809
128	78	64	0	182856
144	71	68	0	182912
144	75	64	0	183065
128	71	64	0	183093
128	75	64	0	183213
144	57	46	0	183226
144	79	82	0	183238
144	54	59	0	183241
144	51	54	0	183244
144	47	28	0	183285
144	45	22	0	183288
128	45	64	0	183384
128	47	64	0	183513
128	51	64	0	183530
128	54	64	0	183546
128	79	64	0	183550
144	71	72	0	183571
128	57	64	0	183574
144	75	50	0	183718
128	71	64	0	183750
144	57	59	0	183863
144	47	66	0	183869
144	54	62	0	183874
144	51	60	0	183878
144	78	84	0	183883
128	75	64	0	183909
128	51	64	0	184146
128	78	64	0	184149
128	47	64	0	184157
144	71	68	0	184160
128	57	64	0	184162
128	54	64	0	184164
144	75	66	0	184277
128	71	64	0	184302
144	78	82	0	184370
128	75	64	0	184403
128	78	64	0	184451
144	57	55	0	184476
144	54	63	0	184482
144	47	59	0	184484
144	51	53	0	184488
144	71	67	0	184492
144	76	86	0	184496
128	71	64	0	184535
144	79	85	0	184604
128	76	64	0	184653
128	51	64	0	184756
128	79	64	0	184762
128	47	64	0	184770
128	57	64	0	184781
128	54	64	0	184783
144	71	81	0	184786
144	76	76	0	184901
128	71	64	0	184925
144	79	88	0	184984
128	76	64	0	185017
144	71	74	0	185083
128	79	64	0	185091
144	47	64	0	185117
144	57	61	0	185125
144	51	70	0	185135
144	54	66	0	185139
144	75	80	0	185183
128	71	64	0	185241
144	78	82	0	185282
128	75	64	0	185308
128	78	64	0	185389
144	71	74	0	185392
128	57	64	0	185423
128	47	64	0	185432
128	51	64	0	185440
128	54	64	0	185445
144	75	60	0	185460
128	71	64	0	185507
144	78	75	0	185548
128	75	64	0	185576
144	71	68	0	185641
128	78	64	0	185668
144	54	56	0	185721
144	47	68	0	185724
144	57	61	0	185728
144	51	64	0	185733
144	76	79	0	185761
128	71	64	0	185794
144	79	79	0	185844
128	76	64	0	185878
144	71	78	0	185964
128	79	64	0	185972
128	51	64	0	186002
128	47	64	0	186005
128	57	64	0	186008
128	54	64	0	186011
144	76	61	0	186065
128	71	64	0	186103
144	79	74	0	186156
128	76	64	0	186214
144	71	76	0	186271
128	79	64	0	186298
144	57	58	0	186358
144	47	65	0	186372
144	51	68	0	186376
144	54	68	0	186380
144	78	84	0	186393
128	71	64	0	186457
144	81	85	0	186506
128	78	64	0	186538
144	71	74	0	186638
128	81	64	0	186660
144	78	26	0	186688
128	47	64	0	186798
128	57	64	0	186802
128	51	64	0	186816
128	54	64	0	186822
144	81	83	0	186828
128	71	64	0	186840
128	78	64	0	186873
144	71	80	0	186992
128	81	64	0	187015
144	57	71	0	187038
144	51	63	0	187041
144	54	70	0	187045
144	47	64	0	187050
144	76	79	0	187074
128	71	64	0	187148
144	79	61	0	187195
144	81	65	0	187200
128	76	64	0	187218
128	81	64	0	187270
128	79	64	0	187292
144	71	79	0	187313
144	76	61	0	187389
128	47	64	0	187451
128	71	64	0	187470
128	57	64	0	187484
144	79	82	0	187498
128	54	64	0	187510
128	51	64	0	187512
128	76	64	0	187548
144	71	65	0	187604
128	79	64	0	187662
144	75	84	0	187712
144	54	62	0	187736
144	57	64	0	187740
144	51	62	0	187747
144	47	61	0	187754
128	71	64	0	187772
144	78	79	0	187795
128	75	64	0	187845
128	78	64	0	187910
144	75	56	0	187958
144	78	61	0	187994
128	78	64	0	188044
144	71	76	0	188071
128	57	64	0	188085
128	51	64	0	188100
128	47	64	0	188106
128	75	64	0	188108
128	54	64	0	188110
144	78	77	0	188209
128	71	64	0	188210
144	75	81	0	188276
128	78	64	0	188326
144	54	59	0	188353
144	51	58	0	188366
144	57	51	0	188371
144	71	79	0	188374
144	47	49	0	188381
128	75	64	0	188385
144	76	74	0	188471
128	71	64	0	188502
144	73	77	0	188599
144	71	48	0	188608
128	76	64	0	188614
128	47	64	0	188630
128	51	64	0	188641
128	57	64	0	188658
128	54	64	0	188674
128	73	64	0	188707
128	71	64	0	188750
144	76	83	0	188765
144	73	82	0	188870
128	76	64	0	188874
144	71	59	0	188963
128	73	64	0	188990
144	47	64	0	189071
144	54	70	0	189076
144	75	90	0	189079
144	57	63	0	189082
144	51	66	0	189085
128	71	64	0	189097
144	71	67	0	189209
128	75	64	0	189215
128	51	64	0	189342
128	47	64	0	189347
144	75	74	0	189353
128	57	64	0	189360
128	71	64	0	189367
128	54	64	0	189377
144	72	77	0	189430
128	75	64	0	189467
144	71	74	0	189536
128	72	64	0	189550
144	75	79	0	189642
128	71	64	0	189672
144	51	64	0	189697
144	47	64	0	189703
144	54	66	0	189706
144	57	66	0	189709
144	72	68	0	189760
128	75	64	0	189778
144	71	71	0	189850
128	72	64	0	189892
128	47	64	0	189971
128	57	64	0	189999
128	51	64	0	190001
144	75	79	0	190008
128	54	64	0	190013
128	71	64	0	190015
144	72	74	0	190110
128	75	64	0	190152
144	69	75	0	190248
128	72	64	0	190251
144	47	66	0	190295
144	57	64	0	190300
144	54	66	0	190303
144	51	66	0	190306
144	72	63	0	190366
128	69	64	0	190417
144	75	76	0	190462
128	72	64	0	190484
128	47	64	0	190518
128	57	64	0	190532
128	51	64	0	190536
128	54	64	0	190554
144	72	68	0	190596
128	75	64	0	190630
128	72	64	0	190650
144	69	76	0	190653
128	69	64	0	190794
144	66	89	0	190798
144	47	59	0	190868
144	51	61	0	190880
144	54	64	0	190889
144	69	61	0	190901
144	57	65	0	190904
128	66	64	0	190907
128	47	64	0	191105
128	57	64	0	191108
128	51	64	0	191124
128	54	64	0	191129
144	66	79	0	191167
128	69	64	0	191209
144	63	74	0	191295
128	66	64	0	191310
144	69	65	0	191395
128	63	64	0	191413
144	66	80	0	191488
128	69	64	0	191544
144	63	66	0	191559
144	47	60	0	191567
144	54	64	0	191575
144	57	67	0	191578
144	51	62	0	191581
128	66	64	0	191598
144	60	82	0	191631
128	63	64	0	191667
144	63	58	0	191755
144	66	76	0	191794
128	57	64	0	191808
128	60	64	0	191814
128	54	64	0	191816
128	51	64	0	191818
128	47	64	0	191823
128	63	64	0	191826
128	66	64	0	191855
144	69	44	0	191900
144	66	84	0	192009
128	69	64	0	192068
144	63	64	0	192102
128	66	64	0	192147
144	60	81	0	192211
128	63	64	0	192213
144	47	64	0	192259
144	51	68	0	192263
144	54	68	0	192267
144	57	63	0	192272
144	63	57	0	192304
144	66	80	0	192345
128	60	64	0	192366
128	63	64	0	192411
144	69	68	0	192454
128	66	64	0	192457
128	47	64	0	192515
128	54	64	0	192517
128	51	64	0	192521
128	57	64	0	192529
144	66	50	0	192587
128	69	64	0	192652
144	63	76	0	192655
128	66	64	0	192704
144	60	71	0	192739
128	63	64	0	192760
144	66	88	0	192865
128	60	64	0	192868
176	64	0	0	192872
144	57	77	0	192881
144	51	66	0	192889
144	47	69	0	192895
144	54	67	0	192936
176	64	127	0	192959
144	62	86	0	192973
128	66	64	0	192992
144	66	54	0	193094
128	62	64	0	193103
128	57	64	0	193172
128	66	64	0	193183
128	47	64	0	193188
128	51	64	0	193194
128	54	64	0	193200
144	62	58	0	193203
144	66	59	0	193319
128	62	64	0	193322
128	66	64	0	193443
144	62	50	0	193460
144	51	62	0	193538
128	62	64	0	193544
144	66	49	0	193555
144	57	62	0	193559
144	54	59	0	193562
144	47	54	0	193586
128	66	64	0	193663
144	62	62	0	193689
128	54	64	0	193742
128	57	64	0	193771
128	47	64	0	193774
128	51	64	0	193776
128	62	64	0	193778
144	66	48	0	193787
128	66	64	0	193856
144	62	54	0	193905
128	62	64	0	193980
144	66	64	0	194010
128	66	64	0	194063
144	62	56	0	194138
128	62	64	0	194206
144	66	73	0	194221
144	51	51	0	194237
144	57	52	0	194253
144	54	56	0	194257
128	66	64	0	194276
144	47	35	0	194293
144	62	50	0	194336
128	54	64	0	194340
128	51	64	0	194396
128	47	64	0	194398
128	57	64	0	194408
128	62	64	0	194434
144	66	70	0	194457
128	66	64	0	194516
144	62	63	0	194569
144	66	60	0	194657
128	62	64	0	194660
128	66	64	0	194723
144	62	59	0	194785
144	66	64	0	194876
144	51	61	0	194879
128	62	64	0	194881
144	57	41	0	194904
144	54	61	0	194909
144	47	30	0	194937
128	66	64	0	194940
128	54	64	0	194971
144	62	57	0	194997
128	51	64	0	195009
128	47	64	0	195011
128	57	64	0	195013
144	66	70	0	195102
128	62	64	0	195105
128	66	64	0	195159
144	62	47	0	195211
128	62	64	0	195310
144	66	69	0	195325
128	66	64	0	195375
144	62	55	0	195450
128	62	64	0	195526
144	66	70	0	195535
144	57	38	0	195568
144	54	59	0	195571
144	50	62	0	195580
144	47	58	0	195591
176	64	0	0	195631
128	66	64	0	195643
144	62	57	0	195657
176	64	127	0	195719
144	66	52	0	195765
128	62	64	0	195787
128	66	64	0	195842
144	62	44	0	195887
128	47	64	0	195922
128	50	64	0	195933
128	54	64	0	195937
128	57	64	0	195958
144	66	54	0	195980
128	62	64	0	195984
128	66	64	0	196047
144	62	32	0	196115
144	66	61	0	196180
128	62	64	0	196188
144	51	64	0	196243
144	54	55	0	196257
144	57	33	0	196259
128	66	64	0	196279
144	63	70	0	196283
144	47	49	0	196286
128	63	64	0	196357
144	66	55	0	196414
128	66	64	0	196479
144	63	64	0	196527
128	63	64	0	196583
144	66	55	0	196636
128	51	64	0	196645
128	54	64	0	196667
128	47	64	0	196677
128	66	64	0	196685
128	57	64	0	196693
144	63	55	0	196728
128	63	64	0	196793
144	66	50	0	196834
128	66	64	0	196935
144	50	72	0	196945
144	62	70	0	196948
144	57	62	0	196954
144	47	69	0	196957
144	54	67	0	196964
176	64	0	0	196980
176	64	127	0	197008
144	66	48	0	197064
128	62	64	0	197075
128	66	64	0	197143
144	62	42	0	197189
128	54	64	0	197214
128	57	64	0	197231
128	50	64	0	197233
128	47	64	0	197241
128	62	64	0	197258
144	66	56	0	197287
128	66	64	0	197341
144	62	55	0	197369
144	66	66	0	197485
128	62	64	0	197500
176	64	0	0	197548
128	66	64	0	197579
144	63	80	0	197583
144	51	72	0	197595
144	57	58	0	197605
144	54	70	0	197609
144	47	61	0	197612
176	64	127	0	197638
128	63	64	0	197670
144	66	73	0	197692
128	66	64	0	197802
144	63	68	0	197807
128	63	64	0	197886
144	66	51	0	197913
128	51	64	0	197945
128	54	64	0	197947
128	57	64	0	197960
128	47	64	0	197963
128	66	64	0	197983
144	63	66	0	198027
128	63	64	0	198085
144	66	55	0	198117
128	66	64	0	198227
144	57	50	0	198231
144	60	77	0	198233
144	48	68	0	198247
144	54	62	0	198251
144	51	72	0	198270
128	51	64	0	198329
128	60	64	0	198356
144	66	57	0	198367
144	51	23	0	198382
128	66	64	0	198427
144	60	50	0	198460
128	60	64	0	198577
144	66	67	0	198582
128	66	64	0	198637
128	51	64	0	198639
128	54	64	0	198656
144	60	62	0	198674
128	48	64	0	198676
128	57	64	0	198690
144	66	67	0	198777
176	64	0	0	198782
128	60	64	0	198807
128	66	64	0	198895
144	51	74	0	198903
176	64	127	0	198905
144	63	81	0	198911
144	54	72	0	198919
144	57	41	0	198934
128	63	64	0	198997
144	66	67	0	199022
128	66	64	0	199102
144	63	70	0	199149
128	63	64	0	199197
144	66	70	0	199248
128	66	64	0	199301
144	63	71	0	199364
128	63	64	0	199417
144	66	76	0	199456
128	51	64	0	199458
128	57	64	0	199472
128	54	64	0	199478
128	66	64	0	199526
144	62	76	0	199583
176	64	0	0	199588
144	54	57	0	199598
144	57	74	0	199601
144	50	78	0	199607
176	64	127	0	199648
144	66	76	0	199675
128	62	64	0	199706
144	62	64	0	199785
128	66	64	0	199788
144	66	60	0	199875
128	62	64	0	199895
128	66	64	0	199978
144	62	61	0	199988
144	66	70	0	200082
128	62	64	0	200112
128	57	64	0	200129
128	54	64	0	200131
128	50	64	0	200133
176	64	0	0	200190
128	66	64	0	200210
144	63	84	0	200227
144	51	84	0	200235
144	57	68	0	200241
144	54	60	0	200244
176	64	127	0	200278
128	63	64	0	200292
144	66	67	0	200314
128	66	64	0	200412
144	63	72	0	200440
128	63	64	0	200489
144	66	66	0	200534
128	66	64	0	200643
144	63	73	0	200656
128	63	64	0	200742
144	66	66	0	200751
128	57	64	0	200764
128	54	64	0	200793
128	51	64	0	200807
128	66	64	0	200880
176	64	0	0	200909
144	57	90	0	200926
144	60	84	0	200931
144	48	79	0	200934
144	47	82	0	200937
144	54	81	0	200939
144	66	64	0	200991
176	64	127	0	200998
128	60	64	0	201039
144	60	77	0	201114
128	66	64	0	201116
128	47	64	0	201147
144	66	65	0	201210
128	60	64	0	201219
128	66	64	0	201329
144	60	72	0	201333
144	66	63	0	201428
128	60	64	0	201439
128	66	64	0	201498
128	57	64	0	201519
144	60	72	0	201522
128	48	64	0	201529
176	64	0	0	201538
128	54	64	0	201544
144	66	79	0	201604
144	54	71	0	201620
176	64	127	0	201630
144	51	85	0	201635
144	57	66	0	201637
128	60	64	0	201641
144	63	83	0	201702
128	66	64	0	201729
128	63	64	0	201800
144	66	66	0	201822
144	63	59	0	201925
128	66	64	0	201939
128	63	64	0	202015
144	66	65	0	202030
128	54	64	0	202102
128	57	64	0	202129
128	66	64	0	202144
144	63	72	0	202156
128	51	64	0	202161
128	63	64	0	202217
144	66	59	0	202250
144	57	71	0	202276
144	50	75	0	202281
144	54	63	0	202286
176	64	0	0	202292
128	66	64	0	202325
144	62	78	0	202346
176	64	127	0	202379
144	66	71	0	202427
128	62	64	0	202447
128	66	64	0	202529
144	62	60	0	202545
128	62	64	0	202633
144	66	50	0	202641
128	66	64	0	202733
144	62	63	0	202739
176	64	0	0	202827
144	66	67	0	202832
128	62	64	0	202861
128	54	64	0	202866
128	57	64	0	202868
128	50	64	0	202873
128	66	64	0	202933
144	51	79	0	202946
144	63	82	0	202949
176	64	127	0	202953
144	54	64	0	202960
144	57	62	0	202963
128	63	64	0	203009
144	66	66	0	203064
128	66	64	0	203131
144	63	77	0	203173
128	63	64	0	203227
128	51	64	0	203246
128	54	64	0	203254
144	66	77	0	203268
128	57	64	0	203277
144	63	74	0	203379
128	66	64	0	203381
144	66	60	0	203486
128	63	64	0	203506
144	47	87	0	203594
144	57	75	0	203597
144	54	70	0	203600
128	66	64	0	203605
176	64	0	0	203609
144	60	102	0	203616
144	48	58	0	203634
144	49	60	0	203654
128	49	64	0	203711
144	66	67	0	203722
176	64	127	0	203727
128	60	64	0	203776
144	60	78	0	203862
128	66	64	0	203868
144	66	70	0	203958
128	60	64	0	203998
128	48	64	0	204054
144	60	74	0	204079
128	66	64	0	204089
128	47	64	0	204099
128	54	64	0	204134
128	57	64	0	204156
144	66	73	0	204173
176	64	0	0	204178
128	60	64	0	204217
176	64	127	0	204238
144	51	65	0	204244
144	54	60	0	204250
144	57	54	0	204265
144	63	75	0	204303
128	66	64	0	204307
128	63	64	0	204379
144	66	60	0	204424
128	66	64	0	204528
144	63	74	0	204548
128	54	64	0	204560
128	63	64	0	204600
128	51	64	0	204609
128	57	64	0	204621
144	66	61	0	204656
128	66	64	0	204734
144	63	70	0	204766
128	63	64	0	204822
144	66	67	0	204862
144	50	74	0	204892
144	57	72	0	204899
144	54	66	0	204920
176	64	0	0	204929
128	66	64	0	204934
144	62	75	0	204937
176	64	127	0	205016
144	66	66	0	205041
128	62	64	0	205051
128	66	64	0	205131
144	62	60	0	205135
128	54	64	0	205232
128	62	64	0	205245
144	66	61	0	205263
128	57	64	0	205342
128	50	64	0	205366
128	66	64	0	205376
144	62	60	0	205385
128	62	64	0	205471
144	66	53	0	205479
144	57	73	0	205539
144	50	68	0	205549
128	66	64	0	205584
144	62	61	0	205591
144	54	54	0	205595
128	54	64	0	205663
128	62	64	0	205671
144	66	52	0	205680
128	50	64	0	205716
128	57	64	0	205733
128	66	64	0	205750
144	62	55	0	205785
128	62	64	0	205868
144	66	55	0	205907
128	66	64	0	205956
144	62	59	0	205983
128	62	64	0	206085
144	66	48	0	206100
128	66	64	0	206162
144	54	64	0	206202
144	57	64	0	206205
144	62	63	0	206208
144	50	58	0	206218
144	66	70	0	206324
128	62	64	0	206326
128	54	64	0	206327
128	57	64	0	206372
128	50	64	0	206374
128	66	64	0	206377
144	62	52	0	206420
144	66	71	0	206528
128	62	64	0	206538
128	66	64	0	206610
144	62	61	0	206622
144	66	55	0	206753
128	62	64	0	206760
128	66	64	0	206829
144	54	68	0	206832
144	57	40	0	206838
144	50	47	0	206841
144	62	57	0	206852
128	62	64	0	206972
144	66	61	0	206975
128	54	64	0	207006
128	57	64	0	207009
128	50	64	0	207021
128	66	64	0	207037
144	62	44	0	207093
128	62	64	0	207172
144	66	62	0	207204
128	66	64	0	207257
144	62	51	0	207298
128	62	64	0	207415
144	66	46	0	207437
128	66	64	0	207497
144	59	61	0	207504
144	54	58	0	207509
144	71	52	0	207521
144	50	40	0	207532
144	62	53	0	207551
128	71	64	0	207585
144	71	52	0	207680
128	62	64	0	207696
128	59	64	0	207752
128	71	64	0	207761
128	50	64	0	207776
144	62	65	0	207780
128	54	64	0	207805
144	71	48	0	207878
128	62	64	0	207895
128	71	64	0	207974
144	62	52	0	207992
128	62	64	0	208099
144	71	53	0	208110
144	50	60	0	208117
144	59	53	0	208121
144	54	61	0	208127
128	71	64	0	208182
144	62	61	0	208186
128	62	64	0	208316
144	71	59	0	208322
128	50	64	0	208327
128	59	64	0	208350
128	54	64	0	208378
128	71	64	0	208386
144	62	59	0	208404
128	62	64	0	208520
144	71	68	0	208522
144	62	59	0	208601
128	71	64	0	208606
144	59	58	0	208724
144	50	56	0	208730
144	54	67	0	208740
128	62	64	0	208753
144	69	61	0	208763
144	62	54	0	208821
128	69	64	0	208826
128	59	64	0	208933
144	69	61	0	208938
128	62	64	0	208940
128	50	64	0	208942
128	54	64	0	208962
128	69	64	0	209013
144	62	49	0	209038
128	62	64	0	209139
144	69	54	0	209144
128	69	64	0	209202
144	62	59	0	209246
144	69	68	0	209352
144	59	51	0	209367
128	62	64	0	209369
144	54	66	0	209372
144	50	55	0	209381
128	69	64	0	209431
144	62	58	0	209470
128	54	64	0	209558
144	69	68	0	209586
128	50	64	0	209588
128	62	64	0	209590
128	59	64	0	209594
128	69	64	0	209657
144	62	51	0	209682
144	69	54	0	209771
128	62	64	0	209790
144	62	61	0	209914
128	69	64	0	209928
176	64	0	0	209998
144	59	55	0	210002
144	55	65	0	210013
144	50	33	0	210016
144	67	71	0	210036
128	62	64	0	210067
176	64	127	0	210086
128	67	64	0	210125
144	62	58	0	210156
128	62	64	0	210253
144	67	58	0	210256
128	59	64	0	210312
128	67	64	0	210334
128	50	64	0	210337
144	62	55	0	210352
128	55	64	0	210362
128	62	64	0	210468
144	67	63	0	210471
144	62	58	0	210555
128	67	64	0	210557
144	59	62	0	210647
144	69	70	0	210656
176	64	0	0	210662
144	54	68	0	210668
144	50	51	0	210676
128	62	64	0	210704
176	64	127	0	210718
144	66	71	0	210725
128	69	64	0	210770
128	66	64	0	210850
144	69	47	0	210868
144	62	73	0	210871
128	54	64	0	210922
128	59	64	0	210932
128	69	64	0	210939
128	50	64	0	210946
144	69	52	0	211027
144	66	77	0	211031
128	62	64	0	211034
128	69	64	0	211095
128	66	64	0	211120
144	62	69	0	211162
144	69	39	0	211237
144	59	63	0	211264
128	62	64	0	211274
144	50	40	0	211292
144	55	66	0	211297
176	64	0	0	211317
144	67	75	0	211359
128	69	64	0	211385
144	62	50	0	211402
176	64	127	0	211410
128	67	64	0	211446
128	50	64	0	211534
128	59	64	0	211538
128	62	64	0	211544
144	67	68	0	211550
128	55	64	0	211580
128	67	64	0	211626
144	62	49	0	211658
144	67	57	0	211745
128	62	64	0	211758
128	67	64	0	211842
144	62	62	0	211852
144	59	58	0	211913
144	55	69	0	211926
144	50	55	0	211928
144	71	75	0	211955
128	62	64	0	211984
128	71	64	0	212064
144	62	64	0	212067
144	71	63	0	212156
128	62	64	0	212185
144	62	61	0	212269
128	71	64	0	212272
128	59	64	0	212277
128	55	64	0	212345
128	50	64	0	212347
144	71	57	0	212355
128	62	64	0	212370
144	62	65	0	212451
128	71	64	0	212478
128	62	64	0	212588
144	59	64	0	212593
144	50	49	0	212597
144	54	69	0	212601
144	69	73	0	212605
176	64	0	0	212637
144	62	62	0	212675
128	69	64	0	212681
176	64	127	0	212729
144	69	59	0	212789
128	62	64	0	212810
128	69	64	0	212862
144	62	33	0	212923
128	59	64	0	212946
128	54	64	0	212951
128	50	64	0	212954
128	62	64	0	212975
144	69	68	0	213008
128	69	64	0	213061
144	62	54	0	213112
128	62	64	0	213175
144	69	63	0	213209
128	69	64	0	213266
144	59	55	0	213279
144	54	53	0	213282
144	50	51	0	213286
144	62	66	0	213304
128	62	64	0	213387
144	69	74	0	213426
128	69	64	0	213484
128	59	64	0	213497
128	50	64	0	213498
144	62	70	0	213522
128	54	64	0	213533
128	62	64	0	213607
144	69	77	0	213633
128	69	64	0	213714
144	62	75	0	213732
128	62	64	0	213845
144	71	88	0	213855
144	59	57	0	213860
144	50	66	0	213864
144	54	68	0	213868
144	62	59	0	213944
128	71	64	0	213956
144	71	62	0	214056
128	62	64	0	214077
128	50	64	0	214134
128	54	64	0	214140
144	62	56	0	214170
128	59	64	0	214172
128	71	64	0	214178
144	71	55	0	214272
128	62	64	0	214298
128	71	64	0	214383
144	62	57	0	214396
144	50	60	0	214470
144	59	56	0	214475
144	54	69	0	214486
128	62	64	0	214494
144	71	62	0	214498
128	71	64	0	214584
144	62	59	0	214613
144	71	62	0	214715
128	54	64	0	214719
128	50	64	0	214721
128	62	64	0	214722
128	59	64	0	214739
128	71	64	0	214798
144	62	58	0	214825
144	71	69	0	214924
128	62	64	0	214958
128	71	64	0	215043
176	64	0	0	215100
144	50	72	0	215106
144	59	65	0	215111
144	54	69	0	215117
176	64	127	0	215126
144	63	85	0	215146
144	73	49	0	215230
128	63	64	0	215242
128	73	64	0	215321
144	63	64	0	215355
128	54	64	0	215390
128	59	64	0	215397
128	50	64	0	215402
128	63	64	0	215442
144	73	56	0	215472
128	73	64	0	215527
144	63	60	0	215547
128	63	64	0	215660
144	73	64	0	215681
128	73	64	0	215736
144	50	65	0	215762
144	63	58	0	215765
144	59	54	0	215770
144	54	62	0	215777
128	63	64	0	215880
144	73	78	0	215903
128	73	64	0	215944
144	63	61	0	215974
128	50	64	0	216004
128	59	64	0	216009
128	54	64	0	216059
128	63	64	0	216093
144	73	85	0	216098
128	73	64	0	216160
144	63	74	0	216187
144	73	81	0	216288
128	63	64	0	216324
144	50	71	0	216379
144	54	63	0	216383
144	74	38	0	216392
144	59	70	0	216398
128	73	64	0	216401
128	74	64	0	216459
144	62	62	0	216476
144	64	62	0	216495
128	64	64	0	216554
144	74	64	0	216564
128	62	64	0	216588
128	74	64	0	216663
144	62	69	0	216679
128	59	64	0	216682
128	50	64	0	216683
128	54	64	0	216732
128	62	64	0	216773
144	74	74	0	216777
128	74	64	0	216869
144	62	66	0	216888
128	62	64	0	216971
144	74	70	0	216979
128	74	64	0	217076
144	62	66	0	217082
144	59	59	0	217116
144	50	56	0	217134
144	54	69	0	217147
128	62	64	0	217184
144	74	71	0	217196
144	62	66	0	217288
128	74	64	0	217302
128	62	64	0	217385
128	54	64	0	217388
144	74	77	0	217391
128	50	64	0	217402
128	59	64	0	217431
144	62	68	0	217490
128	74	64	0	217492
144	74	79	0	217571
128	62	64	0	217586
128	74	64	0	217687
144	50	68	0	217711
144	54	66	0	217715
144	59	71	0	217718
144	64	87	0	217725
144	76	81	0	217812
128	64	64	0	217844
128	76	64	0	217922
144	64	72	0	217931
144	76	79	0	218018
128	64	64	0	218041
128	59	64	0	218043
128	50	64	0	218045
128	54	64	0	218105
128	76	64	0	218134
144	59	80	0	218313
144	54	79	0	218317
144	50	69	0	218321
144	66	80	0	218339
128	66	64	0	218445
144	78	82	0	218503
128	78	64	0	218605
144	66	70	0	218634
128	59	64	0	218654
128	50	64	0	218665
128	54	64	0	218703
144	78	73	0	218721
128	66	64	0	218729
144	66	74	0	218811
128	78	64	0	218822
144	78	61	0	218905
128	66	64	0	218923
144	50	72	0	218933
144	54	71	0	218936
144	59	66	0	218943
128	78	64	0	218946
144	79	48	0	218969
144	77	52	0	218988
144	67	63	0	219002
128	79	64	0	219046
128	77	64	0	219053
144	79	74	0	219134
128	67	64	0	219148
128	59	64	0	219220
128	79	64	0	219244
144	67	63	0	219247
128	50	64	0	219326
144	79	83	0	219341
128	54	64	0	219344
128	67	64	0	219350
128	79	64	0	219446
144	67	50	0	219452
128	67	64	0	219511
144	59	77	0	219571
144	50	71	0	219577
144	54	74	0	219580
144	78	78	0	219584
144	66	80	0	219637
128	78	64	0	219639
128	66	64	0	219737
144	78	78	0	219780
128	78	64	0	219824
144	66	40	0	219877
144	78	75	0	219963
128	50	64	0	219995
128	66	64	0	220000
128	59	64	0	220021
128	54	64	0	220048
128	78	64	0	220075
144	64	77	0	220191
144	59	68	0	220209
144	54	68	0	220215
144	50	56	0	220218
144	76	79	0	220278
128	64	64	0	220305
128	76	64	0	220397
144	64	69	0	220407
144	76	74	0	220513
128	64	64	0	220517
144	64	80	0	220597
128	76	64	0	220609
128	50	64	0	220658
128	59	64	0	220668
128	54	64	0	220684
128	64	64	0	220698
144	50	73	0	220815
144	54	56	0	220819
144	59	65	0	220824
144	62	75	0	220840
144	74	76	0	220955
128	62	64	0	220980
128	74	64	0	221084
144	62	64	0	221096
128	50	64	0	221134
128	59	64	0	221138
128	54	64	0	221169
128	62	64	0	221182
144	74	65	0	221185
128	74	64	0	221290
144	62	56	0	221296
128	62	64	0	221373
144	74	65	0	221390
144	50	66	0	221433
144	59	66	0	221443
144	54	66	0	221445
128	74	64	0	221493
144	62	74	0	221513
128	62	64	0	221590
144	74	71	0	221625
128	74	64	0	221715
144	62	65	0	221735
128	62	64	0	221808
128	50	64	0	221811
144	74	68	0	221821
128	59	64	0	221835
128	54	64	0	221864
128	74	64	0	221935
144	62	62	0	221946
128	62	64	0	222006
144	74	59	0	222028
144	59	43	0	222104
128	74	64	0	222128
144	50	44	0	222132
144	54	43	0	222143
144	62	40	0	222165
128	62	64	0	222228
144	74	60	0	222245
128	74	64	0	222331
144	62	49	0	222358
128	50	64	0	222429
144	74	63	0	222441
128	59	64	0	222451
128	62	64	0	222459
128	54	64	0	222491
128	74	64	0	222576
144	64	75	0	222645
144	54	62	0	222669
144	59	55	0	222678
144	50	58	0	222681
144	76	71	0	222717
128	64	64	0	222758
128	76	64	0	222839
144	64	64	0	222860
128	64	64	0	222953
144	76	64	0	222970
128	50	64	0	223018
128	76	64	0	223028
144	64	72	0	223045
128	59	64	0	223049
128	54	64	0	223073
144	76	65	0	223116
128	64	64	0	223147
128	76	64	0	223218
144	50	64	0	223266
144	54	69	0	223269
144	59	64	0	223273
144	69	74	0	223299
144	81	71	0	223380
128	69	64	0	223412
128	81	64	0	223495
144	69	61	0	223506
128	69	64	0	223569
144	81	69	0	223595
144	69	74	0	223689
128	50	64	0	223691
128	59	64	0	223693
128	81	64	0	223702
128	54	64	0	223728
128	69	64	0	223759
144	50	66	0	223862
144	54	62	0	223880
144	59	58	0	223889
144	73	76	0	223918
144	85	59	0	223993
128	73	64	0	224023
128	85	64	0	224094
144	73	49	0	224113
128	73	64	0	224177
144	85	54	0	224206
128	85	64	0	224275
144	73	69	0	224282
128	59	64	0	224347
128	50	64	0	224374
128	73	64	0	224378
128	54	64	0	224391
144	85	66	0	224408
128	85	64	0	224445
144	50	53	0	224516
144	54	45	0	224519
144	59	62	0	224522
144	74	63	0	224569
144	86	83	0	224678
128	74	64	0	224701
128	86	64	0	224791
144	74	63	0	224806
144	86	77	0	224897
128	74	64	0	224974
128	50	64	0	224996
128	54	64	0	224999
128	86	64	0	225000
128	59	64	0	225004
144	69	86	0	225134
144	59	62	0	225153
144	50	54	0	225156
144	54	54	0	225164
144	81	74	0	225254
128	69	64	0	225261
144	69	64	0	225355
128	81	64	0	225357
144	81	74	0	225455
128	69	64	0	225457
144	69	59	0	225529
128	50	64	0	225546
128	81	64	0	225548
128	59	64	0	225579
128	54	64	0	225597
128	69	64	0	225643
144	50	71	0	225753
144	59	72	0	225764
144	54	75	0	225774
144	66	85	0	225788
128	66	64	0	225910
144	78	73	0	225915
128	78	64	0	225979
144	66	54	0	226018
128	66	64	0	226084
128	50	64	0	226110
144	78	67	0	226131
128	54	64	0	226147
128	59	64	0	226159
128	78	64	0	226189
144	66	67	0	226230
128	66	64	0	226285
144	78	68	0	226343
128	78	64	0	226400
144	66	60	0	226440
144	50	39	0	226456
144	59	24	0	226459
144	54	59	0	226463
128	66	64	0	226499
144	78	70	0	226555
128	78	64	0	226607
144	66	58	0	226672
128	66	64	0	226721
144	78	75	0	226770
128	50	64	0	226772
128	54	64	0	226797
128	59	64	0	226805
128	78	64	0	226833
144	66	54	0	226890
128	66	64	0	226943
144	78	79	0	226986
128	78	64	0	227044
144	66	53	0	227115
144	59	42	0	227155
144	50	49	0	227158
128	66	64	0	227165
144	54	59	0	227183
144	78	75	0	227200
128	78	64	0	227243
144	66	34	0	227311
144	78	64	0	227370
128	66	64	0	227381
128	50	64	0	227405
128	78	64	0	227423
128	59	64	0	227448
128	54	64	0	227485
144	74	49	0	227636
144	54	64	0	227721
144	59	75	0	227725
128	74	64	0	227728
144	62	74	0	227731
144	50	69	0	227734
128	62	64	0	227835
144	74	56	0	227846
128	74	64	0	227926
144	62	57	0	227934
128	62	64	0	228003
144	74	62	0	228033
128	50	64	0	228074
128	59	64	0	228110
144	62	57	0	228122
128	74	64	0	228125
128	54	64	0	228140
128	62	64	0	228183
144	59	63	0	228306
144	50	54	0	228316
144	54	63	0	228319
144	64	85	0	228323
128	64	64	0	228423
144	76	74	0	228443
128	76	64	0	228515
144	64	64	0	228548
128	64	64	0	228607
144	76	71	0	228639
128	76	64	0	228699
144	64	69	0	228713
128	50	64	0	228749
128	59	64	0	228759
128	54	64	0	228801
128	64	64	0	228829
144	50	65	0	228926
144	59	64	0	228939
144	54	53	0	228941
144	62	77	0	228957
144	74	61	0	229091
128	62	64	0	229106
128	74	64	0	229182
144	62	53	0	229192
144	74	68	0	229271
128	62	64	0	229291
128	50	64	0	229301
128	59	64	0	229346
128	54	64	0	229371
128	74	64	0	229417
144	50	70	0	229503
144	59	69	0	229506
144	67	74	0	229512
144	54	59	0	229515
144	79	65	0	229586
128	67	64	0	229613
128	79	64	0	229690
144	67	57	0	229716
128	67	64	0	229780
144	79	68	0	229810
144	67	77	0	229892
128	79	64	0	229901
128	50	64	0	229927
128	54	64	0	229969
128	59	64	0	229970
128	67	64	0	229988
144	50	75	0	230091
144	54	55	0	230104
144	59	62	0	230107
144	66	76	0	230149
144	78	73	0	230234
128	66	64	0	230255
128	78	64	0	230318
144	66	52	0	230378
128	66	64	0	230429
144	78	63	0	230474
128	78	64	0	230526
144	66	70	0	230546
128	50	64	0	230548
128	59	64	0	230585
128	66	64	0	230605
128	54	64	0	230612
144	50	83	0	230741
144	59	86	0	230749
144	54	72	0	230754
144	69	85	0	230784
144	81	86	0	230898
128	69	64	0	230924
128	81	64	0	231017
144	69	59	0	231023
128	69	64	0	231094
144	81	63	0	231128
144	69	42	0	231221
128	50	64	0	231227
128	81	64	0	231228
128	54	64	0	231242
128	59	64	0	231244
128	69	64	0	231297
144	81	65	0	231312
128	81	64	0	231420
144	69	59	0	231445
144	59	50	0	231462
144	54	51	0	231467
144	50	44	0	231470
128	69	64	0	231514
144	81	72	0	231550
128	81	64	0	231654
144	69	58	0	231680
128	50	64	0	231744
128	69	64	0	231746
144	81	64	0	231766
128	59	64	0	231794
128	54	64	0	231820
144	69	59	0	231878
128	81	64	0	231880
128	69	64	0	231960
144	81	54	0	231976
144	59	58	0	232038
144	54	53	0	232073
144	50	40	0	232076
128	81	64	0	232088
144	69	52	0	232101
128	69	64	0	232163
144	81	59	0	232186
128	81	64	0	232276
144	69	62	0	232304
128	50	64	0	232310
128	59	64	0	232344
128	69	64	0	232376
144	81	51	0	232382
128	54	64	0	232389
128	81	64	0	232489
144	71	76	0	232568
144	59	72	0	232575
144	50	69	0	232582
144	54	67	0	232585
144	83	81	0	232635
128	71	64	0	232676
128	83	64	0	232746
144	71	61	0	232761
144	83	74	0	232870
128	71	64	0	232872
144	71	66	0	232958
128	83	64	0	232975
128	50	64	0	232977
128	54	64	0	232987
128	59	64	0	232993
128	71	64	0	233069
144	50	69	0	233189
144	54	72	0	233210
144	59	46	0	233220
144	66	89	0	233262
144	78	71	0	233354
128	66	64	0	233357
128	78	64	0	233434
144	66	59	0	233496
128	66	64	0	233546
144	78	80	0	233587
128	50	64	0	233600
128	59	64	0	233618
128	54	64	0	233652
128	78	64	0	233693
144	67	67	0	233748
144	50	66	0	233800
144	59	68	0	233804
144	54	60	0	233813
144	79	57	0	233874
128	67	64	0	233894
144	77	41	0	233908
128	77	64	0	233959
128	79	64	0	233983
144	67	33	0	234040
128	67	64	0	234114
144	79	82	0	234123
128	79	64	0	234220
128	50	64	0	234233
128	54	64	0	234248
128	59	64	0	234274
144	64	90	0	234384
144	59	67	0	234402
144	50	65	0	234405
144	54	68	0	234418
128	64	64	0	234508
144	76	81	0	234513
128	59	64	0	234604
128	76	64	0	234619
144	64	62	0	234625
128	64	64	0	234710
144	59	53	0	234714
144	76	68	0	234730
144	64	58	0	234775
128	76	64	0	234810
128	54	64	0	234845
128	50	64	0	234847
128	64	64	0	234874
128	59	64	0	234898
144	50	73	0	235000
144	66	82	0	235011
144	54	80	0	235014
144	59	66	0	235017
128	66	64	0	235129
144	78	81	0	235140
128	78	64	0	235233
144	66	64	0	235251
128	50	64	0	235315
144	78	67	0	235325
128	54	64	0	235370
128	59	64	0	235373
128	66	64	0	235374
128	78	64	0	235454
144	50	79	0	235634
144	59	83	0	235637
144	54	76	0	235640
144	62	84	0	235662
144	74	53	0	235737
128	59	64	0	235773
128	62	64	0	235793
128	74	64	0	235870
144	62	42	0	235898
128	54	64	0	235932
128	50	64	0	235934
128	62	64	0	235964
144	74	69	0	235993
128	74	64	0	236083
144	62	49	0	236110
128	62	64	0	236180
144	74	68	0	236190
144	59	44	0	236249
144	50	50	0	236276
144	54	60	0	236295
128	74	64	0	236302
144	62	51	0	236316
128	54	64	0	236356
128	62	64	0	236383
128	50	64	0	236386
144	74	53	0	236415
128	59	64	0	236448
128	74	64	0	236499
144	62	43	0	236540
128	62	64	0	236614
144	74	59	0	236629
128	74	64	0	236698
144	62	50	0	236725
128	62	64	0	236808
144	74	59	0	236844
144	50	41	0	236886
144	59	37	0	236900
144	54	41	0	236906
128	74	64	0	236909
144	62	58	0	236959
128	54	64	0	236998
128	50	64	0	237010
128	62	64	0	237025
128	59	64	0	237047
144	74	71	0	237061
128	74	64	0	237152
144	62	60	0	237187
128	62	64	0	237254
144	74	63	0	237290
128	74	64	0	237363
144	62	48	0	237408
144	74	74	0	237482
128	62	64	0	237484
144	50	71	0	237496
144	59	64	0	237500
144	54	71	0	237505
144	62	62	0	237574
128	74	64	0	237588
128	54	64	0	237674
128	50	64	0	237678
128	62	64	0	237683
144	74	63	0	237706
128	59	64	0	237718
144	62	69	0	237821
128	74	64	0	237825
128	62	64	0	237906
144	74	60	0	237924
128	74	64	0	238031
144	62	64	0	238053
144	59	42	0	238071
144	50	54	0	238076
144	54	59	0	238079
128	62	64	0	238119
144	74	66	0	238157
128	50	64	0	238167
128	54	64	0	238170
128	59	64	0	238178
128	74	64	0	238268
144	62	69	0	238284
144	74	58	0	238370
128	62	64	0	238378
128	74	64	0	238486
144	62	58	0	238490
128	62	64	0	238565
144	74	61	0	238588
144	50	55	0	238644
144	59	52	0	238654
144	54	62	0	238666
128	74	64	0	238713
144	62	69	0	238717
128	62	64	0	238788
128	59	64	0	238813
144	74	65	0	238816
128	54	64	0	238824
128	50	64	0	238835
144	62	77	0	238929
128	74	64	0	238935
128	62	64	0	239031
144	74	65	0	239048
144	62	58	0	239163
128	74	64	0	239175
144	50	64	0	239242
144	59	49	0	239245
144	54	55	0	239253
128	62	64	0	239264
144	74	60	0	239267
144	62	62	0	239398
128	74	64	0	239403
128	54	64	0	239406
128	50	64	0	239408
128	59	64	0	239438
128	62	64	0	239483
144	74	61	0	239493
144	62	58	0	239602
128	74	64	0	239612
128	62	64	0	239696
144	74	59	0	239709
144	57	70	0	239834
128	74	64	0	239854
144	62	75	0	239860
128	62	64	0	239948
144	74	57	0	239973
144	62	61	0	240079
128	74	64	0	240095
144	54	67	0	240134
128	57	64	0	240152
128	62	64	0	240155
144	74	65	0	240179
128	54	64	0	240272
144	62	75	0	240313
128	74	64	0	240316
128	62	64	0	240415
144	74	67	0	240419
144	57	59	0	240451
128	74	64	0	240545
144	62	60	0	240548
128	57	64	0	240583
128	62	64	0	240614
144	74	63	0	240647
128	74	64	0	240772
144	62	68	0	240775
144	59	77	0	240778
128	62	64	0	240850
128	59	64	0	240861
144	74	67	0	240875
128	74	64	0	241008
144	62	75	0	241012
144	57	72	0	241059
128	62	64	0	241104
144	74	61	0	241130
128	57	64	0	241222
144	62	63	0	241239
128	74	64	0	241243
128	62	64	0	241322
144	74	59	0	241347
144	54	60	0	241419
128	74	64	0	241456
144	62	66	0	241464
128	54	64	0	241477
128	62	64	0	241542
144	74	69	0	241568
144	52	71	0	241676
128	74	64	0	241684
144	62	71	0	241697
128	62	64	0	241778
144	74	73	0	241802
128	52	64	0	241814
144	62	72	0	241935
128	74	64	0	241937
144	54	64	0	241957
128	62	64	0	242019
144	74	74	0	242052
128	54	64	0	242119
128	74	64	0	242152
144	62	69	0	242178
128	62	64	0	242236
144	74	76	0	242271
144	55	88	0	242278
128	74	64	0	242378
144	62	71	0	242381
128	55	64	0	242411
128	62	64	0	242476
144	74	77	0	242499
128	74	64	0	242599
144	54	60	0	242607
144	62	66	0	242624
128	62	64	0	242695
128	54	64	0	242707
144	74	77	0	242737
128	74	64	0	242840
144	62	75	0	242858
144	52	70	0	242886
128	62	64	0	242933
144	74	69	0	242957
144	62	66	0	243096
128	74	64	0	243099
128	52	64	0	243114
144	50	64	0	243153
128	62	64	0	243172
144	74	62	0	243185
128	50	64	0	243275
128	74	64	0	243312
144	62	67	0	243317
128	62	64	0	243386
144	74	56	0	243427
144	49	64	0	243445
128	49	64	0	243528
128	74	64	0	243529
144	62	72	0	243540
128	62	64	0	243638
144	74	71	0	243670
144	47	64	0	243736
144	62	70	0	243791
128	74	64	0	243793
128	62	64	0	243861
144	74	65	0	243882
128	47	64	0	243892
128	74	64	0	244012
144	62	73	0	244022
144	45	89	0	244080
128	62	64	0	244094
144	74	59	0	244132
144	72	44	0	244179
144	62	70	0	244235
128	72	64	0	244237
128	74	64	0	244252
128	62	64	0	244338
144	74	65	0	244369
128	45	64	0	244406
144	72	39	0	244417
128	72	64	0	244466
144	62	64	0	244487
128	74	64	0	244489
128	62	64	0	244571
144	74	62	0	244583
144	50	78	0	244693
144	45	55	0	244704
128	74	64	0	244714
144	62	75	0	244717
144	43	56	0	244727
128	43	64	0	244798
128	62	64	0	244810
144	74	62	0	244835
128	74	64	0	244924
144	62	58	0	244943
128	62	64	0	245020
144	74	61	0	245050
128	50	64	0	245062
128	45	64	0	245075
128	74	64	0	245147
144	62	55	0	245183
128	62	64	0	245249
144	74	68	0	245284
144	45	66	0	245305
144	50	64	0	245315
128	74	64	0	245352
144	62	50	0	245415
128	50	64	0	245462
128	45	64	0	245473
128	62	64	0	245489
144	74	73	0	245505
128	74	64	0	245596
144	62	52	0	245603
144	45	8	0	245656
144	54	73	0	245668
128	62	64	0	245699
144	74	60	0	245710
128	45	64	0	245770
128	54	64	0	245786
128	74	64	0	245830
144	62	73	0	245855
144	57	71	0	245896
128	62	64	0	245920
144	45	52	0	245924
144	74	68	0	245957
144	54	22	0	246064
144	62	68	0	246070
128	74	64	0	246072
128	62	64	0	246165
128	45	64	0	246172
144	74	61	0	246185
128	57	64	0	246189
128	54	64	0	246206
144	62	62	0	246299
128	74	64	0	246304
128	62	64	0	246371
144	74	63	0	246403
144	54	60	0	246504
144	57	55	0	246507
144	45	67	0	246525
128	74	64	0	246527
144	62	69	0	246530
128	62	64	0	246619
144	74	68	0	246637
128	57	64	0	246717
128	45	64	0	246743
128	74	64	0	246752
128	54	64	0	246759
144	62	68	0	246767
128	62	64	0	246837
144	74	65	0	246860
128	74	64	0	246982
144	62	70	0	246992
128	62	64	0	247052
144	74	62	0	247088
144	55	63	0	247111
144	45	69	0	247114
176	64	0	0	247135
176	64	127	0	247165
128	74	64	0	247209
144	62	60	0	247215
128	62	64	0	247279
144	74	62	0	247305
128	74	64	0	247418
144	62	59	0	247441
128	45	64	0	247500
128	55	64	0	247511
128	62	64	0	247519
144	74	61	0	247534
128	74	64	0	247647
144	62	68	0	247666
128	62	64	0	247746
144	45	64	0	247749
144	54	76	0	247769
144	74	62	0	247773
128	74	64	0	247895
144	62	60	0	247903
128	62	64	0	247977
144	74	58	0	248000
128	54	64	0	248047
128	45	64	0	248074
128	74	64	0	248093
144	62	62	0	248134
128	62	64	0	248200
144	74	71	0	248214
128	74	64	0	248324
144	52	60	0	248357
144	62	69	0	248360
144	45	54	0	248381
128	62	64	0	248417
144	74	59	0	248453
144	62	64	0	248573
128	74	64	0	248576
128	45	64	0	248627
128	52	64	0	248646
128	62	64	0	248648
144	74	50	0	248677
128	74	64	0	248778
144	62	58	0	248791
128	62	64	0	248854
144	74	58	0	248885
144	52	54	0	248968
144	45	40	0	248993
128	74	64	0	248997
144	50	64	0	249000
144	62	52	0	249024
128	62	64	0	249088
144	74	64	0	249100
128	52	64	0	249191
128	50	64	0	249200
128	74	64	0	249212
128	45	64	0	249235
144	62	64	0	249238
128	62	64	0	249298
144	74	62	0	249313
128	74	64	0	249470
176	64	0	0	249534
176	64	127	0	249565
144	53	62	0	249585
144	45	54	0	249596
144	49	69	0	249607
144	64	66	0	249636
128	64	64	0	249767
144	64	49	0	249858
128	45	64	0	249886
128	53	64	0	249904
128	49	64	0	249929
128	64	64	0	249941
144	53	56	0	250194
144	45	52	0	250198
144	64	64	0	250208
144	49	54	0	250211
128	64	64	0	250375
144	64	65	0	250543
128	45	64	0	250559
128	53	64	0	250572
128	64	64	0	250609
128	49	64	0	250611
144	69	57	0	250655
128	69	64	0	250722
144	64	54	0	250755
144	53	38	0	250844
128	64	64	0	250847
144	69	51	0	250851
144	45	40	0	250868
144	49	53	0	250877
128	69	64	0	250917
144	64	55	0	250953
128	64	64	0	251028
144	69	59	0	251041
128	45	64	0	251088
128	53	64	0	251096
128	69	64	0	251131
128	49	64	0	251145
144	64	49	0	251155
144	69	48	0	251249
128	64	64	0	251255
128	69	64	0	251342
144	64	47	0	251379
128	64	64	0	251460
144	53	42	0	251463
144	69	55	0	251468
144	49	59	0	251488
144	45	41	0	251504
128	69	64	0	251553
144	64	52	0	251576
128	49	64	0	251580
128	45	64	0	251595
128	53	64	0	251605
144	69	54	0	251679
128	64	64	0	251684
128	69	64	0	251745
144	64	51	0	251785
128	64	64	0	251873
144	69	55	0	251892
128	69	64	0	251956
144	64	55	0	251985
176	64	0	0	252053
144	45	65	0	252069
144	69	64	0	252080
144	52	59	0	252082
144	49	67	0	252088
128	64	64	0	252092
176	64	127	0	252113
144	64	62	0	252193
128	69	64	0	252199
144	69	61	0	252284
128	64	64	0	252315
128	45	64	0	252379
128	69	64	0	252407
144	64	62	0	252413
128	52	64	0	252419
128	49	64	0	252456
144	69	48	0	252501
128	64	64	0	252519
144	64	55	0	252620
128	69	64	0	252622
144	52	28	0	252713
144	69	50	0	252716
144	49	64	0	252724
144	45	60	0	252727
128	64	64	0	252735
128	69	64	0	252798
144	64	53	0	252834
128	45	64	0	252905
128	64	64	0	252920
144	69	63	0	252929
128	52	64	0	252939
128	49	64	0	252968
128	69	64	0	253017
144	64	64	0	253029
144	69	67	0	253107
128	64	64	0	253130
144	64	68	0	253217
128	69	64	0	253227
176	64	0	0	253254
144	52	61	0	253260
144	45	60	0	253275
144	49	72	0	253291
176	64	127	0	253316
144	71	78	0	253322
128	64	64	0	253364
128	71	64	0	253437
144	64	66	0	253453
128	52	64	0	253507
128	49	64	0	253511
144	71	63	0	253521
128	64	64	0	253523
128	45	64	0	253535
128	71	64	0	253629
144	64	66	0	253641
144	71	74	0	253708
128	64	64	0	253749
128	71	64	0	253818
144	64	69	0	253854
144	52	62	0	253871
144	45	59	0	253890
144	49	66	0	253897
144	73	85	0	253953
128	64	64	0	253973
128	73	64	0	254054
144	64	70	0	254079
144	73	61	0	254152
128	64	64	0	254157
128	52	64	0	254207
128	45	64	0	254223
128	73	64	0	254247
128	49	64	0	254271
144	64	77	0	254289
144	73	58	0	254338
128	64	64	0	254387
128	73	64	0	254498
144	50	90	0	254551
144	45	71	0	254556
144	64	88	0	254574
128	64	64	0	254681
144	74	51	0	254692
144	76	55	0	254695
128	76	64	0	254753
128	74	64	0	254757
144	64	64	0	254774
144	74	40	0	254870
128	64	64	0	254881
128	45	64	0	254919
128	50	64	0	254952
128	74	64	0	254979
144	64	63	0	254983
144	74	59	0	255083
128	64	64	0	255097
144	50	66	0	255194
128	74	64	0	255196
144	45	58	0	255205
144	64	58	0	255210
128	64	64	0	255294
144	74	53	0	255300
144	54	68	0	255362
128	74	64	0	255409
144	64	57	0	255422
128	64	64	0	255486
144	74	59	0	255504
128	54	64	0	255524
128	45	64	0	255533
128	50	64	0	255553
144	64	72	0	255619
128	74	64	0	255636
128	64	64	0	255711
144	74	63	0	255715
144	54	66	0	255817
144	50	66	0	255826
144	45	68	0	255831
144	64	73	0	255836
128	74	64	0	255841
144	57	62	0	255908
128	64	64	0	255933
144	74	53	0	255960
144	64	65	0	256040
128	74	64	0	256042
128	45	64	0	256050
128	54	64	0	256115
128	57	64	0	256122
128	50	64	0	256140
128	64	64	0	256145
144	74	65	0	256154
144	64	62	0	256245
128	74	64	0	256257
128	64	64	0	256351
144	74	63	0	256355
144	50	60	0	256438
144	54	55	0	256442
144	57	60	0	256448
128	74	64	0	256457
144	45	67	0	256468
144	64	62	0	256472
128	64	64	0	256544
144	74	63	0	256576
128	57	64	0	256593
128	54	64	0	256605
128	45	64	0	256617
128	50	64	0	256644
128	74	64	0	256653
144	64	75	0	256678
144	74	68	0	256772
128	64	64	0	256776
144	64	62	0	256881
128	74	64	0	256891
144	74	67	0	256980
128	64	64	0	256982
144	45	76	0	257015
144	50	71	0	257019
144	54	75	0	257023
144	57	70	0	257026
144	64	76	0	257084
128	74	64	0	257088
144	74	67	0	257193
128	64	64	0	257198
128	45	64	0	257251
128	54	64	0	257254
128	57	64	0	257279
128	50	64	0	257289
144	64	70	0	257293
128	74	64	0	257305
144	74	69	0	257398
128	64	64	0	257400
144	64	62	0	257504
128	74	64	0	257517
144	57	64	0	257613
144	50	66	0	257615
144	54	66	0	257623
144	45	62	0	257629
128	64	64	0	257632
144	73	76	0	257636
128	73	64	0	257688
144	64	59	0	257729
128	54	64	0	257791
128	64	64	0	257816
128	45	64	0	257827
128	57	64	0	257829
144	73	74	0	257832
128	50	64	0	257839
128	73	64	0	257881
144	64	62	0	257933
144	73	48	0	257990
128	64	64	0	258052
128	73	64	0	258107
144	64	77	0	258133
144	57	59	0	258137
144	50	54	0	258150
144	54	59	0	258153
144	45	60	0	258168
144	71	88	0	258189
128	64	64	0	258239
128	71	64	0	258293
144	64	68	0	258338
144	71	63	0	258393
128	64	64	0	258439
128	54	64	0	258457
128	57	64	0	258494
128	45	64	0	258501
128	71	64	0	258511
128	50	64	0	258523
144	64	68	0	258526
144	71	58	0	258593
128	64	64	0	258644
128	71	64	0	258725
144	64	72	0	258742
144	50	70	0	258778
144	57	69	0	258781
144	54	70	0	258796
144	45	72	0	258804
144	69	67	0	258851
176	64	0	0	258863
128	64	64	0	258885
176	64	127	0	258924
128	69	64	0	258959
144	64	66	0	258972
144	69	61	0	259043
128	64	64	0	259101
128	54	64	0	259154
128	69	64	0	259163
128	45	64	0	259165
128	57	64	0	259176
144	64	73	0	259185
128	50	64	0	259203
144	69	55	0	259249
128	64	64	0	259308
176	64	0	0	259345
144	64	81	0	259382
128	69	64	0	259385
144	57	78	0	259396
144	50	73	0	259408
144	54	76	0	259416
144	45	69	0	259430
176	64	127	0	259435
144	68	84	0	259443
128	64	64	0	259504
128	68	64	0	259539
144	64	53	0	259608
144	68	67	0	259625
128	64	64	0	259686
128	68	64	0	259738
144	64	66	0	259785
128	45	64	0	259854
144	68	37	0	259862
128	54	64	0	259869
128	57	64	0	259880
128	50	64	0	259896
128	64	64	0	259905
128	68	64	0	259978
144	64	55	0	260005
144	57	42	0	260058
144	50	47	0	260068
144	68	53	0	260077
144	54	59	0	260081
144	45	45	0	260101
128	64	64	0	260105
128	68	64	0	260191
144	64	56	0	260212
128	45	64	0	260236
128	54	64	0	260268
128	57	64	0	260304
144	68	38	0	260308
128	50	64	0	260316
128	64	64	0	260344
128	68	64	0	260431
144	64	65	0	260453
144	68	66	0	260516
128	64	64	0	260582
176	64	0	0	260634
144	69	74	0	260644
128	68	64	0	260646
144	57	63	0	260670
144	50	66	0	260673
144	54	68	0	260689
144	45	72	0	260696
128	69	64	0	260715
144	64	77	0	260719
176	64	127	0	260724
144	69	76	0	260806
128	64	64	0	260840
128	69	64	0	260909
144	64	73	0	260922
144	69	63	0	261012
128	64	64	0	261047
128	54	64	0	261076
128	57	64	0	261083
128	45	64	0	261097
128	50	64	0	261119
128	69	64	0	261121
144	64	66	0	261129
144	69	63	0	261220
128	64	64	0	261246
144	57	55	0	261315
144	50	42	0	261319
144	54	62	0	261329
128	69	64	0	261332
144	45	54	0	261342
144	64	67	0	261345
144	69	52	0	261440
128	64	64	0	261446
144	64	66	0	261565
128	69	64	0	261584
128	57	64	0	261606
128	54	64	0	261617
128	45	64	0	261621
128	50	64	0	261652
144	68	87	0	261674
128	64	64	0	261686
144	45	75	0	261937
144	50	66	0	261941
144	57	69	0	261944
144	54	79	0	261948
176	64	0	0	261954
144	66	100	0	261972
128	68	64	0	261999
176	64	127	0	262015
128	66	64	0	262109
144	66	85	0	262276
128	57	64	0	262279
128	45	64	0	262291
128	54	64	0	262298
128	50	64	0	262336
128	66	64	0	262338
144	68	85	0	262386
144	66	84	0	262481
128	68	64	0	262508
144	64	93	0	262585
144	50	42	0	262588
144	54	68	0	262592
144	57	53	0	262596
128	66	64	0	262599
144	45	66	0	262602
128	64	64	0	262752
144	64	75	0	262883
128	45	64	0	262925
128	54	64	0	262947
128	57	64	0	262969
128	50	64	0	262979
128	64	64	0	262988
144	66	84	0	263004
144	64	75	0	263101
128	66	64	0	263117
144	57	56	0	263189
144	50	63	0	263193
144	54	68	0	263198
144	62	98	0	263208
144	45	66	0	263220
128	64	64	0	263267
128	62	64	0	263394
144	62	60	0	263524
128	54	64	0	263566
128	45	64	0	263571
128	57	64	0	263580
128	50	64	0	263588
128	62	64	0	263594
144	64	78	0	263601
144	62	66	0	263701
128	64	64	0	263709
144	57	58	0	263809
176	64	0	0	263814
144	50	62	0	263823
144	54	72	0	263828
144	45	62	0	263840
144	61	83	0	263848
176	64	127	0	263873
144	60	84	0	263879
128	62	64	0	263890
128	61	64	0	264019
128	60	64	0	264039
144	59	84	0	264150
128	57	64	0	264159
128	54	64	0	264177
128	45	64	0	264220
128	50	64	0	264223
128	59	64	0	264380
144	45	72	0	264454
144	50	78	0	264462
144	54	85	0	264473
144	57	90	0	264476
128	57	64	0	264658
144	57	63	0	264821
128	54	64	0	264838
128	45	64	0	264856
128	50	64	0	264875
144	59	60	0	264893
128	57	64	0	264895
144	60	59	0	264899
128	60	64	0	265047
128	59	64	0	265066
144	61	78	0	265076
176	64	0	0	265103
144	50	60	0	265111
144	45	64	0	265114
144	54	66	0	265117
176	64	127	0	265163
128	61	64	0	265441
144	62	81	0	265447
128	54	64	0	265449
128	50	64	0	265480
128	45	64	0	265484
128	62	64	0	265594
144	45	65	0	265727
144	50	65	0	265734
144	54	78	0	265737
144	62	78	0	265740
128	45	64	0	266150
128	50	64	0	266166
128	54	64	0	266168
128	62	64	0	266282
144	45	56	0	266369
144	54	55	0	266384
144	50	56	0	266390
144	59	61	0	266686
128	54	64	0	266704
128	50	64	0	266723
128	45	64	0	266746
128	59	64	0	266830
144	45	57	0	266979
144	54	66	0	267000
144	50	62	0	267008
144	62	58	0	267035
128	54	64	0	267418
128	45	64	0	267427
128	50	64	0	267432
144	45	59	0	267624
144	50	49	0	267634
144	54	55	0	267642
128	54	64	0	267891
128	50	64	0	267907
128	62	64	0	267909
128	45	64	0	267912
144	59	59	0	267918
128	59	64	0	268181
144	45	48	0	268200
144	50	56	0	268217
144	54	62	0	268220
144	62	63	0	268225
128	62	64	0	268476
144	59	53	0	268515
128	54	64	0	268537
128	50	64	0	268548
128	45	64	0	268551
128	59	64	0	268586
144	62	54	0	268607
144	59	59	0	268723
128	62	64	0	268750
144	45	59	0	268799
144	54	63	0	268822
144	50	63	0	268827
144	57	71	0	268880
128	59	64	0	268892
144	62	59	0	269177
128	54	64	0	269188
128	57	64	0	269197
128	50	64	0	269200
128	45	64	0	269206
144	59	66	0	269297
128	62	64	0	269309
144	57	72	0	269457
128	59	64	0	269473
144	50	51	0	269477
144	54	59	0	269480
144	45	49	0	269483
144	62	50	0	269776
128	57	64	0	269788
128	45	64	0	269803
128	50	64	0	269812
128	54	64	0	269814
144	59	60	0	269897
128	62	64	0	269933
144	54	61	0	270045
144	45	54	0	270050
128	59	64	0	270052
144	57	69	0	270055
144	50	60	0	270066
128	54	64	0	270193
128	50	64	0	270208
128	45	64	0	270232
128	57	64	0	270281
144	52	77	0	270354
144	55	68	0	270365
144	45	43	0	270368
128	52	64	0	270462
128	45	64	0	270466
128	55	64	0	270496
144	50	72	0	270682
144	54	66	0	270686
144	45	69	0	270690
128	54	64	0	270880
128	50	64	0	270894
128	45	64	0	270916
144	50	70	0	271001
144	54	53	0	271004
144	45	64	0	271009
128	54	64	0	271064
128	45	64	0	271091
128	50	64	0	271099
144	54	59	0	271257
128	54	64	0	271313
144	45	55	0	271316
144	50	57	0	271321
128	50	64	0	271384
128	45	64	0	271399
144	50	49	0	271587
144	54	50	0	271591
128	54	64	0	271669
128	50	64	0	271682
176	64	0	0	271853
144	45	70	0	271889
144	50	70	0	271892
144	54	68	0	271912
176	64	127	0	271943
128	54	64	0	272095
128	45	64	0	272100
128	50	64	0	272111
144	50	66	0	272194
144	45	64	0	272197
144	54	55	0	272214
128	54	64	0	272265
128	50	64	0	272288
128	45	64	0	272326
144	54	60	0	272391
144	45	65	0	272441
144	52	80	0	272465
128	54	64	0	272490
144	55	75	0	272504
176	64	0	0	272663
128	52	64	0	272731
128	55	64	0	272768
144	50	66	0	272771
144	54	66	0	272776
176	64	127	0	272783
128	50	64	0	272984
176	64	0	0	272992
128	45	64	0	273000
176	64	127	0	273052
128	54	64	0	273091
144	45	61	0	273093
144	49	74	0	273098
144	52	68	0	273119
128	49	64	0	273289
128	52	64	0	273313
128	45	64	0	273323
144	52	56	0	273431
144	49	48	0	273450
144	45	21	0	273455
128	45	64	0	273513
128	49	64	0	273516
128	52	64	0	273522
144	57	69	0	273578
144	52	70	0	273703
128	57	64	0	273711
144	45	60	0	273765
144	49	55	0	273769
128	49	64	0	273843
128	45	64	0	273887
128	52	64	0	273890
144	52	64	0	274044
128	52	64	0	274125
144	57	53	0	274160
128	57	64	0	274294
144	49	66	0	274354
144	45	51	0	274367
144	52	57	0	274371
128	52	64	0	274464
128	49	64	0	274476
128	45	64	0	274483
144	52	47	0	274667
144	49	59	0	274701
144	45	35	0	274709
128	52	64	0	274735
128	49	64	0	274755
128	45	64	0	274773
144	52	69	0	274817
144	45	41	0	274891
144	49	39	0	274906
128	52	64	0	274945
128	49	64	0	274997
144	50	56	0	275000
144	54	67	0	275012
128	50	64	0	275170
128	45	64	0	275175
128	54	64	0	275249
144	52	61	0	275345
144	45	51	0	275359
144	49	60	0	275370
128	49	64	0	275429
128	45	64	0	275444
128	52	64	0	275451
144	45	57	0	275674
144	50	49	0	275691
144	54	51	0	275697
128	54	64	0	275919
144	54	45	0	276040
128	54	64	0	276097
128	50	64	0	276195
128	45	64	0	276203
144	54	55	0	276211
128	54	64	0	276263
144	45	53	0	276401
144	50	55	0	276404
128	50	64	0	276551
128	45	64	0	276562
144	54	64	0	276725
128	54	64	0	277034
144	50	58	0	277051
144	45	63	0	277058
128	50	64	0	277240
128	45	64	0	277247
144	50	51	0	277355
128	50	64	0	277480
144	54	59	0	277510
128	54	64	0	277575
144	50	55	0	277679
144	45	55	0	277689
128	45	64	0	277878
128	50	64	0	277923
144	54	51	0	278062
128	54	64	0	278329
144	38	56	0	278359
144	50	62	0	278381
128	38	64	0	278574
128	50	64	0	278630
144	38	57	0	279001
144	54	59	0	279025
128	54	64	0	279285
144	50	47	0	279332
128	38	64	0	279339
128	50	64	0	279413
144	54	55	0	279473
128	54	64	0	279587
144	38	60	0	279632
144	50	66	0	279641
128	38	64	0	279901
128	50	64	0	279986
144	54	68	0	280312
128	54	64	0	280568
144	50	43	0	280645
128	50	64	0	280725
144	54	63	0	280756
128	54	64	0	280905
144	50	60	0	280922
144	38	38	0	281010
144	40	32	0	281020
128	40	64	0	281090
128	38	64	0	281094
128	50	64	0	281336
144	38	65	0	281570
128	38	64	0	281658
176	64	0	0	284273
