144	70	55	0	1275
128	70	64	0	1416
144	62	58	0	1470
128	62	64	0	1549
144	70	50	0	1568
128	70	64	0	1622
144	62	64	0	1671
128	62	64	0	1738
144	70	42	0	1772
128	70	64	0	1833
144	62	71	0	1877
128	62	64	0	1973
144	57	64	0	2107
144	48	42	0	2136
144	50	42	0	2139
128	48	64	0	2225
128	50	64	0	2226
128	57	64	0	2255
144	63	71	0	2713
128	63	64	0	2864
144	58	65	0	2938
128	58	64	0	2986
144	60	76	0	3007
144	63	69	0	3094
128	60	64	0	3128
128	63	64	0	3145
144	58	70	0	3212
128	58	64	0	3259
144	60	69	0	3273
144	63	76	0	3339
128	60	64	0	3373
128	63	64	0	3389
144	58	78	0	3427
128	58	64	0	3490
144	64	51	0	3557
144	66	76	0	3582
128	64	64	0	3627
128	66	64	0	3704
144	60	60	0	3748
128	60	64	0	3806
144	64	64	0	4423
144	65	59	0	4435
128	65	64	0	4500
128	64	64	0	4505
144	68	79	0	4567
128	68	64	0	4653
144	64	69	0	4665
128	64	64	0	4727
144	70	74	0	4749
128	70	64	0	4814
144	68	65	0	4817
128	68	64	0	4868
144	64	75	0	4874
128	64	64	0	4938
144	76	65	0	5006
144	77	68	0	5018
128	77	64	0	5069
128	76	64	0	5139
144	67	71	0	5143
128	67	64	0	5195
144	71	72	0	5677
144	75	81	0	5768
128	71	64	0	5791
128	75	64	0	5817
144	66	61	0	5868
128	66	64	0	5917
144	71	70	0	5944
144	75	70	0	6021
128	71	64	0	6059
128	75	64	0	6103
144	78	39	0	6107
144	68	76	0	6125
128	78	64	0	6160
128	68	64	0	6204
144	78	70	0	6254
144	75	78	0	6329
128	78	64	0	6375
144	71	65	0	6411
144	70	69	0	6426
128	75	64	0	6446
128	71	64	0	6534
144	81	83	0	6545
128	70	64	0	6559
128	81	64	0	6769
144	83	86	0	6910
128	83	64	0	7018
144	83	80	0	7119
144	81	78	0	7167
128	83	64	0	7277
144	79	76	0	7318
128	81	64	0	7361
144	78	85	0	7405
128	79	64	0	7429
128	78	64	0	7542
144	83	68	0	7610
144	81	69	0	7721
128	83	64	0	7788
144	79	67	0	7814
128	81	64	0	7847
144	78	80	0	7869
128	79	64	0	7903
128	78	64	0	7970
144	55	72	0	8033
144	67	69	0	8446
128	55	64	0	8494
144	70	76	0	8536
128	67	64	0	8569
144	58	79	0	8651
128	70	64	0	8665
144	65	66	0	8770
128	58	64	0	8786
144	68	73	0	8831
128	65	64	0	8872
144	57	64	0	8907
144	70	59	0	8953
128	68	64	0	8955
128	70	64	0	9075
144	60	69	0	9089
128	57	64	0	9125
128	60	64	0	9216
144	63	90	0	9740
144	70	64	0	10061
144	59	76	0	10124
128	63	64	0	10138
128	70	64	0	10215
144	64	77	0	10269
128	59	64	0	10289
128	64	64	0	10480
144	60	67	0	10525
144	62	59	0	10528
128	62	64	0	10586
128	60	64	0	10612
144	65	74	0	10649
144	68	70	0	10833
128	65	64	0	10867
144	58	79	0	10886
128	58	64	0	11220
128	68	64	0	11269
144	59	86	0	11518
144	54	81	0	11527
144	63	93	0	11535
144	68	87	0	11540
128	63	64	0	11660
128	54	64	0	11666
128	68	64	0	11678
128	59	64	0	11685
144	63	84	0	11723
144	59	71	0	11736
144	68	72	0	11741
144	54	72	0	11747
128	68	64	0	11788
128	63	64	0	11821
144	68	76	0	11883
144	63	89	0	11887
128	59	64	0	12006
128	54	64	0	12014
128	63	64	0	12018
128	68	64	0	12019
144	58	87	0	12347
144	61	78	0	12464
128	58	64	0	12492
128	61	64	0	12518
144	57	72	0	12523
144	62	58	0	12557
128	62	64	0	12655
128	57	64	0	12676
144	56	69	0	12721
144	63	64	0	12749
128	56	64	0	12813
128	63	64	0	12823
144	64	66	0	12875
144	55	64	0	12879
128	64	64	0	12986
128	55	64	0	13006
144	54	77	0	13328
144	61	79	0	13337
144	58	78	0	13340
128	58	64	0	13386
128	61	64	0	13401
144	58	66	0	13477
144	61	79	0	13485
144	66	54	0	13518
128	58	64	0	13530
128	54	64	0	13551
128	66	64	0	13567
128	61	64	0	13590
144	58	72	0	13615
144	54	77	0	13628
144	61	90	0	13645
128	58	64	0	13735
128	54	64	0	13765
128	61	64	0	13827
144	57	78	0	14002
144	62	66	0	14093
128	57	64	0	14174
144	56	67	0	14184
144	61	73	0	14203
128	62	64	0	14211
128	56	64	0	14275
128	61	64	0	14281
144	55	72	0	14373
144	60	69	0	14439
128	55	64	0	14494
128	60	64	0	14588
144	59	60	0	14594
144	54	71	0	14605
128	54	64	0	14676
144	53	72	0	14791
144	58	68	0	14803
128	59	64	0	14816
128	58	64	0	14852
128	53	64	0	14869
144	58	80	0	15199
144	55	64	0	15205
144	51	68	0	15209
144	62	62	0	15213
144	53	65	0	15217
128	51	64	0	15249
128	58	64	0	15262
128	62	64	0	15267
128	53	64	0	15269
128	55	64	0	15288
144	58	78	0	15344
144	51	58	0	15348
144	62	69	0	15350
144	55	63	0	15361
128	51	64	0	15402
128	55	64	0	15417
128	58	64	0	15420
128	62	64	0	15424
144	55	66	0	15499
144	51	65	0	15504
144	62	74	0	15509
144	58	74	0	15513
128	55	64	0	15570
128	51	64	0	15633
128	58	64	0	15639
128	62	64	0	15668
144	53	78	0	15805
144	60	73	0	15880
128	53	64	0	15958
144	51	69	0	16002
144	58	61	0	16023
128	60	64	0	16029
128	51	64	0	16078
128	58	64	0	16155
144	50	75	0	16239
144	59	71	0	16329
128	50	64	0	16351
144	57	66	0	16443
128	59	64	0	16485
144	49	73	0	16500
128	49	64	0	16593
128	57	64	0	16628
144	56	76	0	16658
144	48	78	0	16715
128	56	64	0	16760
128	48	64	0	16826
144	59	56	0	17167
144	51	76	0	17170
144	47	60	0	17173
144	54	74	0	17178
128	54	64	0	17223
128	51	64	0	17233
128	47	64	0	17246
128	59	64	0	17258
144	59	64	0	17341
144	47	61	0	17344
144	54	47	0	17348
128	59	64	0	17408
128	54	64	0	17412
128	47	64	0	17413
144	51	72	0	17457
144	47	53	0	17470
144	54	79	0	17478
144	59	62	0	17481
128	51	64	0	17534
128	47	64	0	17548
128	54	64	0	17560
128	59	64	0	17611
144	47	76	0	17838
144	51	76	0	17849
128	51	64	0	17894
144	59	73	0	17910
128	47	64	0	17917
144	54	61	0	17920
128	54	64	0	17967
128	59	64	0	17970
144	51	59	0	18014
144	47	49	0	18024
144	54	70	0	18047
144	59	64	0	18057
128	51	64	0	18062
128	47	64	0	18096
128	54	64	0	18106
128	59	64	0	18113
144	51	78	0	18132
144	54	68	0	18179
144	47	60	0	18182
144	59	59	0	18210
128	51	64	0	18228
128	54	64	0	18231
128	47	64	0	18242
128	59	64	0	18271
144	47	60	0	18331
144	52	65	0	18335
144	55	62	0	18338
144	59	75	0	18342
128	47	64	0	18392
128	52	64	0	18394
128	59	64	0	18397
128	55	64	0	18406
144	47	69	0	18472
144	52	63	0	18475
144	59	63	0	18482
144	55	72	0	18486
128	52	64	0	18532
128	47	64	0	18540
128	55	64	0	18544
128	59	64	0	18553
144	47	74	0	18632
144	59	63	0	18642
144	54	70	0	18659
144	51	39	0	18678
128	47	64	0	18694
128	54	64	0	18698
128	59	64	0	18704
128	51	64	0	18727
144	54	72	0	18769
144	59	74	0	18780
144	47	38	0	18808
128	59	64	0	18845
128	54	64	0	18849
128	47	64	0	18859
144	47	66	0	18943
144	59	70	0	18946
144	50	54	0	18949
144	53	75	0	18952
128	47	64	0	18995
128	59	64	0	19001
128	50	64	0	19015
128	53	64	0	19019
144	47	68	0	19071
144	50	68	0	19073
144	59	70	0	19081
144	53	72	0	19089
128	50	64	0	19136
128	47	64	0	19156
128	53	64	0	19181
128	59	64	0	19188
144	52	77	0	19523
144	55	61	0	19606
128	52	64	0	19632
128	55	64	0	19675
144	56	74	0	19679
128	56	64	0	19723
144	51	75	0	19750
128	51	64	0	19798
144	55	35	0	19875
144	57	33	0	19879
144	58	72	0	19929
128	55	64	0	19933
128	57	64	0	19939
128	58	64	0	19977
144	53	69	0	20001
144	57	71	0	20128
128	53	64	0	20161
144	58	72	0	20196
128	57	64	0	20222
128	58	64	0	20248
144	54	68	0	20320
144	59	65	0	20377
144	58	78	0	20441
128	54	64	0	20462
128	59	64	0	20474
128	58	64	0	20551
144	55	75	0	20595
144	59	70	0	20669
144	58	78	0	20717
128	55	64	0	20748
128	59	64	0	20776
128	58	64	0	20826
144	56	74	0	20860
144	59	71	0	20913
128	56	64	0	21000
144	60	79	0	21004
128	59	64	0	21031
144	57	89	0	21112
128	60	64	0	21214
128	57	64	0	21316
144	57	78	0	21670
144	60	79	0	21683
144	63	83	0	21692
128	57	64	0	21728
128	63	64	0	21731
128	60	64	0	21740
144	57	82	0	21801
144	63	79	0	21824
144	60	81	0	21832
128	57	64	0	21891
128	60	64	0	21894
128	63	64	0	21896
144	57	89	0	21953
144	63	85	0	21963
144	60	82	0	21971
128	57	64	0	22045
128	63	64	0	22054
128	60	64	0	22060
144	54	85	0	22128
144	60	69	0	22153
144	66	72	0	22160
128	54	64	0	22178
128	66	64	0	22200
128	60	64	0	22203
144	66	66	0	22286
144	54	75	0	22290
144	60	71	0	22293
128	66	64	0	22346
128	54	64	0	22349
128	60	64	0	22351
144	66	83	0	22426
144	54	83	0	22430
144	60	64	0	22454
128	54	64	0	22502
128	60	64	0	22506
128	66	64	0	22538
144	54	72	0	22595
144	57	83	0	22598
144	60	80	0	22601
144	69	74	0	22630
128	54	64	0	22640
128	69	64	0	22674
128	57	64	0	22679
128	60	64	0	22693
144	57	80	0	22756
144	54	70	0	22760
144	60	75	0	22771
144	69	61	0	22778
128	54	64	0	22800
128	60	64	0	22822
128	57	64	0	22830
128	69	64	0	22833
144	69	83	0	22898
144	60	75	0	22901
144	54	68	0	22906
128	54	64	0	22958
128	69	64	0	22967
128	60	64	0	22981
144	54	81	0	23050
144	60	93	0	23053
144	59	98	0	23058
144	71	92	0	23062
128	60	64	0	23186
128	54	64	0	23204
128	59	64	0	23216
128	71	64	0	23250
144	58	89	0	23552
144	70	87	0	23587
144	71	81	0	23693
128	58	64	0	23708
128	70	64	0	23710
144	59	87	0	23750
128	71	64	0	23852
144	70	76	0	23872
144	58	70	0	23900
128	59	64	0	23907
128	70	64	0	23978
144	71	82	0	24009
128	58	64	0	24021
144	59	78	0	24040
128	71	64	0	24161
144	60	75	0	24170
144	72	71	0	24173
128	59	64	0	24180
144	61	72	0	24307
128	60	64	0	24325
144	73	73	0	24354
128	72	64	0	24367
128	61	64	0	24430
128	73	64	0	24459
144	62	83	0	24478
144	74	79	0	24483
144	75	80	0	24615
128	74	64	0	24628
144	63	81	0	24631
128	62	64	0	24644
128	75	64	0	24738
128	63	64	0	24740
144	76	98	0	24776
144	64	102	0	24784
128	64	64	0	24934
128	76	64	0	24949
144	64	90	0	25299
144	61	81	0	25311
144	76	83	0	25321
144	73	80	0	25324
128	73	64	0	25368
128	61	64	0	25376
128	76	64	0	25396
128	64	64	0	25400
144	61	68	0	25461
144	64	83	0	25464
144	76	81	0	25472
144	73	65	0	25476
128	64	64	0	25511
128	61	64	0	25514
128	73	64	0	25520
128	76	64	0	25528
144	64	80	0	25601
144	61	58	0	25620
144	76	70	0	25623
144	73	50	0	25626
128	64	64	0	25664
128	61	64	0	25666
128	76	64	0	25675
128	73	64	0	25679
144	61	67	0	25746
144	64	75	0	25749
144	73	69	0	25753
144	76	82	0	25756
128	64	64	0	25800
128	76	64	0	25802
128	61	64	0	25808
128	73	64	0	25820
144	73	66	0	25920
144	61	74	0	25928
144	66	78	0	25942
144	78	67	0	25951
128	73	64	0	25972
128	66	64	0	25979
128	78	64	0	25993
128	61	64	0	26002
144	66	70	0	26067
144	78	68	0	26073
144	73	67	0	26076
144	61	45	0	26110
128	73	64	0	26158
128	66	64	0	26161
128	61	64	0	26168
128	78	64	0	26182
144	61	68	0	26263
144	67	81	0	26278
144	73	67	0	26282
144	79	83	0	26286
128	73	64	0	26326
128	67	64	0	26329
128	79	64	0	26349
128	61	64	0	26352
144	67	74	0	26432
144	73	67	0	26436
144	79	82	0	26439
128	67	64	0	26532
128	73	64	0	26544
128	79	64	0	26578
144	61	84	0	26638
144	68	89	0	26647
144	73	75	0	26778
144	78	68	0	26782
128	73	64	0	26819
128	78	64	0	26829
128	68	64	0	26831
128	61	64	0	26840
144	73	61	0	26909
144	78	67	0	26916
128	78	64	0	26994
128	73	64	0	27033
144	67	86	0	27070
144	61	81	0	27077
144	79	77	0	27197
144	73	73	0	27200
128	73	64	0	27240
128	67	64	0	27246
128	79	64	0	27248
128	61	64	0	27255
144	79	82	0	27328
144	73	56	0	27330
128	73	64	0	27428
128	79	64	0	27445
144	61	80	0	27468
144	66	84	0	27486
144	73	76	0	27580
128	73	64	0	27623
128	66	64	0	27690
128	61	64	0	27716
144	73	62	0	27734
144	78	71	0	27755
128	78	64	0	27804
128	73	64	0	27819
144	65	90	0	27893
144	61	81	0	27896
144	73	80	0	28021
144	77	59	0	28035
128	73	64	0	28065
128	77	64	0	28091
128	65	64	0	28095
128	61	64	0	28119
144	73	70	0	28148
144	77	85	0	28157
128	73	64	0	28258
128	77	64	0	28279
144	61	89	0	28730
144	80	75	0	28760
144	68	81	0	28774
144	77	74	0	28859
128	80	64	0	28870
128	68	64	0	28946
128	61	64	0	28949
128	77	64	0	28976
144	80	63	0	28980
128	80	64	0	29032
144	77	67	0	29059
128	77	64	0	29152
144	80	75	0	29155
144	61	78	0	29191
144	68	76	0	29199
128	80	64	0	29211
144	77	65	0	29245
128	68	64	0	29261
128	61	64	0	29283
144	80	75	0	29341
128	77	64	0	29354
128	80	64	0	29388
144	77	77	0	29425
144	80	79	0	29516
128	77	64	0	29531
144	61	73	0	29577
144	68	67	0	29590
128	80	64	0	29620
144	79	66	0	29638
144	81	61	0	29662
128	68	64	0	29665
128	61	64	0	29698
128	79	64	0	29753
144	82	80	0	29879
128	81	64	0	29904
128	82	64	0	29985
144	61	68	0	29991
144	83	86	0	30001
128	61	64	0	30099
128	83	64	0	30203
144	84	79	0	30323
144	61	75	0	30487
144	68	73	0	30493
144	85	76	0	30510
128	84	64	0	30541
128	68	64	0	30547
128	61	64	0	30577
128	85	64	0	30580
144	61	85	0	30972
144	68	91	0	30978
144	85	85	0	30980
128	61	64	0	31103
128	68	64	0	31121
128	85	64	0	31135
144	61	99	0	31407
144	85	56	0	31417
144	68	91	0	31425
144	86	81	0	31437
144	87	53	0	31455
128	85	64	0	31502
128	87	64	0	31514
128	86	64	0	31575
128	68	64	0	31689
128	61	64	0	31694
144	85	89	0	31862
144	61	87	0	31870
144	68	87	0	31887
128	68	64	0	32050
128	61	64	0	32058
128	85	64	0	32077
144	61	85	0	32292
144	68	84	0	32308
144	82	74	0	32334
144	85	64	0	32337
144	78	63	0	32343
128	85	64	0	32379
128	82	64	0	32389
128	78	64	0	32404
128	61	64	0	32441
128	68	64	0	32444
144	82	79	0	32554
128	82	64	0	32657
144	78	70	0	32710
144	61	72	0	32742
144	68	63	0	32754
128	78	64	0	32775
128	68	64	0	32805
144	82	61	0	32809
128	61	64	0	32813
128	82	64	0	32941
144	78	67	0	32970
128	78	64	0	33094
144	86	77	0	33115
144	61	81	0	33124
144	68	77	0	33134
128	68	64	0	33267
128	61	64	0	33272
144	82	70	0	33275
128	86	64	0	33284
144	78	70	0	33399
128	82	64	0	33402
128	78	64	0	33529
144	61	81	0	33541
144	68	76	0	33551
144	85	75	0	33569
144	82	70	0	33683
128	85	64	0	33705
128	68	64	0	33714
128	61	64	0	33728
128	82	64	0	33827
144	78	69	0	33837
144	86	77	0	33959
144	61	82	0	33968
128	78	64	0	33980
144	68	79	0	33989
144	82	70	0	34127
128	86	64	0	34131
128	68	64	0	34149
128	61	64	0	34151
128	82	64	0	34258
144	78	71	0	34269
128	78	64	0	34402
144	61	79	0	34411
144	85	58	0	34423
144	68	76	0	34427
144	82	64	0	34542
128	68	64	0	34557
128	85	64	0	34567
128	61	64	0	34571
128	82	64	0	34683
144	79	61	0	34685
144	61	79	0	34807
144	68	78	0	34823
144	82	70	0	34839
128	79	64	0	34847
144	79	67	0	34955
128	82	64	0	34966
128	61	64	0	34984
128	68	64	0	35014
144	78	73	0	35090
128	79	64	0	35109
144	61	74	0	35230
128	78	64	0	35233
144	80	67	0	35237
144	68	67	0	35252
128	61	64	0	35470
128	68	64	0	35477
128	80	64	0	35485
144	61	84	0	35687
144	80	80	0	35705
144	68	81	0	35709
144	75	75	0	35807
128	80	64	0	35831
128	68	64	0	35836
128	61	64	0	35850
128	75	64	0	35909
144	74	72	0	36066
144	61	72	0	36101
144	68	70	0	36122
144	75	70	0	36221
128	74	64	0	36235
128	61	64	0	36245
128	68	64	0	36271
128	75	64	0	36366
144	80	67	0	36370
128	80	64	0	36503
144	61	70	0	36506
144	72	82	0	36510
144	68	70	0	36517
144	75	73	0	36639
128	72	64	0	36663
128	61	64	0	36683
128	68	64	0	36687
128	75	64	0	36785
144	80	63	0	36795
144	74	67	0	36907
144	61	73	0	36910
128	80	64	0	36914
144	68	70	0	36937
144	75	68	0	37054
128	74	64	0	37093
128	61	64	0	37119
128	68	64	0	37144
144	80	76	0	37179
128	75	64	0	37186
128	80	64	0	37301
144	73	88	0	37306
144	61	75	0	37310
144	68	79	0	37317
128	61	64	0	37508
128	68	64	0	37534
128	73	64	0	37538
144	73	75	0	37708
144	61	76	0	37718
144	68	73	0	37730
144	76	69	0	37821
128	73	64	0	37833
128	68	64	0	37883
128	61	64	0	37886
144	78	67	0	37938
128	76	64	0	37993
128	78	64	0	38077
144	76	77	0	38091
144	61	79	0	38106
144	68	81	0	38115
128	76	64	0	38285
128	68	64	0	38287
128	61	64	0	38292
144	78	79	0	38514
144	61	81	0	38516
144	68	70	0	38539
128	78	64	0	38565
144	79	71	0	38587
128	61	64	0	38667
128	68	64	0	38677
144	78	79	0	38733
128	79	64	0	38741
128	78	64	0	38853
144	76	81	0	38882
144	61	85	0	38901
144	68	84	0	38914
128	68	64	0	39061
128	61	64	0	39071
128	76	64	0	39119
144	76	88	0	39263
144	61	83	0	39278
144	68	81	0	39291
144	75	75	0	39393
128	68	64	0	39408
128	76	64	0	39410
128	61	64	0	39439
128	75	64	0	39478
144	76	58	0	39533
128	76	64	0	39603
144	73	81	0	39640
144	61	83	0	39669
144	68	84	0	39677
128	68	64	0	39861
128	61	64	0	39882
128	73	64	0	39889
144	61	81	0	40094
144	73	83	0	40097
144	68	81	0	40105
128	73	64	0	40224
144	75	72	0	40227
128	68	64	0	40253
128	61	64	0	40272
128	75	64	0	40289
144	76	77	0	40360
144	61	86	0	40499
144	68	86	0	40514
144	72	92	0	40518
128	76	64	0	40541
128	68	64	0	40681
128	61	64	0	40689
128	72	64	0	40704
144	72	83	0	40897
144	68	82	0	40916
144	61	79	0	40918
144	73	69	0	41054
128	72	64	0	41071
128	61	64	0	41075
128	68	64	0	41094
144	75	67	0	41230
128	73	64	0	41240
128	75	64	0	41286
144	61	72	0	41320
144	68	76	0	41331
144	76	85	0	41336
128	76	64	0	41477
144	78	73	0	41480
128	61	64	0	41483
128	68	64	0	41486
128	78	64	0	41606
144	79	77	0	41612
144	61	78	0	41703
144	68	77	0	41719
144	80	82	0	41736
128	79	64	0	41750
128	61	64	0	41930
128	68	64	0	41932
128	80	64	0	41936
144	61	85	0	42166
144	68	83	0	42177
144	80	95	0	42181
128	61	64	0	42390
128	68	64	0	42394
128	80	64	0	42398
144	61	78	0	42554
144	68	73	0	42567
144	80	79	0	42571
128	80	64	0	42676
144	79	77	0	42682
128	61	64	0	42704
128	68	64	0	42722
128	79	64	0	42800
144	78	73	0	42817
128	78	64	0	42871
144	76	77	0	42934
144	61	78	0	42946
144	68	79	0	42956
144	75	82	0	43095
128	76	64	0	43102
128	61	64	0	43106
128	68	64	0	43110
128	75	64	0	43223
144	73	93	0	43256
144	61	79	0	43324
144	68	76	0	43345
128	68	64	0	43587
128	61	64	0	43590
128	73	64	0	43700
144	61	83	0	43742
144	68	84	0	43751
128	68	64	0	43850
128	61	64	0	43912
144	61	85	0	44102
144	68	74	0	44230
128	61	64	0	44250
144	73	76	0	44344
128	68	64	0	44360
128	73	64	0	44476
144	65	77	0	44486
144	69	68	0	44622
144	73	61	0	44721
128	69	64	0	44768
144	66	70	0	44828
128	65	64	0	44835
128	73	64	0	44841
144	71	63	0	44969
144	73	65	0	45093
128	71	64	0	45106
128	73	64	0	45165
144	68	61	0	45185
128	66	64	0	45212
144	70	66	0	45330
128	70	64	0	45431
144	73	57	0	45444
128	68	64	0	45504
128	73	64	0	45507
144	67	65	0	45530
144	71	58	0	45670
144	73	60	0	45784
128	71	64	0	45820
128	73	64	0	45898
128	67	64	0	45900
144	66	73	0	45902
144	69	50	0	46035
144	73	57	0	46085
128	69	64	0	46142
128	73	64	0	46230
128	66	64	0	46240
144	64	78	0	46266
144	70	68	0	46392
128	64	64	0	46560
128	70	64	0	46570
144	63	83	0	46610
128	63	64	0	46770
144	62	80	0	46976
144	61	76	0	46983
144	70	84	0	46993
144	67	80	0	46997
128	62	64	0	47085
128	61	64	0	47107
128	67	64	0	47110
128	70	64	0	47116
144	61	92	0	47362
144	67	71	0	47482
128	61	64	0	47524
144	70	71	0	47565
128	67	64	0	47610
128	70	64	0	47682
144	61	80	0	47738
144	67	59	0	47850
128	61	64	0	47866
144	70	66	0	47928
128	67	64	0	47973
128	70	64	0	48042
144	61	83	0	48106
144	67	63	0	48191
128	61	64	0	48228
144	70	75	0	48255
128	67	64	0	48316
128	70	64	0	48326
144	58	87	0	48447
144	61	87	0	48460
144	68	94	0	48464
144	70	77	0	48493
128	70	64	0	48579
128	61	64	0	48586
128	68	64	0	48612
128	58	64	0	48620
144	58	87	0	48848
144	64	96	0	48852
144	71	85	0	48863
144	68	88	0	48867
128	68	64	0	49005
128	71	64	0	49013
128	58	64	0	49016
128	64	64	0	49030
144	68	82	0	49224
144	64	90	0	49226
144	71	66	0	49232
144	58	85	0	49235
128	68	64	0	49340
128	58	64	0	49352
128	71	64	0	49359
128	64	64	0	49378
144	71	70	0	49487
144	68	58	0	49504
144	64	75	0	49521
144	58	75	0	49524
128	71	64	0	49538
128	68	64	0	49552
128	58	64	0	49556
128	64	64	0	49568
144	68	97	0	49604
144	71	83	0	49610
144	64	84	0	49626
144	58	68	0	49635
128	58	64	0	49737
128	64	64	0	49746
128	71	64	0	49758
128	68	64	0	49762
144	68	87	0	49968
144	64	96	0	49973
144	70	86	0	49976
144	58	93	0	49980
128	68	64	0	50088
128	64	64	0	50126
128	70	64	0	50130
128	58	64	0	50146
144	58	86	0	50338
144	63	90	0	50346
144	70	85	0	50357
144	66	82	0	50616
128	63	64	0	50624
128	58	64	0	50633
128	70	64	0	50635
144	70	68	0	50720
128	66	64	0	50754
128	70	64	0	50960
144	66	82	0	50987
144	63	102	0	51022
144	58	85	0	51033
128	66	64	0	51106
144	70	79	0	51351
128	58	64	0	51396
128	63	64	0	51404
144	66	87	0	51494
144	63	79	0	51511
144	58	75	0	51522
128	70	64	0	51534
128	58	64	0	51652
128	63	64	0	51656
128	66	64	0	51685
144	58	90	0	51852
144	64	90	0	51866
144	67	79	0	52108
128	64	64	0	52227
144	70	73	0	52232
128	58	64	0	52238
128	67	64	0	52326
128	70	64	0	52403
144	64	96	0	52448
144	58	94	0	52451
144	67	85	0	52474
144	70	77	0	52484
128	67	64	0	52669
128	70	64	0	52807
144	65	79	0	52812
128	58	64	0	52874
128	64	64	0	52887
144	70	67	0	52987
144	58	68	0	52991
144	64	77	0	52997
128	65	64	0	53011
128	58	64	0	53162
128	64	64	0	53205
144	68	68	0	53282
128	70	64	0	53292
144	64	75	0	53380
144	65	86	0	53395
144	58	73	0	53409
128	68	64	0	53423
128	65	64	0	53572
128	64	64	0	53602
128	58	64	0	53610
144	65	74	0	53773
144	64	80	0	53780
144	58	77	0	53786
128	65	64	0	53938
128	58	64	0	53966
128	64	64	0	53975
144	70	70	0	54013
144	58	74	0	54148
128	70	64	0	54151
144	67	84	0	54158
144	63	84	0	54163
128	67	64	0	54345
128	63	64	0	54377
128	58	64	0	54387
144	67	80	0	54543
144	63	82	0	54554
144	58	69	0	54561
128	58	64	0	54719
128	63	64	0	54723
128	67	64	0	54751
144	68	46	0	54754
128	68	64	0	54838
144	70	71	0	54852
144	58	80	0	54889
144	64	81	0	54895
144	65	74	0	54936
128	70	64	0	54943
128	65	64	0	55125
128	64	64	0	55138
128	58	64	0	55163
144	65	81	0	55302
144	64	75	0	55305
144	58	81	0	55330
144	68	74	0	55436
128	65	64	0	55472
128	64	64	0	55495
128	58	64	0	55513
128	68	64	0	55578
144	70	58	0	55585
128	70	64	0	55663
144	67	86	0	55678
144	58	81	0	55684
144	63	81	0	55702
128	67	64	0	55890
128	58	64	0	55917
128	63	64	0	55919
144	67	74	0	56058
144	63	82	0	56084
144	58	76	0	56089
144	68	70	0	56161
128	67	64	0	56199
128	58	64	0	56242
128	63	64	0	56257
144	70	59	0	56275
128	68	64	0	56308
128	70	64	0	56434
144	71	81	0	56437
144	58	74	0	56445
144	64	85	0	56448
144	70	65	0	56595
128	64	64	0	56598
128	71	64	0	56609
128	58	64	0	56622
144	68	76	0	56721
128	70	64	0	56742
144	67	82	0	56842
144	63	81	0	56846
128	68	64	0	56852
144	58	64	0	56855
128	58	64	0	56912
144	68	58	0	56947
128	63	64	0	56973
128	67	64	0	56976
144	70	71	0	57068
128	68	64	0	57072
144	58	79	0	57185
144	64	84	0	57188
128	70	64	0	57191
144	71	83	0	57194
128	64	64	0	57316
128	58	64	0	57318
144	70	60	0	57331
128	71	64	0	57335
128	70	64	0	57469
144	68	66	0	57494
128	68	64	0	57563
144	63	81	0	57566
144	58	68	0	57571
144	67	80	0	57599
128	58	64	0	57622
128	63	64	0	57683
144	68	70	0	57734
128	67	64	0	57741
128	68	64	0	57819
144	70	72	0	57829
128	70	64	0	57919
144	58	81	0	57924
144	64	85	0	57926
144	71	80	0	57943
144	73	70	0	58049
128	64	64	0	58061
128	71	64	0	58073
128	58	64	0	58093
128	73	64	0	58165
144	74	81	0	58198
144	63	83	0	58285
144	58	68	0	58288
144	73	70	0	58291
128	74	64	0	58318
128	63	64	0	58407
128	58	64	0	58410
128	73	64	0	58415
144	74	58	0	58421
128	74	64	0	58500
144	73	60	0	58503
128	73	64	0	58623
144	58	78	0	58645
144	71	81	0	58648
144	64	75	0	58654
144	73	71	0	58734
128	71	64	0	58761
128	64	64	0	58813
128	58	64	0	58833
128	73	64	0	58855
144	71	74	0	58875
128	71	64	0	59004
144	70	85	0	59007
144	58	72	0	59018
144	63	77	0	59027
128	63	64	0	59124
128	70	64	0	59133
128	58	64	0	59154
144	58	88	0	59386
144	64	94	0	59391
144	70	90	0	59395
128	70	64	0	59515
144	71	83	0	59523
128	64	64	0	59555
128	58	64	0	59573
144	70	58	0	59616
128	71	64	0	59640
128	70	64	0	59745
144	68	80	0	59761
144	58	70	0	59783
144	63	83	0	59787
128	58	64	0	59847
144	70	61	0	59858
128	68	64	0	59869
128	63	64	0	59879
128	70	64	0	59972
144	68	61	0	59978
144	70	70	0	60045
128	68	64	0	60073
144	64	91	0	60117
144	58	82	0	60120
144	67	85	0	60155
128	70	64	0	60159
128	64	64	0	60261
128	58	64	0	60267
144	68	74	0	60299
128	67	64	0	60315
144	70	70	0	60395
128	68	64	0	60405
128	70	64	0	60465
144	58	79	0	60499
144	63	78	0	60523
144	67	83	0	60525
144	68	72	0	60633
128	58	64	0	60638
128	67	64	0	60657
128	63	64	0	60660
144	70	71	0	60746
128	68	64	0	60749
128	70	64	0	60862
144	64	90	0	60870
144	58	82	0	60879
144	71	82	0	60882
144	70	63	0	61013
128	71	64	0	61027
128	64	64	0	61031
128	58	64	0	61046
128	70	64	0	61161
144	68	66	0	61165
128	68	64	0	61235
144	63	83	0	61256
144	58	73	0	61266
144	67	83	0	61270
144	68	66	0	61382
128	63	64	0	61385
128	58	64	0	61392
128	67	64	0	61405
144	70	66	0	61509
128	68	64	0	61515
128	70	64	0	61609
144	64	87	0	61613
144	58	81	0	61619
144	71	85	0	61629
128	64	64	0	61766
144	70	67	0	61769
128	71	64	0	61779
128	58	64	0	61796
144	68	67	0	61891
128	70	64	0	61903
144	67	98	0	62003
144	58	81	0	62006
144	63	89	0	62010
128	68	64	0	62059
128	63	64	0	62149
128	67	64	0	62157
128	58	64	0	62183
144	73	76	0	62369
144	58	74	0	62382
144	63	85	0	62386
144	64	81	0	62389
144	71	76	0	62496
128	73	64	0	62507
128	58	64	0	62546
128	63	64	0	62559
128	64	64	0	62577
128	71	64	0	62604
144	73	57	0	62607
128	73	64	0	62692
144	71	74	0	62701
144	58	82	0	62759
144	64	89	0	62763
144	63	76	0	62774
144	76	89	0	62812
128	71	64	0	62827
128	63	64	0	62904
128	64	64	0	62913
128	76	64	0	62937
144	71	73	0	62941
128	58	64	0	62943
144	76	68	0	63022
128	71	64	0	63045
128	76	64	0	63112
144	71	77	0	63139
144	64	86	0	63145
144	58	79	0	63149
144	63	77	0	63157
144	75	75	0	63261
128	71	64	0	63295
128	64	64	0	63311
128	63	64	0	63314
128	58	64	0	63331
144	71	65	0	63379
128	75	64	0	63387
144	75	70	0	63513
128	71	64	0	63519
144	58	76	0	63548
144	63	80	0	63552
144	64	69	0	63560
144	71	70	0	63625
128	75	64	0	63628
128	64	64	0	63682
128	58	64	0	63707
128	63	64	0	63710
128	71	64	0	63780
144	75	69	0	63782
128	75	64	0	63907
144	78	79	0	63911
144	63	89	0	63929
144	58	83	0	63933
144	75	76	0	64049
128	78	64	0	64053
128	58	64	0	64107
128	63	64	0	64109
144	71	81	0	64155
128	75	64	0	64161
144	78	78	0	64278
128	71	64	0	64282
144	63	87	0	64298
144	58	74	0	64303
144	75	75	0	64379
128	78	64	0	64422
128	63	64	0	64463
128	58	64	0	64467
144	71	71	0	64483
128	75	64	0	64521
144	79	76	0	64614
144	58	80	0	64643
144	63	86	0	64647
128	71	64	0	64650
144	75	79	0	64730
128	79	64	0	64772
144	71	62	0	64825
128	58	64	0	64831
128	63	64	0	64840
128	75	64	0	64861
144	81	71	0	64962
128	71	64	0	65002
144	58	75	0	65020
144	63	80	0	65030
144	75	76	0	65111
128	81	64	0	65139
144	71	67	0	65189
128	58	64	0	65195
128	63	64	0	65204
128	75	64	0	65239
144	58	76	0	65368
144	63	81	0	65371
128	71	64	0	65382
144	82	77	0	65385
144	75	76	0	65503
128	82	64	0	65524
128	58	64	0	65549
128	63	64	0	65570
144	71	68	0	65598
128	75	64	0	65629
144	58	81	0	65740
144	63	79	0	65743
128	71	64	0	65747
144	84	58	0	65754
144	83	59	0	65757
144	75	76	0	65873
128	83	64	0	65893
128	84	64	0	65896
128	58	64	0	65929
128	63	64	0	65950
144	71	63	0	65975
128	75	64	0	65999
144	58	73	0	66124
144	82	82	0	66128
144	63	79	0	66131
128	71	64	0	66134
144	75	73	0	66263
128	82	64	0	66272
128	58	64	0	66307
128	63	64	0	66320
144	71	64	0	66323
128	75	64	0	66393
144	83	72	0	66467
128	71	64	0	66480
144	58	71	0	66513
144	63	76	0	66540
144	75	67	0	66627
128	83	64	0	66653
128	58	64	0	66687
144	71	67	0	66690
128	63	64	0	66692
128	75	64	0	66764
144	81	76	0	66831
144	58	84	0	66858
128	71	64	0	66860
144	63	80	0	66882
144	75	73	0	66992
128	81	64	0	67012
144	71	66	0	67037
128	63	64	0	67052
128	58	64	0	67062
128	75	64	0	67119
144	80	79	0	67212
128	71	64	0	67237
144	58	75	0	67248
144	63	81	0	67263
144	75	75	0	67357
128	80	64	0	67374
144	71	59	0	67427
128	58	64	0	67432
128	63	64	0	67460
128	75	64	0	67485
144	78	76	0	67597
128	71	64	0	67605
144	58	78	0	67623
144	63	80	0	67631
144	75	76	0	67719
128	78	64	0	67750
128	58	64	0	67789
128	63	64	0	67796
144	71	71	0	67799
128	75	64	0	67843
144	76	81	0	67938
128	71	64	0	67975
144	58	79	0	67980
144	63	79	0	67997
144	75	81	0	68087
128	76	64	0	68124
128	58	64	0	68150
128	63	64	0	68159
128	75	64	0	68189
144	71	71	0	68193
128	71	64	0	68315
144	58	84	0	68318
144	75	83	0	68323
144	63	83	0	68326
128	75	64	0	68508
128	63	64	0	68514
128	58	64	0	68517
144	58	90	0	68681
144	75	73	0	68686
144	63	81	0	68689
144	70	76	0	68791
128	75	64	0	68822
128	63	64	0	68844
128	58	64	0	68857
128	70	64	0	68921
144	67	72	0	68933
144	58	81	0	69037
144	63	88	0	69046
144	75	85	0	69053
128	67	64	0	69088
128	58	64	0	69258
128	63	64	0	69267
128	75	64	0	69270
144	75	82	0	69419
144	58	89	0	69423
144	63	83	0	69432
144	70	75	0	69523
128	75	64	0	69562
128	58	64	0	69596
128	63	64	0	69619
144	67	74	0	69659
128	70	64	0	69664
144	63	81	0	69792
144	58	74	0	69799
144	69	80	0	69803
128	67	64	0	69834
128	58	64	0	69927
144	70	74	0	69940
128	63	64	0	69958
128	69	64	0	69973
128	70	64	0	70064
144	67	81	0	70067
144	58	77	0	70148
144	69	73	0	70167
144	63	71	0	70173
128	67	64	0	70194
144	70	80	0	70289
128	63	64	0	70298
128	69	64	0	70302
128	58	64	0	70315
128	70	64	0	70381
144	67	66	0	70384
144	66	88	0	70488
128	67	64	0	70502
144	58	83	0	70527
144	63	79	0	70538
128	66	64	0	70604
144	67	86	0	70646
128	63	64	0	70668
128	58	64	0	70696
144	69	72	0	70740
128	67	64	0	70762
144	70	78	0	70857
144	58	81	0	70869
144	63	82	0	70878
128	69	64	0	70892
144	67	79	0	70971
128	70	64	0	70981
128	63	64	0	71005
128	58	64	0	71014
128	67	64	0	71098
144	66	91	0	71126
144	58	67	0	71212
128	66	64	0	71232
144	63	55	0	71242
144	70	76	0	71247
128	70	64	0	71316
128	63	64	0	71326
128	58	64	0	71380
144	67	70	0	71498
144	58	87	0	71627
144	63	84	0	71636
144	69	88	0	71646
128	67	64	0	71702
128	63	64	0	71757
128	58	64	0	71778
128	69	64	0	71794
144	58	90	0	71993
144	70	87	0	72012
144	63	73	0	72039
128	63	64	0	72118
128	58	64	0	72157
128	70	64	0	72163
144	67	72	0	72263
144	58	83	0	72332
144	63	85	0	72337
144	66	85	0	72356
128	67	64	0	72416
128	63	64	0	72511
128	58	64	0	72514
128	66	64	0	72518
144	58	87	0	72731
144	63	87	0	72734
144	69	82	0	72747
128	58	64	0	72946
128	63	64	0	72960
128	69	64	0	72984
144	70	71	0	73017
128	70	64	0	73101
144	67	86	0	73124
144	58	81	0	73134
144	63	83	0	73137
128	58	64	0	73338
128	63	64	0	73372
144	66	80	0	73390
128	67	64	0	73409
144	58	74	0	73519
128	66	64	0	73523
144	63	83	0	73530
144	67	85	0	73533
128	63	64	0	73707
128	58	64	0	73729
144	66	82	0	73773
128	67	64	0	73809
144	58	78	0	73867
144	64	89	0	73883
128	66	64	0	73890
128	58	64	0	74098
128	64	64	0	74186
144	63	91	0	74236
144	58	89	0	74240
128	58	64	0	74431
128	63	64	0	74456
144	58	94	0	74599
144	60	73	0	74711
128	58	64	0	74739
144	63	80	0	74797
128	60	64	0	74830
128	63	64	0	74921
144	58	86	0	74960
144	60	63	0	75060
128	58	64	0	75078
144	63	70	0	75150
128	60	64	0	75188
144	56	81	0	75279
128	63	64	0	75281
144	60	64	0	75390
128	56	64	0	75428
144	63	71	0	75493
128	60	64	0	75523
144	58	84	0	75630
128	63	64	0	75633
144	59	72	0	75706
144	63	67	0	75818
128	58	64	0	75840
128	59	64	0	75874
128	63	64	0	75948
144	55	85	0	75975
144	58	78	0	76070
144	59	75	0	76175
128	58	64	0	76206
128	55	64	0	76259
128	59	64	0	76299
144	54	77	0	76302
144	58	71	0	76390
144	57	68	0	76495
128	58	64	0	76518
128	54	64	0	76592
144	53	75	0	76596
128	57	64	0	76644
144	56	68	0	76717
144	57	78	0	76789
128	56	64	0	76796
144	51	73	0	76870
128	53	64	0	76873
128	57	64	0	76947
144	55	70	0	76967
144	54	79	0	77125
128	55	64	0	77136
144	52	77	0	77156
128	51	64	0	77156
128	54	64	0	77252
144	55	85	0	77429
144	49	80	0	77445
128	52	64	0	77453
128	49	64	0	77569
128	55	64	0	77604
144	49	83	0	77721
144	58	76	0	77831
144	55	65	0	77910
128	49	64	0	77933
128	58	64	0	77953
144	52	82	0	78023
128	55	64	0	78038
144	58	68	0	78138
144	55	82	0	78203
128	52	64	0	78206
128	58	64	0	78258
144	45	60	0	78318
144	47	76	0	78334
128	55	64	0	78348
128	47	64	0	78460
128	45	64	0	78477
144	52	84	0	78636
144	55	87	0	78650
144	58	81	0	78658
128	52	64	0	78757
128	58	64	0	78799
128	55	64	0	78800
144	45	84	0	78922
128	45	64	0	79113
144	55	89	0	79199
144	58	80	0	79204
144	52	84	0	79228
128	55	64	0	79322
128	58	64	0	79333
128	52	64	0	79336
144	45	81	0	79463
144	54	87	0	79710
144	57	77	0	79715
128	45	64	0	79753
144	52	66	0	79779
128	54	64	0	79831
128	57	64	0	79840
128	52	64	0	79858
144	45	78	0	80003
144	57	78	0	80246
128	45	64	0	80249
144	54	84	0	80258
144	52	80	0	80287
128	52	64	0	80427
128	54	64	0	80484
144	45	82	0	80488
128	57	64	0	80506
144	57	60	0	80621
144	54	87	0	80701
128	45	64	0	80743
128	57	64	0	80769
144	52	65	0	80797
128	54	64	0	80813
144	57	79	0	80926
144	54	85	0	80976
144	45	87	0	81002
128	52	64	0	81012
128	57	64	0	81054
128	54	64	0	81163
144	51	93	0	81252
144	57	78	0	81276
128	45	64	0	81282
128	51	64	0	81407
128	57	64	0	81472
144	45	77	0	81495
128	45	64	0	81724
144	51	87	0	81760
144	57	69	0	81768
144	54	81	0	81771
128	51	64	0	81936
128	54	64	0	81959
144	45	72	0	81980
128	57	64	0	81983
144	55	81	0	82149
144	52	76	0	82205
128	45	64	0	82233
144	57	65	0	82268
128	55	64	0	82297
128	57	64	0	82345
128	52	64	0	82399
144	45	84	0	82519
144	55	90	0	82552
144	52	81	0	82777
144	57	78	0	82783
128	55	64	0	82806
128	45	64	0	82813
128	52	64	0	82903
128	57	64	0	82906
144	45	78	0	83029
144	50	84	0	83256
144	57	76	0	83283
144	53	85	0	83286
128	45	64	0	83318
128	50	64	0	83393
128	53	64	0	83397
128	57	64	0	83404
144	45	62	0	83549
144	43	62	0	83555
144	57	73	0	83758
128	43	64	0	83761
144	53	84	0	83769
144	50	78	0	83774
128	45	64	0	83836
128	53	64	0	83976
128	57	64	0	84013
128	50	64	0	84018
144	45	73	0	84020
144	54	79	0	84157
144	57	77	0	84246
128	54	64	0	84291
144	49	73	0	84320
128	45	64	0	84349
128	57	64	0	84365
144	54	74	0	84493
144	45	82	0	84533
128	49	64	0	84549
144	57	83	0	84576
128	54	64	0	84590
144	49	75	0	84815
144	54	80	0	84824
128	45	64	0	84849
128	57	64	0	84873
128	49	64	0	85059
144	45	76	0	85067
128	54	64	0	85079
144	55	83	0	85335
144	57	82	0	85339
128	45	64	0	85343
144	51	86	0	85346
128	55	64	0	85425
128	57	64	0	85448
128	51	64	0	85453
144	45	72	0	85585
128	45	64	0	85798
144	51	86	0	85819
144	55	83	0	85834
144	57	62	0	85841
128	51	64	0	86005
128	55	64	0	86016
128	57	64	0	86030
144	45	78	0	86061
144	55	79	0	86166
144	58	68	0	86300
144	51	67	0	86321
128	55	64	0	86325
128	45	64	0	86331
128	58	64	0	86381
128	51	64	0	86499
144	55	71	0	86523
144	45	72	0	86539
144	58	73	0	86617
128	55	64	0	86695
144	51	75	0	86825
128	45	64	0	86845
128	58	64	0	86892
144	55	78	0	86903
128	51	64	0	87047
144	57	81	0	87079
144	45	79	0	87097
128	55	64	0	87100
128	57	64	0	87289
128	45	64	0	87296
144	51	76	0	87355
144	57	69	0	87447
128	51	64	0	87457
144	61	78	0	87563
128	57	64	0	87591
144	45	81	0	87599
128	61	64	0	87785
128	45	64	0	87799
144	51	77	0	87839
144	57	72	0	87857
128	51	64	0	87902
128	57	64	0	87940
144	45	82	0	88091
144	62	86	0	88106
144	57	82	0	88113
128	57	64	0	88252
128	45	64	0	88281
128	62	64	0	88292
144	51	75	0	88350
128	51	64	0	88414
144	45	83	0	88595
144	57	84	0	88602
144	63	86	0	88611
128	63	64	0	88776
128	57	64	0	88786
128	45	64	0	88797
144	51	68	0	88824
128	51	64	0	88880
144	45	85	0	89060
144	51	81	0	89299
128	45	64	0	89323
144	57	69	0	89444
128	51	64	0	89477
144	60	81	0	89525
144	45	78	0	89563
128	57	64	0	89579
144	51	76	0	89795
144	57	76	0	89803
128	45	64	0	89805
128	60	64	0	89818
128	57	64	0	89913
128	51	64	0	89939
144	45	77	0	90049
144	61	87	0	90057
144	51	70	0	90274
144	57	68	0	90278
128	45	64	0	90294
128	61	64	0	90329
128	57	64	0	90417
128	51	64	0	90435
144	45	80	0	90542
144	62	88	0	90551
144	57	53	0	90587
128	57	64	0	90654
128	62	64	0	90746
128	45	64	0	90753
144	51	71	0	90771
128	51	64	0	90828
144	45	81	0	91012
144	51	82	0	91246
128	45	64	0	91260
144	57	72	0	91406
128	51	64	0	91417
144	60	81	0	91488
144	45	79	0	91504
128	57	64	0	91534
144	51	78	0	91739
128	45	64	0	91754
144	57	72	0	91762
128	60	64	0	91769
128	51	64	0	91937
128	57	64	0	91971
144	58	68	0	91995
144	45	72	0	92001
144	51	73	0	92240
144	55	71	0	92256
128	58	64	0	92271
128	45	64	0	92274
128	55	64	0	92391
128	51	64	0	92397
144	57	83	0	92501
144	45	75	0	92506
144	51	72	0	92722
128	45	64	0	92724
128	57	64	0	92729
128	51	64	0	92802
144	57	78	0	92964
144	45	83	0	92974
144	61	81	0	92979
128	57	64	0	93087
128	45	64	0	93176
128	61	64	0	93204
144	51	70	0	93217
144	57	68	0	93317
128	51	64	0	93349
128	57	64	0	93447
144	45	76	0	93454
144	63	79	0	93456
128	45	64	0	93685
144	51	80	0	93693
128	63	64	0	93703
144	57	75	0	93746
128	51	64	0	93832
128	57	64	0	93845
144	45	82	0	93936
144	64	87	0	93974
128	64	64	0	94184
144	52	75	0	94187
128	45	64	0	94195
144	57	72	0	94214
128	57	64	0	94290
128	52	64	0	94311
144	45	80	0	94437
144	63	81	0	94458
128	63	64	0	94671
144	52	81	0	94674
144	57	74	0	94681
128	45	64	0	94691
128	57	64	0	94784
128	52	64	0	94794
144	45	85	0	94930
144	66	82	0	94946
128	66	64	0	95172
128	45	64	0	95174
144	52	74	0	95180
144	57	66	0	95205
128	52	64	0	95315
128	57	64	0	95317
144	45	80	0	95433
144	67	77	0	95453
128	67	64	0	95653
144	57	78	0	95678
128	45	64	0	95682
144	52	75	0	95692
128	57	64	0	95793
128	52	64	0	95820
144	45	77	0	95902
144	66	78	0	95935
128	66	64	0	96098
144	57	74	0	96162
144	51	81	0	96166
128	45	64	0	96169
128	51	64	0	96234
128	57	64	0	96282
144	45	72	0	96384
144	67	79	0	96416
128	67	64	0	96638
144	57	79	0	96653
144	49	71	0	96664
128	45	64	0	96667
128	49	64	0	96724
128	57	64	0	96770
144	45	73	0	96885
144	66	78	0	96907
128	66	64	0	97102
144	48	72	0	97114
144	57	78	0	97125
128	45	64	0	97130
128	57	64	0	97247
128	48	64	0	97265
144	45	75	0	97366
144	64	62	0	97412
144	62	62	0	97415
128	64	64	0	97597
128	62	64	0	97598
144	57	76	0	97613
144	49	70	0	97680
128	45	64	0	97683
128	57	64	0	97746
128	49	64	0	97832
144	63	75	0	97862
144	45	78	0	97896
128	45	64	0	98135
144	51	85	0	98142
144	57	74	0	98149
128	63	64	0	98152
128	51	64	0	98265
128	57	64	0	98283
144	45	77	0	98343
144	64	80	0	98379
128	64	64	0	98563
128	45	64	0	98600
144	52	78	0	98604
144	57	72	0	98607
128	52	64	0	98769
128	57	64	0	98780
144	45	77	0	98814
144	66	70	0	98854
128	66	64	0	99042
144	51	81	0	99072
144	57	78	0	99082
128	45	64	0	99087
128	51	64	0	99265
128	57	64	0	99288
144	45	69	0	99290
144	67	79	0	99332
144	49	76	0	99554
128	67	64	0	99564
144	57	69	0	99567
128	45	64	0	99570
128	49	64	0	99694
128	57	64	0	99744
144	45	72	0	99768
144	66	79	0	99793
128	66	64	0	100002
144	57	75	0	100022
144	48	71	0	100034
128	45	64	0	100048
128	48	64	0	100224
144	45	69	0	100232
128	57	64	0	100242
144	64	72	0	100270
144	57	72	0	100495
128	64	64	0	100499
144	49	74	0	100510
128	45	64	0	100550
128	49	64	0	100705
128	57	64	0	100716
144	45	75	0	100735
144	63	76	0	100747
144	51	78	0	100963
144	57	70	0	100973
128	63	64	0	100976
128	45	64	0	100992
128	51	64	0	101161
128	57	64	0	101170
144	45	69	0	101176
144	64	69	0	101233
144	49	73	0	101437
128	64	64	0	101449
144	57	73	0	101466
128	45	64	0	101469
128	57	64	0	101674
128	49	64	0	101676
144	45	78	0	101679
144	66	73	0	101695
128	66	64	0	101866
144	57	72	0	101891
144	48	75	0	101926
128	45	64	0	101941
128	48	64	0	102127
128	57	64	0	102130
144	67	78	0	102136
144	45	72	0	102139
128	67	64	0	102348
144	49	78	0	102369
144	57	78	0	102379
128	45	64	0	102387
128	57	64	0	102568
128	49	64	0	102575
144	45	78	0	102598
144	69	79	0	102602
144	57	78	0	102814
128	69	64	0	102824
144	51	79	0	102826
128	45	64	0	102852
128	51	64	0	102983
128	57	64	0	103011
144	45	72	0	103059
144	69	78	0	103069
128	69	64	0	103236
128	45	64	0	103257
144	51	79	0	103280
144	57	79	0	103290
128	51	64	0	103388
128	57	64	0	103409
144	69	75	0	103517
144	45	75	0	103522
128	69	64	0	103711
144	51	77	0	103741
144	57	75	0	103751
128	45	64	0	103753
128	51	64	0	103850
128	57	64	0	103880
144	45	76	0	103971
144	69	78	0	103975
128	69	64	0	104194
144	57	77	0	104208
144	51	80	0	104213
128	45	64	0	104217
128	51	64	0	104337
128	57	64	0	104361
144	60	78	0	104413
144	45	77	0	104436
144	63	80	0	104545
128	60	64	0	104583
144	51	76	0	104626
128	45	64	0	104640
144	66	68	0	104663
128	63	64	0	104675
128	51	64	0	104770
144	63	63	0	104798
128	66	64	0	104811
144	45	75	0	104856
144	60	83	0	104900
128	63	64	0	104916
144	63	59	0	105030
128	60	64	0	105060
128	45	64	0	105095
144	51	75	0	105099
128	63	64	0	105140
144	66	66	0	105155
128	51	64	0	105260
144	63	63	0	105272
128	66	64	0	105288
144	45	69	0	105328
144	60	81	0	105366
128	63	64	0	105386
144	63	60	0	105488
128	60	64	0	105503
128	45	64	0	105560
144	51	70	0	105572
128	63	64	0	105594
144	66	64	0	105611
128	51	64	0	105724
144	63	55	0	105730
128	66	64	0	105758
144	45	71	0	105784
128	63	64	0	105818
144	60	75	0	105820
144	63	60	0	105923
128	60	64	0	105973
144	51	74	0	106000
128	45	64	0	106003
128	63	64	0	106060
144	66	64	0	106070
144	63	64	0	106135
128	51	64	0	106182
128	66	64	0	106205
144	45	75	0	106234
144	57	90	0	106260
128	63	64	0	106272
128	57	64	0	106466
144	69	74	0	106482
128	45	64	0	106491
144	51	76	0	106504
128	51	64	0	106638
128	69	64	0	106659
144	57	84	0	106724
144	45	75	0	106732
128	57	64	0	106940
128	45	64	0	106956
144	51	78	0	106959
144	69	79	0	106963
128	51	64	0	107129
128	69	64	0	107179
144	57	83	0	107210
144	45	72	0	107213
128	57	64	0	107412
144	69	80	0	107420
144	51	76	0	107440
128	45	64	0	107446
128	69	64	0	107632
128	51	64	0	107634
144	57	86	0	107660
144	45	73	0	107670
144	69	77	0	107882
128	57	64	0	107886
144	51	78	0	107916
128	45	64	0	107932
144	66	68	0	108031
128	69	64	0	108080
144	63	73	0	108114
128	51	64	0	108120
144	45	72	0	108153
128	66	64	0	108164
144	66	60	0	108254
128	63	64	0	108266
144	63	69	0	108354
144	51	72	0	108362
128	66	64	0	108387
128	45	64	0	108396
128	63	64	0	108474
144	66	55	0	108483
128	51	64	0	108575
144	45	73	0	108589
144	60	81	0	108600
128	66	64	0	108613
144	66	73	0	108685
128	60	64	0	108699
144	51	74	0	108805
144	60	67	0	108809
128	66	64	0	108812
128	45	64	0	108825
144	66	59	0	108900
128	60	64	0	108910
128	51	64	0	108975
128	66	64	0	109019
144	45	73	0	109029
144	60	75	0	109036
144	63	84	0	109118
128	60	64	0	109133
144	51	75	0	109216
128	45	64	0	109244
128	63	64	0	109253
144	60	73	0	109275
128	60	64	0	109350
144	63	68	0	109377
128	51	64	0	109454
144	45	73	0	109502
128	63	64	0	109509
144	60	78	0	109522
144	63	76	0	109637
128	60	64	0	109649
144	51	79	0	109661
128	45	64	0	109701
144	60	70	0	109744
128	63	64	0	109756
144	63	63	0	109851
128	60	64	0	109871
128	51	64	0	109884
144	45	70	0	109940
128	63	64	0	109981
144	57	74	0	109988
144	63	58	0	110103
128	57	64	0	110152
144	51	70	0	110160
128	45	64	0	110189
144	60	75	0	110193
128	63	64	0	110229
128	51	64	0	110362
144	57	79	0	110367
128	60	64	0	110371
144	45	70	0	110419
144	63	76	0	110500
128	57	64	0	110521
144	60	66	0	110604
128	63	64	0	110621
144	51	69	0	110647
128	45	64	0	110650
128	60	64	0	110715
144	57	71	0	110721
128	51	64	0	110806
128	57	64	0	110833
144	63	74	0	110855
144	45	72	0	110872
144	60	66	0	110994
128	63	64	0	111022
144	51	66	0	111093
128	45	64	0	111101
144	57	60	0	111127
128	60	64	0	111132
128	57	64	0	111194
128	51	64	0	111245
144	63	76	0	111249
144	45	70	0	111323
144	60	58	0	111361
128	63	64	0	111376
128	60	64	0	111450
144	57	64	0	111461
144	51	72	0	111506
128	45	64	0	111523
144	63	71	0	111555
128	57	64	0	111573
128	63	64	0	111681
128	51	64	0	111686
144	57	75	0	111743
144	45	72	0	111790
144	56	86	0	111849
128	57	64	0	111864
128	56	64	0	111909
144	57	66	0	111954
144	51	74	0	112007
128	45	64	0	112012
144	56	79	0	112069
128	57	64	0	112081
128	56	64	0	112143
128	51	64	0	112161
144	57	63	0	112192
144	45	66	0	112220
144	56	79	0	112311
128	57	64	0	112326
144	51	73	0	112400
128	45	64	0	112413
128	56	64	0	112437
144	57	69	0	112451
128	51	64	0	112550
144	56	60	0	112555
128	57	64	0	112564
144	45	72	0	112637
128	56	64	0	112656
144	57	78	0	112688
144	56	74	0	112801
144	51	77	0	112821
128	45	64	0	112849
128	56	64	0	112863
144	56	70	0	112976
128	57	64	0	112980
128	51	64	0	113022
144	45	68	0	113099
128	56	64	0	113105
144	57	82	0	113133
144	56	60	0	113222
128	57	64	0	113245
144	51	77	0	113303
128	45	64	0	113326
128	56	64	0	113345
144	57	68	0	113360
144	56	62	0	113449
128	57	64	0	113469
128	51	64	0	113493
144	45	75	0	113547
128	56	64	0	113569
144	57	90	0	113605
144	51	87	0	113694
144	56	76	0	113699
128	57	64	0	113732
128	45	64	0	113749
128	51	64	0	113800
144	54	76	0	113916
128	56	64	0	113972
128	54	64	0	114049
144	52	81	0	114052
144	43	69	0	114087
144	45	76	0	114091
144	51	87	0	114136
128	52	64	0	114181
128	43	64	0	114221
128	45	64	0	114223
128	51	64	0	114331
144	57	80	0	114554
144	45	99	0	114577
144	56	79	0	114658
128	57	64	0	114699
128	45	64	0	114779
144	54	75	0	114815
128	56	64	0	114842
128	54	64	0	114949
144	53	71	0	114965
144	45	87	0	115071
144	51	98	0	115099
128	53	64	0	115141
128	45	64	0	115256
128	51	64	0	115282
144	57	84	0	115558
144	45	93	0	115561
144	56	78	0	115679
128	57	64	0	115715
128	45	64	0	115745
144	54	72	0	115809
128	56	64	0	115834
128	54	64	0	115941
144	52	71	0	115955
144	51	95	0	116029
144	45	90	0	116032
128	52	64	0	116067
128	51	64	0	116248
128	45	64	0	116290
144	57	78	0	116471
144	45	85	0	116485
144	56	61	0	116614
128	57	64	0	116623
144	54	68	0	116681
128	45	64	0	116718
128	56	64	0	116744
128	54	64	0	116813
144	53	55	0	116840
144	45	70	0	116953
144	51	79	0	116957
128	53	64	0	116979
128	45	64	0	117066
128	51	64	0	117096
144	42	80	0	117443
128	42	64	0	117529
144	51	87	0	117535
128	51	64	0	117612
144	42	76	0	117659
128	42	64	0	117731
144	51	77	0	117746
128	51	64	0	117840
144	42	80	0	117878
128	42	64	0	117942
144	51	79	0	117978
128	51	64	0	118061
144	42	81	0	118100
144	51	74	0	118168
128	42	64	0	118221
144	44	85	0	118320
128	51	64	0	118358
128	44	64	0	118428
144	49	84	0	118447
128	49	64	0	118558
144	42	80	0	118582
144	51	74	0	118653
128	42	64	0	118666
128	51	64	0	118722
144	46	84	0	118784
128	46	64	0	118847
144	52	72	0	118867
128	52	64	0	118990
144	47	82	0	119009
144	54	68	0	119115
128	47	64	0	119138
128	54	64	0	119184
144	49	75	0	119233
144	53	73	0	119344
128	49	64	0	119397
128	53	64	0	119462
144	48	72	0	119474
144	55	71	0	119578
144	50	64	0	119664
128	48	64	0	119667
128	55	64	0	119751
144	51	69	0	119813
128	50	64	0	119835
144	56	66	0	119853
128	56	64	0	119952
128	51	64	0	120039
144	52	53	0	120068
144	57	73	0	120072
128	57	64	0	120233
144	54	75	0	120272
128	52	64	0	120281
144	58	73	0	120312
128	58	64	0	120464
128	54	64	0	120491
144	53	82	0	120504
144	59	78	0	120512
128	59	64	0	120698
144	55	85	0	120724
128	53	64	0	120742
144	62	61	0	120745
144	60	64	0	120750
128	60	64	0	120824
128	62	64	0	120831
128	55	64	0	120838
144	54	94	0	120987
144	63	87	0	120995
128	54	64	0	121196
128	63	64	0	121198
144	60	82	0	121250
144	54	70	0	121272
144	59	60	0	121287
144	57	62	0	121302
128	54	64	0	121325
144	63	74	0	121367
128	57	64	0	121374
128	60	64	0	121381
128	59	64	0	121390
128	63	64	0	121472
144	60	78	0	121485
144	54	79	0	121494
144	59	81	0	121501
128	54	64	0	121614
128	59	64	0	121645
128	60	64	0	121667
144	63	70	0	121726
128	63	64	0	121945
144	60	84	0	121995
144	59	89	0	121999
144	54	77	0	122015
144	63	70	0	122098
128	60	64	0	122122
128	59	64	0	122171
128	54	64	0	122174
144	60	76	0	122202
128	63	64	0	122224
128	60	64	0	122353
144	59	92	0	122462
144	54	89	0	122470
144	63	93	0	122474
128	63	64	0	122638
128	54	64	0	122651
128	59	64	0	122654
144	60	93	0	122915
144	54	86	0	122922
144	62	85	0	122927
144	66	87	0	122937
128	62	64	0	123030
128	54	64	0	123034
128	60	64	0	123052
128	66	64	0	123055
144	66	67	0	123171
144	62	73	0	123182
144	60	80	0	123185
144	54	73	0	123203
128	66	64	0	123212
128	62	64	0	123228
128	60	64	0	123234
128	54	64	0	123240
144	62	80	0	123294
144	66	68	0	123304
144	60	81	0	123307
144	54	64	0	123324
128	66	64	0	123352
128	54	64	0	123373
128	60	64	0	123402
128	62	64	0	123405
144	66	87	0	123427
144	62	65	0	123430
144	54	87	0	123445
144	60	89	0	123448
128	54	64	0	123536
128	60	64	0	123548
128	62	64	0	123558
128	66	64	0	123561
144	60	88	0	123660
144	62	90	0	123670
144	54	85	0	123674
144	66	70	0	123682
128	60	64	0	123771
128	62	64	0	123784
128	66	64	0	123787
128	54	64	0	123792
144	54	77	0	123914
144	58	83	0	123924
144	62	92	0	123928
144	66	85	0	123937
128	58	64	0	123994
128	54	64	0	124020
128	66	64	0	124025
128	62	64	0	124048
144	54	65	0	124125
144	58	83	0	124133
144	62	72	0	124152
144	66	82	0	124156
128	58	64	0	124242
128	54	64	0	124244
128	66	64	0	124260
128	62	64	0	124271
144	66	91	0	124398
144	62	87	0	124402
144	54	102	0	124405
144	58	91	0	124408
128	66	64	0	124591
128	58	64	0	124610
128	62	64	0	124612
128	54	64	0	124621
144	54	81	0	124815
144	58	87	0	124832
144	66	94	0	124850
128	58	64	0	124997
128	54	64	0	125001
128	66	64	0	125058
144	70	76	0	125095
128	70	64	0	125157
144	66	74	0	125183
144	54	78	0	125300
144	58	82	0	125303
144	62	78	0	125311
144	70	88	0	125314
128	66	64	0	125328
128	62	64	0	125434
128	54	64	0	125438
128	58	64	0	125447
128	70	64	0	125450
144	54	85	0	125760
144	74	82	0	125764
144	62	87	0	125767
144	58	81	0	125770
128	74	64	0	125978
128	54	64	0	125989
144	66	75	0	126000
128	62	64	0	126018
128	58	64	0	126022
128	66	64	0	126070
144	74	71	0	126104
144	54	84	0	126202
144	62	84	0	126208
144	58	78	0	126212
144	66	95	0	126222
128	74	64	0	126278
128	62	64	0	126370
128	54	64	0	126376
128	66	64	0	126382
128	58	64	0	126390
144	54	81	0	126638
144	62	85	0	126642
144	72	75	0	126645
144	58	77	0	126652
144	66	79	0	126743
128	72	64	0	126764
128	54	64	0	126822
128	62	64	0	126848
128	66	64	0	126858
128	58	64	0	126860
144	72	60	0	126874
128	72	64	0	126974
144	66	64	0	126983
128	66	64	0	127082
144	62	75	0	127085
144	72	70	0	127087
144	54	74	0	127091
144	58	63	0	127097
128	72	64	0	127202
144	66	66	0	127216
128	54	64	0	127222
128	58	64	0	127246
128	62	64	0	127253
128	66	64	0	127272
144	72	71	0	127308
128	72	64	0	127416
144	66	82	0	127434
128	66	64	0	127494
144	62	68	0	127526
144	74	83	0	127536
144	54	66	0	127541
144	58	64	0	127546
128	74	64	0	127649
144	66	81	0	127660
128	54	64	0	127695
128	62	64	0	127702
128	58	64	0	127705
128	66	64	0	127738
144	74	68	0	127752
128	74	64	0	127868
144	66	77	0	127872
144	58	81	0	127969
144	62	75	0	127973
144	54	78	0	127976
144	75	87	0	128004
128	66	64	0	128036
128	62	64	0	128082
128	54	64	0	128107
128	75	64	0	128114
128	58	64	0	128117
144	75	89	0	128412
144	54	86	0	128418
144	58	82	0	128431
144	62	80	0	128438
128	62	64	0	128478
128	75	64	0	128586
144	74	71	0	128597
128	54	64	0	128611
128	58	64	0	128638
128	74	64	0	128672
144	75	63	0	128715
144	74	81	0	128811
128	75	64	0	128832
144	62	67	0	128858
144	54	63	0	128861
144	72	88	0	128870
144	58	60	0	128874
128	74	64	0	128892
128	58	64	0	129007
128	72	64	0	129010
144	70	86	0	129013
128	62	64	0	129016
128	54	64	0	129026
128	70	64	0	129098
144	69	89	0	129121
128	69	64	0	129284
144	54	78	0	129380
144	62	71	0	129393
144	58	80	0	129401
144	75	91	0	129401
128	54	64	0	129561
128	75	64	0	129590
144	74	70	0	129603
128	58	64	0	129616
128	62	64	0	129618
128	74	64	0	129687
144	75	66	0	129706
144	74	74	0	129803
128	75	64	0	129837
144	72	83	0	129878
144	54	67	0	129883
128	74	64	0	129892
144	58	66	0	129902
144	62	62	0	129904
144	70	84	0	130000
128	72	64	0	130024
128	54	64	0	130044
128	58	64	0	130047
128	62	64	0	130062
144	69	90	0	130077
128	70	64	0	130110
128	69	64	0	130246
144	62	81	0	130342
144	54	80	0	130347
144	58	72	0	130360
144	69	84	0	130374
144	70	83	0	130506
128	69	64	0	130524
128	54	64	0	130544
128	62	64	0	130546
128	58	64	0	130552
128	70	64	0	130569
144	67	76	0	130595
144	70	78	0	130692
128	67	64	0	130709
144	54	76	0	130781
144	62	73	0	130790
144	69	88	0	130794
144	58	72	0	130804
128	70	64	0	130812
128	69	64	0	130939
144	66	91	0	130975
128	54	64	0	130991
128	58	64	0	131012
128	62	64	0	131016
128	66	64	0	131112
144	67	87	0	131118
144	54	81	0	131394
144	62	80	0	131400
144	58	80	0	131404
144	69	88	0	131407
128	67	64	0	131445
128	69	64	0	131628
128	54	64	0	131630
128	62	64	0	131653
128	58	64	0	131664
144	69	83	0	131701
144	70	81	0	131809
128	69	64	0	131834
128	70	64	0	131927
144	62	78	0	131946
144	67	85	0	131949
144	54	74	0	131952
144	58	70	0	131958
144	66	93	0	132122
128	54	64	0	132137
128	67	64	0	132148
128	62	64	0	132156
128	58	64	0	132172
128	66	64	0	132270
144	69	92	0	132280
144	54	81	0	132730
144	62	62	0	132733
128	69	64	0	132745
144	74	81	0	132748
144	58	79	0	132754
144	72	61	0	132779
128	72	64	0	132853
128	74	64	0	132912
128	54	64	0	132948
128	58	64	0	132997
128	62	64	0	133002
144	74	82	0	133037
144	75	84	0	133150
128	74	64	0	133181
144	74	77	0	133269
128	75	64	0	133276
144	58	80	0	133279
144	54	70	0	133283
144	62	64	0	133296
144	72	88	0	133434
128	74	64	0	133455
128	54	64	0	133492
128	58	64	0	133499
128	62	64	0	133525
144	74	68	0	133534
128	72	64	0	133586
144	75	80	0	133614
128	74	64	0	133670
144	62	64	0	133767
144	58	63	0	133769
144	54	66	0	133773
144	77	83	0	133777
128	75	64	0	133801
128	77	64	0	133964
128	54	64	0	133968
128	58	64	0	133974
128	62	64	0	133982
144	78	91	0	134063
128	78	64	0	134153
144	78	87	0	134315
144	62	84	0	134317
144	54	79	0	134321
144	58	80	0	134325
128	54	64	0	134538
144	77	77	0	134545
128	78	64	0	134551
128	58	64	0	134568
128	62	64	0	134577
128	77	64	0	134689
144	75	79	0	134693
144	74	90	0	134773
144	54	85	0	134791
144	58	87	0	134793
128	75	64	0	134802
128	58	64	0	135003
128	54	64	0	135015
128	74	64	0	135019
144	74	94	0	135241
144	54	85	0	135267
144	62	80	0	135279
144	58	84	0	135283
128	54	64	0	135493
128	62	64	0	135503
128	58	64	0	135515
128	74	64	0	135535
144	62	90	0	135714
144	54	85	0	135717
144	58	86	0	135721
144	74	94	0	135723
128	74	64	0	135994
128	62	64	0	136002
128	54	64	0	136015
128	58	64	0	136025
144	74	82	0	136163
144	62	83	0	136182
144	54	85	0	136185
144	58	87	0	136192
128	58	64	0	136423
128	54	64	0	136431
128	62	64	0	136433
128	74	64	0	136443
144	82	73	0	136626
144	54	78	0	136635
144	62	80	0	136638
144	58	65	0	136646
144	78	68	0	136731
128	82	64	0	136741
128	58	64	0	136763
128	62	64	0	136774
128	54	64	0	136785
128	78	64	0	136789
144	74	59	0	136827
128	74	64	0	136941
144	86	63	0	136943
144	78	69	0	137066
128	86	64	0	137078
144	62	57	0	137085
144	54	62	0	137088
144	58	49	0	137102
128	78	64	0	137133
144	74	50	0	137151
128	58	64	0	137167
128	54	64	0	137181
128	62	64	0	137203
128	74	64	0	137237
144	84	69	0	137279
128	84	64	0	137387
144	74	69	0	137422
128	74	64	0	137501
144	86	74	0	137551
144	54	70	0	137565
144	62	55	0	137584
144	58	47	0	137622
128	86	64	0	137671
144	78	73	0	137677
128	54	64	0	137713
144	74	59	0	137718
128	58	64	0	137722
128	78	64	0	137737
128	62	64	0	137753
128	74	64	0	137801
144	84	64	0	137856
144	78	63	0	137978
128	84	64	0	137985
144	74	66	0	138025
128	78	64	0	138031
144	62	66	0	138106
144	54	70	0	138112
128	74	64	0	138119
144	82	76	0	138148
144	58	44	0	138152
128	54	64	0	138213
128	58	64	0	138219
128	62	64	0	138223
144	78	70	0	138228
128	82	64	0	138243
144	74	65	0	138289
128	78	64	0	138293
144	81	74	0	138393
128	74	64	0	138395
128	81	64	0	138526
144	54	79	0	138671
144	62	75	0	138673
144	81	81	0	138681
144	58	70	0	138684
128	81	64	0	138825
128	54	64	0	138875
128	58	64	0	138887
128	62	64	0	138891
144	81	58	0	138929
128	81	64	0	139023
144	74	71	0	139026
128	74	64	0	139154
144	54	74	0	139165
144	81	73	0	139168
144	62	66	0	139174
144	58	65	0	139193
128	58	64	0	139407
128	62	64	0	139414
128	54	64	0	139433
144	74	73	0	139453
128	81	64	0	139474
128	74	64	0	139571
144	62	80	0	139677
144	54	73	0	139691
144	57	78	0	139695
144	74	92	0	139699
144	81	88	0	139708
128	74	64	0	139841
128	81	64	0	139875
128	57	64	0	139885
128	54	64	0	139891
128	62	64	0	139895
144	54	87	0	140679
144	63	87	0	140689
144	82	77	0	140702
144	78	68	0	140774
128	82	64	0	140783
128	78	64	0	140845
144	74	39	0	140883
128	54	64	0	140894
128	63	64	0	140910
144	82	66	0	140962
128	74	64	0	140972
128	82	64	0	141049
144	78	61	0	141074
128	78	64	0	141123
144	74	61	0	141135
128	74	64	0	141218
144	82	73	0	141236
144	54	78	0	141239
144	63	74	0	141253
128	82	64	0	141329
144	78	65	0	141349
128	63	64	0	141356
128	54	64	0	141361
128	78	64	0	141396
144	74	61	0	141401
144	82	79	0	141489
128	74	64	0	141494
144	78	66	0	141595
128	82	64	0	141625
128	78	64	0	141644
144	72	81	0	141693
144	54	80	0	141713
144	63	76	0	141716
144	78	76	0	141787
128	72	64	0	141825
128	63	64	0	141874
144	75	70	0	141880
128	78	64	0	141890
128	54	64	0	141895
144	72	71	0	141986
128	75	64	0	141994
144	78	76	0	142054
128	72	64	0	142064
144	75	67	0	142165
128	78	64	0	142167
144	63	63	0	142215
144	54	67	0	142218
128	75	64	0	142225
144	72	68	0	142233
144	78	73	0	142329
128	72	64	0	142339
128	63	64	0	142341
128	54	64	0	142365
144	75	70	0	142437
128	78	64	0	142445
128	75	64	0	142495
144	72	68	0	142506
144	78	71	0	142618
128	72	64	0	142634
144	63	74	0	142720
144	81	43	0	142728
144	75	70	0	142750
128	78	64	0	142756
144	55	60	0	142776
128	81	64	0	142814
144	72	75	0	142835
128	55	64	0	142840
128	75	64	0	142883
128	63	64	0	142937
144	81	76	0	142972
128	72	64	0	142976
144	78	59	0	143050
128	81	64	0	143123
128	78	64	0	143129
144	75	54	0	143133
144	72	68	0	143165
128	75	64	0	143196
144	55	71	0	143227
144	63	74	0	143256
128	72	64	0	143269
144	81	74	0	143279
144	78	69	0	143315
128	55	64	0	143362
128	81	64	0	143409
128	63	64	0	143413
144	75	66	0	143418
128	78	64	0	143435
144	72	64	0	143442
128	75	64	0	143480
128	72	64	0	143542
144	81	71	0	143570
144	78	68	0	143613
128	78	64	0	143683
128	81	64	0	143685
144	75	64	0	143705
144	63	80	0	143725
144	72	68	0	143740
144	57	76	0	143750
128	75	64	0	143756
144	81	54	0	143846
128	72	64	0	143849
144	83	55	0	143854
144	78	67	0	143884
128	83	64	0	143925
128	81	64	0	143947
128	57	64	0	143969
144	75	62	0	143978
128	78	64	0	144015
144	72	66	0	144019
128	63	64	0	144035
128	75	64	0	144047
144	81	70	0	144141
128	72	64	0	144153
144	78	56	0	144204
144	57	75	0	144250
144	63	79	0	144253
144	75	67	0	144289
128	81	64	0	144293
128	78	64	0	144326
144	72	71	0	144343
128	75	64	0	144374
128	63	64	0	144427
128	57	64	0	144430
144	81	69	0	144459
128	72	64	0	144482
144	78	76	0	144503
144	75	72	0	144588
128	81	64	0	144607
144	72	70	0	144626
128	78	64	0	144633
128	75	64	0	144645
128	72	64	0	144708
144	66	89	0	144760
144	69	89	0	144763
144	78	77	0	144767
144	75	75	0	144784
128	75	64	0	144891
128	78	64	0	144928
128	69	64	0	144940
128	66	64	0	144949
144	78	63	0	145019
144	75	73	0	145031
128	75	64	0	145154
128	78	64	0	145166
144	72	81	0	145200
144	69	76	0	145249
144	66	79	0	145266
144	78	68	0	145283
128	72	64	0	145314
128	69	64	0	145384
128	66	64	0	145405
128	78	64	0	145413
144	78	64	0	145526
128	78	64	0	145634
144	78	76	0	145760
144	69	86	0	145777
144	66	89	0	145780
144	75	73	0	146025
128	78	64	0	146031
128	66	64	0	146074
128	69	64	0	146084
128	75	64	0	146141
144	78	75	0	146164
144	75	61	0	146236
144	62	81	0	146283
144	66	84	0	146288
128	78	64	0	146296
144	74	94	0	146310
128	75	64	0	146364
128	66	64	0	146450
128	74	64	0	146459
128	62	64	0	146469
144	69	86	0	146834
144	71	61	0	146860
128	71	64	0	146963
144	81	68	0	147008
144	70	78	0	147298
128	69	64	0	147324
144	82	80	0	147338
128	81	64	0	147357
128	82	64	0	147528
144	84	66	0	147530
144	72	78	0	147556
128	70	64	0	147564
144	73	95	0	147798
144	85	88	0	147806
128	72	64	0	147839
128	84	64	0	147845
128	73	64	0	147928
128	85	64	0	147946
144	74	98	0	148306
144	86	106	0	148310
128	74	64	0	148444
128	86	64	0	148446
