144	48	63	0	1740
144	51	63	0	1948
128	48	64	0	1973
144	54	72	0	2057
128	51	64	0	2103
128	54	64	0	2247
144	48	71	0	2261
144	51	57	0	2421
128	48	64	0	2446
144	54	63	0	2585
128	51	64	0	2625
128	54	64	0	2729
144	57	75	0	2755
144	54	69	0	2918
128	57	64	0	2946
144	51	47	0	3049
128	54	64	0	3059
128	51	64	0	3213
144	48	85	0	3216
128	48	64	0	3449
144	48	72	0	3752
144	51	62	0	3942
128	48	64	0	3947
144	54	69	0	4160
128	51	64	0	4170
144	48	69	0	4333
128	54	64	0	4335
144	51	58	0	4507
128	48	64	0	4520
144	54	58	0	4709
128	51	64	0	4749
128	54	64	0	4860
144	57	77	0	4881
144	54	68	0	5049
128	57	64	0	5076
144	51	58	0	5222
128	54	64	0	5232
128	51	64	0	5365
144	48	78	0	5380
128	48	64	0	5620
144	63	70	0	6093
144	60	76	0	6251
128	63	64	0	6269
144	57	65	0	6372
128	60	64	0	6397
144	54	84	0	6571
128	57	64	0	6597
128	54	64	0	6787
144	69	64	0	7139
144	66	68	0	7292
128	69	64	0	7321
144	63	63	0	7468
128	66	64	0	7478
144	60	81	0	7666
128	63	64	0	7706
128	60	64	0	7881
144	75	68	0	8271
144	72	58	0	8426
128	75	64	0	8459
128	72	64	0	8550
144	69	54	0	8561
128	69	64	0	8765
144	66	73	0	8777
128	66	64	0	8961
144	81	69	0	9354
144	78	64	0	9521
128	81	64	0	9535
144	75	55	0	9663
128	78	64	0	9671
128	75	64	0	9843
144	72	72	0	9855
128	72	64	0	10150
144	57	50	0	10384
144	72	65	0	10390
144	51	49	0	10412
144	54	58	0	10424
144	48	39	0	10431
128	72	64	0	10555
144	75	50	0	10571
128	54	64	0	10573
128	51	64	0	10579
128	48	64	0	10601
128	57	64	0	10613
128	75	64	0	10701
144	78	54	0	10719
128	78	64	0	10804
144	57	46	0	10859
144	48	37	0	10874
144	72	58	0	10884
144	51	51	0	10889
144	54	53	0	10901
128	54	64	0	10972
128	48	64	0	10995
128	51	64	0	10997
128	72	64	0	11011
128	57	64	0	11014
144	75	57	0	11028
128	75	64	0	11165
144	78	50	0	11180
144	48	49	0	11315
144	51	47	0	11335
128	78	64	0	11338
144	57	38	0	11341
144	54	55	0	11362
144	81	58	0	11372
128	48	64	0	11436
128	54	64	0	11458
128	57	64	0	11465
128	51	64	0	11476
128	81	64	0	11526
144	78	48	0	11530
128	78	64	0	11664
144	75	47	0	11673
128	75	64	0	11765
144	48	52	0	11809
144	51	51	0	11824
144	72	72	0	11827
144	54	57	0	11841
144	57	47	0	11845
128	54	64	0	11911
128	48	64	0	11920
128	57	64	0	11925
128	51	64	0	11927
128	72	64	0	11932
144	51	62	0	12270
144	72	68	0	12282
144	57	53	0	12298
144	54	59	0	12304
128	54	64	0	12373
128	51	64	0	12414
128	57	64	0	12416
128	72	64	0	12428
144	75	48	0	12466
128	75	64	0	12571
144	78	53	0	12605
128	78	64	0	12681
144	57	49	0	12763
144	51	51	0	12765
144	72	63	0	12778
144	54	53	0	12781
128	54	64	0	12839
128	51	64	0	12852
128	57	64	0	12859
128	72	64	0	12875
144	75	52	0	12939
128	75	64	0	13046
144	78	50	0	13090
144	57	50	0	13212
144	51	53	0	13222
144	48	40	0	13225
128	78	64	0	13228
144	54	56	0	13234
144	81	61	0	13244
128	54	64	0	13314
128	48	64	0	13318
128	51	64	0	13335
128	57	64	0	13344
128	81	64	0	13403
144	78	53	0	13419
144	75	48	0	13552
128	78	64	0	13563
144	57	66	0	13669
144	72	57	0	13677
144	51	61	0	13697
144	48	40	0	13704
144	54	61	0	13712
128	75	64	0	13733
128	48	64	0	13839
128	54	64	0	13856
128	51	64	0	13860
128	57	64	0	13862
128	72	64	0	13875
144	81	64	0	14113
144	57	68	0	14134
144	51	67	0	14139
144	48	53	0	14144
144	54	68	0	14169
144	78	78	0	14288
128	81	64	0	14288
128	48	64	0	14316
128	54	64	0	14336
128	57	64	0	14344
128	51	64	0	14352
128	78	64	0	14418
144	79	64	0	14451
144	76	71	0	14563
128	79	64	0	14573
144	57	54	0	14599
144	51	59	0	14604
144	54	61	0	14611
144	48	47	0	14619
144	78	67	0	14717
128	48	64	0	14744
128	76	64	0	14747
128	51	64	0	14761
128	57	64	0	14764
128	54	64	0	14766
144	75	59	0	14854
128	78	64	0	14862
128	75	64	0	14968
144	57	60	0	14999
144	76	74	0	15001
144	51	62	0	15006
144	54	59	0	15009
144	48	53	0	15018
144	75	70	0	15138
128	76	64	0	15153
128	48	64	0	15160
128	51	64	0	15171
128	54	64	0	15173
128	57	64	0	15180
144	73	57	0	15291
128	75	64	0	15298
144	72	83	0	15448
144	51	59	0	15450
144	57	69	0	15454
128	73	64	0	15456
144	54	64	0	15458
144	48	55	0	15464
128	48	64	0	15573
128	54	64	0	15577
128	51	64	0	15590
128	72	64	0	15601
128	57	64	0	15603
144	81	66	0	15882
144	57	58	0	15886
144	51	59	0	15893
144	48	53	0	15896
144	54	66	0	15899
144	78	73	0	16020
128	81	64	0	16035
128	48	64	0	16054
128	54	64	0	16068
128	51	64	0	16071
128	57	64	0	16073
128	78	64	0	16141
144	79	64	0	16168
128	79	64	0	16282
144	76	70	0	16294
144	57	58	0	16311
144	51	59	0	16322
144	48	49	0	16326
144	54	64	0	16329
144	78	68	0	16456
128	76	64	0	16474
128	48	64	0	16488
128	54	64	0	16489
128	51	64	0	16492
128	57	64	0	16500
128	78	64	0	16656
144	75	67	0	16659
144	54	55	0	16756
144	51	56	0	16758
144	57	53	0	16763
144	48	49	0	16765
128	75	64	0	16805
144	76	74	0	16813
128	48	64	0	16919
128	51	64	0	16921
128	54	64	0	16925
128	57	64	0	16927
144	75	44	0	16931
128	76	64	0	16959
128	75	64	0	17088
144	73	59	0	17095
144	57	62	0	17226
128	73	64	0	17230
144	54	64	0	17237
144	48	48	0	17240
144	51	63	0	17243
144	72	82	0	17245
128	48	64	0	17462
128	57	64	0	17478
128	51	64	0	17481
128	54	64	0	17488
128	72	64	0	17547
144	57	75	0	17706
144	51	69	0	17711
144	76	77	0	17713
144	48	61	0	17719
144	54	68	0	17721
144	75	67	0	17881
128	76	64	0	17919
128	48	64	0	17922
128	57	64	0	17934
128	51	64	0	17946
128	54	64	0	17949
144	73	56	0	18015
128	75	64	0	18028
128	73	64	0	18104
144	72	71	0	18144
144	57	64	0	18178
144	54	64	0	18190
144	51	63	0	18193
144	48	53	0	18195
128	72	64	0	18292
144	70	72	0	18298
128	48	64	0	18362
128	57	64	0	18375
128	51	64	0	18379
128	54	64	0	18382
144	69	68	0	18446
128	70	64	0	18449
128	69	64	0	18566
144	57	66	0	18602
144	54	65	0	18605
144	51	66	0	18608
144	48	60	0	18613
144	76	52	0	18795
144	77	52	0	18797
128	48	64	0	18896
128	51	64	0	18904
128	57	64	0	18906
128	54	64	0	18912
128	77	64	0	18976
128	76	64	0	18979
144	76	33	0	19103
144	77	29	0	19117
144	75	77	0	19160
128	77	64	0	19199
128	76	64	0	19215
144	73	73	0	19314
128	75	64	0	19336
128	73	64	0	19501
144	72	70	0	19511
144	57	62	0	19559
144	51	59	0	19561
144	54	63	0	19566
144	48	58	0	19571
144	70	71	0	19706
128	72	64	0	19738
128	48	64	0	19741
128	51	64	0	19757
128	54	64	0	19760
128	57	64	0	19762
144	69	71	0	19903
128	70	64	0	19912
144	57	62	0	20031
128	69	64	0	20038
144	51	62	0	20044
144	54	63	0	20048
144	48	55	0	20051
144	76	68	0	20056
128	48	64	0	20235
144	75	66	0	20242
128	54	64	0	20244
128	57	64	0	20249
128	51	64	0	20250
128	76	64	0	20296
144	73	55	0	20403
128	75	64	0	20421
144	51	61	0	20539
144	57	66	0	20543
144	54	63	0	20546
144	72	74	0	20549
144	48	53	0	20552
128	73	64	0	20555
144	70	70	0	20705
128	72	64	0	20723
128	48	64	0	20739
128	57	64	0	20741
128	54	64	0	20747
128	51	64	0	20755
144	69	67	0	20843
128	70	64	0	20851
144	54	63	0	21015
144	51	62	0	21018
144	67	70	0	21021
144	57	63	0	21023
128	69	64	0	21030
144	48	53	0	21032
144	66	72	0	21173
128	67	64	0	21198
128	57	64	0	21210
128	48	64	0	21213
128	54	64	0	21222
128	51	64	0	21229
144	63	68	0	21340
128	63	64	0	21386
128	66	64	0	21543
144	64	65	0	21548
144	57	51	0	21758
144	48	59	0	21765
144	63	82	0	21773
144	51	72	0	21782
144	54	80	0	21792
128	64	64	0	21806
128	63	64	0	22159
128	48	64	0	22165
128	57	64	0	22215
128	51	64	0	22241
128	54	64	0	22269
144	57	65	0	22534
144	48	59	0	22540
144	51	75	0	22542
144	54	74	0	22546
144	76	71	0	22548
144	75	66	0	22732
128	48	64	0	22804
128	76	64	0	22808
128	57	64	0	22812
128	51	64	0	22832
128	54	64	0	22836
144	73	68	0	22888
128	75	64	0	22944
144	72	55	0	23043
144	54	69	0	23065
128	73	64	0	23069
144	51	66	0	23079
144	48	64	0	23089
144	57	66	0	23091
128	72	64	0	23217
144	70	73	0	23249
128	48	64	0	23313
128	57	64	0	23317
128	51	64	0	23329
128	54	64	0	23345
144	69	74	0	23393
128	70	64	0	23425
144	57	72	0	23552
144	51	70	0	23566
144	54	72	0	23574
144	48	58	0	23576
128	69	64	0	23580
144	76	65	0	23600
144	75	63	0	23766
128	48	64	0	23800
128	57	64	0	23812
128	51	64	0	23832
128	54	64	0	23834
128	76	64	0	23838
128	75	64	0	23962
144	57	58	0	24085
144	54	67	0	24087
144	51	63	0	24091
144	48	54	0	24095
144	70	70	0	24241
128	70	64	0	24387
144	69	63	0	24388
128	48	64	0	24451
128	57	64	0	24474
128	51	64	0	24489
128	54	64	0	24520
128	69	64	0	24640
144	72	52	0	24644
128	72	64	0	24719
144	76	61	0	24976
144	48	64	0	24991
144	51	63	0	24993
144	57	57	0	25001
144	54	61	0	25007
144	75	68	0	25167
128	76	64	0	25234
128	48	64	0	25257
128	57	64	0	25288
128	51	64	0	25304
128	54	64	0	25310
144	73	61	0	25318
128	75	64	0	25355
128	73	64	0	25469
144	72	74	0	25475
144	57	68	0	25499
144	51	65	0	25515
144	54	66	0	25519
144	48	55	0	25521
144	70	76	0	25630
128	72	64	0	25656
128	48	64	0	25726
128	57	64	0	25741
128	54	64	0	25752
128	51	64	0	25755
144	69	69	0	25786
128	70	64	0	25801
144	67	74	0	25958
144	57	65	0	25968
144	51	68	0	25970
128	69	64	0	25973
144	54	65	0	25976
144	48	58	0	25980
144	66	75	0	26130
128	67	64	0	26158
128	57	64	0	26194
128	48	64	0	26200
128	54	64	0	26211
128	51	64	0	26222
144	64	80	0	26311
128	66	64	0	26317
144	57	66	0	26491
144	51	67	0	26497
144	63	83	0	26499
144	48	64	0	26502
144	54	67	0	26506
128	64	64	0	26530
128	48	64	0	26891
128	57	64	0	26893
128	51	64	0	26909
128	54	64	0	26918
128	63	64	0	26958
144	51	67	0	27247
144	48	64	0	27250
144	57	73	0	27253
144	54	73	0	27255
144	66	76	0	27269
144	64	58	0	27428
128	66	64	0	27437
144	63	67	0	27569
128	57	64	0	27573
128	48	64	0	27575
128	64	64	0	27594
128	51	64	0	27596
128	54	64	0	27600
144	61	61	0	27748
128	63	64	0	27766
144	54	63	0	27781
144	57	71	0	27784
144	51	68	0	27786
144	48	62	0	27790
144	60	72	0	27954
128	61	64	0	27958
128	57	64	0	28008
128	51	64	0	28014
128	48	64	0	28018
128	54	64	0	28020
144	58	74	0	28120
128	60	64	0	28149
128	58	64	0	28250
144	48	67	0	28511
144	57	71	0	28516
144	51	71	0	28519
144	54	70	0	28521
144	66	75	0	28535
128	66	64	0	28761
144	64	51	0	28785
144	65	52	0	28788
128	65	64	0	28936
128	48	64	0	29061
128	51	64	0	29079
128	57	64	0	29082
128	54	64	0	29090
144	66	58	0	29155
128	64	64	0	29177
128	66	64	0	29235
144	66	82	0	29568
144	48	73	0	29586
144	57	80	0	29589
144	51	72	0	29591
144	54	68	0	29598
144	64	71	0	29800
128	66	64	0	29808
128	48	64	0	29895
128	57	64	0	29910
128	51	64	0	29919
128	54	64	0	29926
144	63	71	0	29930
128	64	64	0	29968
144	61	74	0	30151
144	57	70	0	30154
144	54	66	0	30158
144	51	65	0	30160
144	48	60	0	30162
128	63	64	0	30180
144	60	72	0	30315
128	61	64	0	30327
128	54	64	0	30385
128	57	64	0	30389
128	51	64	0	30391
128	48	64	0	30402
144	58	83	0	30514
128	60	64	0	30556
128	58	64	0	30630
144	51	68	0	30708
144	57	69	0	30710
144	54	68	0	30713
144	48	58	0	30716
144	66	73	0	30751
144	64	75	0	30921
128	66	64	0	30924
128	48	64	0	30985
128	51	64	0	31006
128	54	64	0	31010
128	57	64	0	31012
144	63	68	0	31048
128	64	64	0	31093
144	57	59	0	31261
144	54	64	0	31277
144	61	70	0	31280
144	51	59	0	31282
144	48	53	0	31288
128	63	64	0	31304
144	60	66	0	31431
128	61	64	0	31439
128	51	64	0	31534
128	48	64	0	31536
128	57	64	0	31540
128	54	64	0	31542
144	58	73	0	31616
128	60	64	0	31653
128	58	64	0	31673
144	51	68	0	31803
144	54	69	0	31805
144	48	62	0	31812
144	66	73	0	31845
144	64	75	0	32019
128	66	64	0	32021
128	54	64	0	32146
128	48	64	0	32154
144	63	68	0	32157
128	51	64	0	32159
128	64	64	0	32182
144	51	70	0	32384
144	54	73	0	32388
144	48	65	0	32392
144	61	73	0	32399
128	63	64	0	32438
144	60	68	0	32629
128	61	64	0	32645
128	54	64	0	32739
128	48	64	0	32747
128	51	64	0	32759
144	58	79	0	32902
128	60	64	0	32936
144	48	78	0	33278
144	57	87	0	33288
128	58	64	0	33298
144	55	69	0	33494
128	57	64	0	33545
128	48	64	0	33603
144	54	74	0	33713
128	55	64	0	33735
144	48	78	0	34109
144	52	92	0	34121
128	54	64	0	34173
128	48	64	0	34748
128	52	64	0	34849
144	51	85	0	34897
144	48	85	0	34903
128	51	64	0	35056
144	52	72	0	35059
128	48	64	0	35156
144	51	55	0	35182
128	52	64	0	35191
128	51	64	0	35328
144	52	72	0	35358
144	48	80	0	35378
128	52	64	0	35507
144	51	73	0	35509
128	48	64	0	35579
144	52	72	0	35651
128	51	64	0	35653
144	54	73	0	35805
128	52	64	0	35809
144	48	77	0	35821
128	54	64	0	35951
144	55	72	0	35965
128	48	64	0	36048
144	54	74	0	36142
128	55	64	0	36182
144	48	85	0	36284
128	54	64	0	36294
144	52	90	0	36299
128	48	64	0	36519
128	52	64	0	36533
144	48	93	0	36735
144	51	81	0	36743
144	52	79	0	36853
128	51	64	0	36859
128	48	64	0	36961
128	52	64	0	36987
144	51	62	0	36993
128	51	64	0	37136
144	52	80	0	37144
144	48	80	0	37151
128	52	64	0	37258
144	51	64	0	37270
128	48	64	0	37328
128	51	64	0	37420
144	52	73	0	37426
144	48	65	0	37559
144	54	70	0	37569
128	52	64	0	37603
128	54	64	0	37709
144	55	69	0	37715
128	48	64	0	37772
144	54	66	0	37887
128	55	64	0	37900
128	54	64	0	38023
144	48	77	0	38029
144	52	84	0	38039
128	48	64	0	38222
128	52	64	0	38402
144	51	75	0	38456
144	48	84	0	38469
128	51	64	0	38545
144	52	75	0	38557
128	48	64	0	38633
144	51	72	0	38720
128	52	64	0	38722
144	49	86	0	38864
128	51	64	0	38878
128	49	64	0	39043
144	48	84	0	39310
144	52	87	0	39312
144	51	69	0	39457
128	52	64	0	39488
128	48	64	0	39493
144	49	78	0	39651
128	51	64	0	39683
144	48	93	0	39780
128	49	64	0	39827
128	48	64	0	40012
144	52	81	0	40149
144	51	78	0	40364
128	52	64	0	40414
144	49	76	0	40502
128	51	64	0	40531
144	48	95	0	40619
128	49	64	0	40651
128	48	64	0	40989
144	36	86	0	41031
128	36	64	0	41294
144	48	81	0	41982
144	60	65	0	42015
144	63	66	0	42119
128	60	64	0	42139
128	48	64	0	42208
144	60	60	0	42258
128	63	64	0	42260
144	63	60	0	42378
128	60	64	0	42398
144	48	72	0	42408
128	63	64	0	42512
144	60	78	0	42545
128	48	64	0	42567
144	66	72	0	42727
128	60	64	0	42747
144	48	81	0	42837
144	63	80	0	42903
128	66	64	0	42935
128	48	64	0	43030
144	60	94	0	43301
144	48	80	0	43304
128	63	64	0	43307
128	48	64	0	43474
128	60	64	0	43501
144	48	89	0	43736
144	60	81	0	43739
144	63	73	0	43864
128	60	64	0	43883
128	48	64	0	43921
128	63	64	0	43968
144	60	64	0	43991
144	63	76	0	44132
128	60	64	0	44138
144	48	82	0	44151
128	63	64	0	44243
144	60	64	0	44251
128	48	64	0	44331
144	63	61	0	44394
128	60	64	0	44412
144	48	80	0	44545
128	63	64	0	44548
144	66	77	0	44551
144	63	74	0	44714
128	66	64	0	44725
128	48	64	0	44737
128	63	64	0	44843
144	60	82	0	44856
128	60	64	0	44990
144	48	80	0	44991
144	58	81	0	45028
128	58	64	0	45143
128	48	64	0	45175
144	48	83	0	45464
144	60	78	0	45467
144	63	74	0	45601
128	60	64	0	45633
128	48	64	0	45680
128	63	64	0	45724
144	60	57	0	45727
144	63	56	0	45825
128	60	64	0	45841
144	48	81	0	45872
128	63	64	0	45940
144	60	58	0	45965
128	48	64	0	46030
144	63	52	0	46057
128	60	64	0	46101
144	66	62	0	46224
128	63	64	0	46227
144	48	76	0	46262
128	48	64	0	46416
144	63	61	0	46424
128	66	64	0	46450
128	63	64	0	46508
144	60	64	0	46549
144	48	60	0	46650
144	57	73	0	46688
128	60	64	0	46711
128	57	64	0	46801
128	48	64	0	46818
144	48	80	0	47135
144	66	79	0	47155
144	63	67	0	47291
128	66	64	0	47318
128	48	64	0	47330
128	63	64	0	47418
144	60	58	0	47448
144	48	79	0	47549
144	69	67	0	47562
128	60	64	0	47585
144	66	61	0	47713
128	69	64	0	47729
128	48	64	0	47733
128	66	64	0	47885
144	63	50	0	47900
144	48	73	0	47950
128	63	64	0	47971
144	72	68	0	48022
144	69	61	0	48142
128	48	64	0	48159
128	72	64	0	48188
144	66	71	0	48336
128	69	64	0	48355
144	48	70	0	48423
144	63	89	0	48459
128	66	64	0	48520
128	48	64	0	48628
128	63	64	0	48694
144	48	82	0	48968
144	66	82	0	48997
144	63	70	0	49145
128	66	64	0	49155
128	48	64	0	49157
144	60	73	0	49273
128	63	64	0	49297
144	48	75	0	49375
144	69	71	0	49409
128	60	64	0	49415
144	66	58	0	49560
128	48	64	0	49564
128	69	64	0	49582
144	63	64	0	49706
128	66	64	0	49740
144	48	72	0	49811
128	63	64	0	49832
144	72	39	0	49862
144	69	63	0	50007
128	48	64	0	50021
128	72	64	0	50047
144	66	84	0	50181
128	69	64	0	50205
144	48	75	0	50335
144	63	84	0	50356
128	66	64	0	50379
128	63	64	0	50770
128	48	64	0	50782
144	48	80	0	51533
144	69	85	0	51546
144	66	82	0	51710
128	69	64	0	51738
144	67	76	0	51864
128	66	64	0	51875
128	48	64	0	51882
144	64	77	0	52025
128	67	64	0	52028
144	48	84	0	52048
144	66	67	0	52195
128	64	64	0	52237
128	48	64	0	52328
144	63	68	0	52385
128	66	64	0	52397
144	64	79	0	52531
144	48	85	0	52534
128	63	64	0	52536
144	63	68	0	52673
128	64	64	0	52714
128	48	64	0	52771
144	61	70	0	52856
128	63	64	0	52872
144	60	100	0	53008
144	48	89	0	53020
128	61	64	0	53022
128	48	64	0	53174
128	60	64	0	53223
144	48	81	0	54110
144	57	72	0	54115
144	69	81	0	54119
144	66	84	0	54310
128	69	64	0	54337
128	48	64	0	54402
128	57	64	0	54406
144	67	74	0	54408
128	66	64	0	54428
128	67	64	0	54567
144	64	81	0	54590
144	57	80	0	54595
144	48	82	0	54596
144	66	78	0	54726
128	64	64	0	54777
128	48	64	0	54816
128	57	64	0	54829
128	66	64	0	54909
144	63	81	0	54916
128	63	64	0	55064
144	64	88	0	55071
144	57	82	0	55073
144	48	82	0	55080
144	63	81	0	55217
128	57	64	0	55233
128	64	64	0	55245
128	48	64	0	55258
144	61	85	0	55382
128	63	64	0	55396
144	60	102	0	55548
128	61	64	0	55552
144	48	95	0	55560
144	57	89	0	55566
128	60	64	0	55765
128	48	64	0	55768
128	57	64	0	55771
144	48	82	0	56753
144	57	80	0	56757
144	78	88	0	56776
144	75	80	0	56930
128	78	64	0	56951
128	48	64	0	56992
128	57	64	0	57016
128	75	64	0	57085
144	72	86	0	57088
144	57	81	0	57235
144	48	80	0	57248
144	81	95	0	57261
128	72	64	0	57263
128	57	64	0	57519
128	81	64	0	57520
128	48	64	0	57532
144	57	70	0	57798
144	48	76	0	57800
144	78	85	0	57860
128	57	64	0	58143
128	48	64	0	58149
144	76	86	0	58231
128	78	64	0	58252
144	75	80	0	58407
128	76	64	0	58441
144	57	80	0	58641
144	48	81	0	58642
144	73	94	0	58645
128	75	64	0	58668
128	57	64	0	59001
128	48	64	0	59016
128	73	64	0	59156
144	76	81	0	59195
144	57	84	0	59207
144	48	81	0	59215
144	75	75	0	59342
128	76	64	0	59405
128	57	64	0	59446
128	48	64	0	59462
144	73	66	0	59501
128	75	64	0	59547
144	72	93	0	59668
128	73	64	0	59688
144	57	80	0	59695
144	48	80	0	59699
128	48	64	0	59939
128	57	64	0	59958
144	73	76	0	60070
128	72	64	0	60074
144	48	82	0	60128
144	57	79	0	60133
128	73	64	0	60207
144	72	77	0	60209
128	48	64	0	60297
128	57	64	0	60326
144	70	76	0	60375
128	72	64	0	60396
144	69	85	0	60586
144	48	83	0	60590
128	70	64	0	60594
144	57	76	0	60602
128	57	64	0	61087
128	48	64	0	61108
128	69	64	0	61256
144	48	81	0	61460
144	57	77	0	61466
144	69	77	0	61470
144	70	76	0	61619
128	69	64	0	61649
128	57	64	0	61673
144	67	65	0	61693
128	48	64	0	61701
128	70	64	0	61731
144	66	63	0	61856
144	57	73	0	61877
144	48	74	0	61887
128	66	64	0	61907
144	69	71	0	61943
128	67	64	0	61950
128	48	64	0	62100
128	57	64	0	62107
144	66	71	0	62212
128	69	64	0	62228
144	67	76	0	62449
128	66	64	0	62454
144	57	66	0	62667
144	48	69	0	62673
144	64	78	0	62691
128	67	64	0	62733
144	66	79	0	62899
128	64	64	0	62921
128	57	64	0	63002
128	48	64	0	63028
144	63	80	0	63140
128	66	64	0	63186
144	48	84	0	63326
144	64	84	0	63328
128	63	64	0	63332
144	57	78	0	63334
144	61	81	0	63571
128	64	64	0	63627
128	48	64	0	63671
128	57	64	0	63719
144	63	74	0	63781
128	61	64	0	63802
144	48	83	0	64004
144	60	85	0	64009
144	57	78	0	64017
128	63	64	0	64029
128	60	64	0	64897
128	48	64	0	65024
128	57	64	0	65072
144	57	72	0	65194
144	48	74	0	65207
144	69	75	0	65228
144	70	74	0	65415
128	69	64	0	65447
128	57	64	0	65543
144	67	78	0	65547
128	70	64	0	65560
128	48	64	0	65563
144	57	75	0	65724
144	69	79	0	65728
144	48	73	0	65735
128	67	64	0	65756
144	66	82	0	65891
128	69	64	0	65908
128	48	64	0	65972
128	57	64	0	65989
128	66	64	0	66024
144	67	79	0	66037
144	57	75	0	66176
144	48	72	0	66186
144	64	60	0	66192
128	67	64	0	66204
144	66	80	0	66328
128	64	64	0	66349
128	48	64	0	66406
128	57	64	0	66409
144	63	75	0	66503
128	66	64	0	66510
128	63	64	0	66634
144	64	81	0	66636
144	48	74	0	66647
144	57	73	0	66650
144	61	80	0	66801
128	64	64	0	66839
128	48	64	0	66867
128	57	64	0	66894
144	63	73	0	66956
128	61	64	0	66971
128	63	64	0	67104
144	48	76	0	67108
144	57	74	0	67112
144	60	90	0	67117
144	61	76	0	67288
128	60	64	0	67346
128	48	64	0	67354
128	57	64	0	67375
144	63	75	0	67429
128	61	64	0	67480
144	57	72	0	67599
144	48	74	0	67603
144	64	78	0	67604
128	63	64	0	67643
144	66	78	0	67769
128	57	64	0	67791
128	48	64	0	67797
128	64	64	0	67797
144	64	77	0	67949
128	66	64	0	67957
144	57	75	0	68020
144	48	73	0	68024
144	63	80	0	68119
128	64	64	0	68166
128	48	64	0	68234
128	57	64	0	68267
128	63	64	0	68296
144	64	69	0	68310
144	63	78	0	68528
128	64	64	0	68552
144	48	77	0	68661
144	57	70	0	68700
144	61	84	0	68734
128	63	64	0	68753
144	63	60	0	68873
128	61	64	0	68889
128	48	64	0	68932
128	57	64	0	68978
144	61	70	0	69043
128	63	64	0	69055
144	60	93	0	69213
144	48	88	0	69218
128	61	64	0	69225
144	57	83	0	69229
144	61	74	0	69382
128	60	64	0	69423
128	57	64	0	69499
128	48	64	0	69500
144	63	78	0	69522
128	61	64	0	69568
144	64	75	0	69671
144	48	81	0	69706
144	57	81	0	69709
128	63	64	0	69726
144	66	82	0	69820
128	64	64	0	69848
128	48	64	0	69918
128	57	64	0	69921
144	64	74	0	69993
128	66	64	0	70004
144	63	81	0	70129
144	57	80	0	70144
144	48	78	0	70154
128	64	64	0	70157
144	64	74	0	70286
128	63	64	0	70294
128	48	64	0	70322
128	57	64	0	70324
144	63	59	0	70420
128	64	64	0	70467
144	48	78	0	70540
144	57	77	0	70546
144	61	78	0	70590
128	63	64	0	70596
128	57	64	0	70714
128	48	64	0	70718
144	63	59	0	70722
128	61	64	0	70729
144	61	75	0	70873
128	63	64	0	70882
144	60	93	0	71058
144	48	90	0	71066
144	57	87	0	71069
128	61	64	0	71079
128	60	64	0	72084
128	48	64	0	72187
128	57	64	0	72260
144	70	84	0	72464
144	67	81	0	72467
144	60	82	0	72469
144	57	60	0	72486
144	48	65	0	72493
128	48	64	0	72582
128	60	64	0	72583
128	67	64	0	72600
128	57	64	0	72602
128	70	64	0	72620
144	66	93	0	72982
144	69	85	0	72987
144	57	72	0	72990
144	48	69	0	73000
128	66	64	0	73109
128	57	64	0	73113
128	48	64	0	73127
128	69	64	0	73143
144	57	89	0	73450
144	48	81	0	73463
144	69	85	0	73473
144	70	79	0	73611
128	69	64	0	73643
128	57	64	0	73659
128	48	64	0	73671
144	67	74	0	73732
128	70	64	0	73735
144	69	72	0	73887
144	48	73	0	73890
144	57	67	0	73893
128	67	64	0	73924
144	66	80	0	74037
128	69	64	0	74056
128	57	64	0	74060
128	48	64	0	74080
128	66	64	0	74164
144	67	79	0	74178
144	64	79	0	74312
144	57	76	0	74314
144	48	74	0	74321
128	67	64	0	74337
144	66	79	0	74458
128	64	64	0	74470
128	48	64	0	74508
128	57	64	0	74511
144	63	79	0	74624
128	66	64	0	74641
128	63	64	0	74772
144	64	88	0	74774
144	57	83	0	74786
144	48	81	0	74788
144	63	68	0	74934
128	64	64	0	74966
128	48	64	0	74987
128	57	64	0	74994
144	61	78	0	75055
128	63	64	0	75059
144	63	82	0	75222
128	61	64	0	75233
144	48	79	0	75436
144	60	98	0	75442
128	63	64	0	75450
144	57	78	0	75453
128	60	64	0	75741
128	48	64	0	75806
128	57	64	0	75812
144	69	78	0	75895
144	57	77	0	75923
144	48	78	0	75940
144	70	80	0	76035
128	69	64	0	76070
128	48	64	0	76123
144	67	74	0	76132
128	57	64	0	76135
128	70	64	0	76151
144	69	77	0	76295
144	48	75	0	76318
144	57	72	0	76323
128	67	64	0	76325
144	66	84	0	76442
128	69	64	0	76470
128	48	64	0	76520
128	57	64	0	76542
128	66	64	0	76584
144	67	71	0	76594
144	57	81	0	76730
144	64	77	0	76733
144	48	79	0	76740
128	67	64	0	76765
144	66	54	0	76924
128	64	64	0	76935
128	48	64	0	76936
128	57	64	0	76946
144	64	68	0	77185
128	66	64	0	77198
144	57	62	0	77351
144	48	66	0	77374
144	63	73	0	77402
128	64	64	0	77475
128	63	64	0	77826
128	57	64	0	77847
128	48	64	0	77880
144	57	85	0	78103
144	69	71	0	78109
144	48	84	0	78112
144	66	82	0	78262
128	69	64	0	78296
128	57	64	0	78362
128	48	64	0	78366
144	67	76	0	78381
128	66	64	0	78399
144	64	82	0	78499
128	67	64	0	78504
144	57	77	0	78537
144	48	77	0	78540
144	66	80	0	78616
128	64	64	0	78660
128	48	64	0	78746
128	57	64	0	78760
144	63	78	0	78793
128	66	64	0	78807
144	48	84	0	78929
144	64	81	0	78933
144	57	80	0	78936
128	63	64	0	78939
144	63	66	0	79059
128	64	64	0	79111
128	48	64	0	79118
128	57	64	0	79147
144	61	71	0	79211
128	63	64	0	79242
144	60	99	0	79333
144	57	89	0	79338
144	48	86	0	79343
128	61	64	0	79392
128	60	64	0	79500
128	48	64	0	79517
128	57	64	0	79519
144	57	89	0	80049
144	48	89	0	80058
144	69	89	0	80061
144	66	89	0	80241
128	69	64	0	80272
128	48	64	0	80332
144	67	77	0	80362
128	57	64	0	80382
128	66	64	0	80394
144	64	84	0	80482
128	67	64	0	80492
144	57	78	0	80500
144	48	80	0	80514
144	66	85	0	80625
128	64	64	0	80669
128	48	64	0	80703
128	57	64	0	80714
144	63	83	0	80774
128	66	64	0	80794
144	64	87	0	80901
128	63	64	0	80909
144	57	82	0	80922
144	48	82	0	80926
144	63	64	0	81030
128	64	64	0	81076
128	48	64	0	81117
128	57	64	0	81123
144	61	78	0	81177
128	63	64	0	81205
144	60	102	0	81309
144	57	90	0	81322
144	48	92	0	81326
128	61	64	0	81343
128	60	64	0	81605
128	48	64	0	81693
128	57	64	0	81753
144	57	90	0	82934
144	48	92	0	82937
144	75	89	0	82939
144	72	79	0	83110
128	75	64	0	83140
144	73	82	0	83285
128	48	64	0	83300
128	72	64	0	83320
128	57	64	0	83328
144	57	85	0	83496
144	48	87	0	83499
144	70	82	0	83502
128	73	64	0	83532
144	72	87	0	83662
128	70	64	0	83673
128	48	64	0	83822
128	57	64	0	83841
144	69	85	0	83869
128	72	64	0	83918
144	57	87	0	84062
144	48	87	0	84070
144	70	85	0	84078
128	69	64	0	84088
144	69	77	0	84230
128	70	64	0	84260
128	48	64	0	84338
128	57	64	0	84341
144	67	82	0	84353
128	69	64	0	84377
144	57	93	0	84538
144	48	94	0	84541
144	66	95	0	84544
128	67	64	0	84603
128	66	64	0	84727
128	57	64	0	84763
128	48	64	0	84769
144	57	84	0	85071
144	75	86	0	85074
144	48	89	0	85077
144	72	79	0	85185
128	75	64	0	85204
128	48	64	0	85294
128	57	64	0	85330
144	73	79	0	85348
128	72	64	0	85381
144	70	81	0	85503
128	73	64	0	85526
144	48	94	0	85529
144	57	75	0	85563
144	72	86	0	85649
128	70	64	0	85652
128	48	64	0	85774
128	57	64	0	85801
144	69	86	0	85812
128	72	64	0	85840
144	57	89	0	85985
144	48	87	0	85990
144	70	84	0	86010
128	69	64	0	86012
144	69	77	0	86149
128	70	64	0	86174
128	57	64	0	86198
128	48	64	0	86206
144	67	77	0	86285
128	69	64	0	86298
144	57	87	0	86439
144	48	87	0	86446
144	66	87	0	86455
128	67	64	0	86496
128	48	64	0	86712
128	57	64	0	86726
128	66	64	0	86817
144	69	72	0	86905
144	48	90	0	86932
144	57	91	0	86935
144	66	84	0	87041
128	69	64	0	87073
128	48	64	0	87148
128	57	64	0	87157
144	67	74	0	87177
128	66	64	0	87186
128	67	64	0	87287
144	64	78	0	87298
144	57	81	0	87331
144	48	84	0	87335
144	66	80	0	87421
128	64	64	0	87465
128	57	64	0	87509
128	48	64	0	87513
144	63	74	0	87577
128	66	64	0	87594
128	63	64	0	87701
144	64	79	0	87703
144	57	80	0	87716
144	48	75	0	87723
144	63	79	0	87849
128	64	64	0	87882
128	48	64	0	87889
128	57	64	0	87891
128	63	64	0	87988
144	61	84	0	88101
144	60	92	0	88276
128	61	64	0	88282
144	57	86	0	88314
144	48	85	0	88316
128	48	64	0	88807
128	57	64	0	88861
128	60	64	0	88889
144	48	93	0	89181
144	63	94	0	89189
144	60	84	0	89392
128	63	64	0	89433
144	61	76	0	89552
128	60	64	0	89622
128	48	64	0	89656
128	61	64	0	89684
144	48	89	0	89784
144	58	89	0	89788
144	60	88	0	89956
128	58	64	0	89966
144	57	81	0	90127
128	48	64	0	90132
128	60	64	0	90151
144	48	95	0	90328
144	58	86	0	90338
128	57	64	0	90341
144	57	77	0	90502
128	58	64	0	90529
128	48	64	0	90616
144	55	75	0	90644
128	57	64	0	90657
144	48	89	0	90855
144	54	94	0	90861
128	55	64	0	90884
128	54	64	0	91114
128	48	64	0	91153
144	48	92	0	91688
144	66	93	0	91704
144	63	84	0	91875
128	66	64	0	91916
144	64	81	0	92013
128	48	64	0	92016
128	63	64	0	92018
144	61	87	0	92203
144	48	96	0	92206
128	64	64	0	92237
144	63	78	0	92385
128	61	64	0	92407
128	48	64	0	92491
144	60	87	0	92535
128	63	64	0	92540
144	61	83	0	92721
144	48	93	0	92726
128	60	64	0	92748
144	60	75	0	92842
128	61	64	0	92865
128	48	64	0	93000
144	58	83	0	93008
128	60	64	0	93051
144	48	93	0	93194
144	57	90	0	93200
128	58	64	0	93225
128	57	64	0	93476
128	48	64	0	93532
144	69	76	0	93754
144	48	97	0	93759
144	66	82	0	93898
128	69	64	0	93936
128	48	64	0	94030
144	67	74	0	94033
128	66	64	0	94040
128	67	64	0	94162
144	64	78	0	94178
144	48	85	0	94194
144	66	75	0	94317
128	64	64	0	94375
128	48	64	0	94458
144	63	73	0	94495
128	66	64	0	94511
128	63	64	0	94620
144	64	78	0	94634
144	48	87	0	94637
144	63	75	0	94774
128	64	64	0	94812
128	48	64	0	94868
144	61	76	0	94916
128	63	64	0	94943
144	60	99	0	95042
144	48	93	0	95054
128	61	64	0	95077
128	60	64	0	95237
128	48	64	0	95282
144	48	83	0	95783
144	72	96	0	95787
144	69	83	0	95947
128	72	64	0	95964
128	48	64	0	96059
144	70	84	0	96087
128	69	64	0	96109
144	48	89	0	96250
144	67	86	0	96285
128	70	64	0	96290
144	69	80	0	96449
128	48	64	0	96487
128	67	64	0	96490
144	66	92	0	96631
128	69	64	0	96645
144	67	88	0	96831
128	66	64	0	96840
144	48	95	0	96850
144	66	87	0	97006
128	67	64	0	97054
128	48	64	0	97110
144	64	80	0	97155
128	66	64	0	97170
144	48	99	0	97373
144	63	98	0	97383
128	64	64	0	97432
128	48	64	0	97783
128	63	64	0	97811
144	63	68	0	97897
144	48	93	0	97915
144	64	76	0	98027
128	63	64	0	98041
128	48	64	0	98155
144	66	70	0	98193
128	64	64	0	98235
128	66	64	0	98360
144	61	87	0	98363
144	48	93	0	98385
128	48	64	0	98697
128	61	64	0	98725
144	61	68	0	98825
144	48	92	0	98834
144	63	78	0	98978
128	61	64	0	98997
128	48	64	0	99060
128	63	64	0	99110
144	64	66	0	99137
144	60	90	0	99278
144	48	93	0	99285
128	64	64	0	99341
128	48	64	0	99572
128	60	64	0	99583
144	60	60	0	99682
144	48	85	0	99711
144	61	76	0	99803
128	60	64	0	99857
128	48	64	0	99909
144	63	75	0	99977
128	61	64	0	99991
128	63	64	0	100041
144	48	93	0	100115
144	58	94	0	100130
128	48	64	0	100352
128	58	64	0	100363
144	48	85	0	100496
144	58	74	0	100512
144	60	70	0	100616
128	58	64	0	100637
128	48	64	0	100679
144	61	74	0	100777
128	60	64	0	100814
144	48	93	0	100892
144	57	92	0	100903
128	61	64	0	100915
128	48	64	0	101131
128	57	64	0	101156
144	57	69	0	101248
144	48	87	0	101285
144	58	66	0	101376
128	57	64	0	101417
128	48	64	0	101453
144	60	72	0	101512
128	58	64	0	101526
144	48	90	0	101615
144	55	87	0	101621
128	60	64	0	101646
128	55	64	0	101846
128	48	64	0	101868
144	55	58	0	101962
144	48	75	0	101972
144	57	68	0	102089
128	55	64	0	102136
128	48	64	0	102156
144	58	70	0	102209
128	57	64	0	102212
128	58	64	0	102251
144	48	89	0	102313
144	54	98	0	102340
128	48	64	0	102594
128	54	64	0	102597
144	48	82	0	102705
144	54	63	0	102709
144	55	78	0	102793
128	54	64	0	102815
128	48	64	0	102876
144	57	75	0	102957
128	55	64	0	102960
144	48	82	0	103051
144	58	82	0	103056
128	57	64	0	103074
144	57	66	0	103195
128	48	64	0	103199
128	58	64	0	103211
128	57	64	0	103260
144	55	67	0	103273
144	54	92	0	103372
144	48	90	0	103399
128	55	64	0	103406
128	54	64	0	103532
128	48	64	0	103554
144	48	90	0	103719
144	54	89	0	103748
144	55	78	0	103854
128	54	64	0	103859
128	48	64	0	103887
144	57	69	0	103999
128	55	64	0	104015
144	58	74	0	104078
128	57	64	0	104081
144	48	77	0	104083
128	48	64	0	104210
144	57	61	0	104226
128	58	64	0	104230
128	57	64	0	104278
144	55	69	0	104290
144	54	94	0	104421
144	48	92	0	104430
128	55	64	0	104450
128	54	64	0	104556
128	48	64	0	104583
144	54	79	0	104757
144	48	85	0	104776
144	55	75	0	104837
128	54	64	0	104872
128	48	64	0	104923
144	57	70	0	104997
128	55	64	0	105002
144	58	78	0	105102
128	57	64	0	105126
144	48	77	0	105133
128	48	64	0	105252
144	57	47	0	105262
128	58	64	0	105267
144	55	64	0	105310
128	57	64	0	105331
144	54	95	0	105450
144	48	89	0	105456
128	55	64	0	105481
128	54	64	0	105587
128	48	64	0	105592
144	60	75	0	105793
144	48	85	0	105804
144	63	72	0	105906
128	60	64	0	105925
128	48	64	0	105951
128	63	64	0	105974
144	60	66	0	106008
144	62	77	0	106105
128	60	64	0	106129
144	48	85	0	106150
144	63	74	0	106236
128	62	64	0	106261
128	48	64	0	106270
144	48	93	0	106539
144	60	90	0	106558
128	63	64	0	106578
128	48	64	0	106694
128	60	64	0	106788
144	60	81	0	106915
144	48	92	0	106921
144	62	70	0	107040
128	60	64	0	107055
128	48	64	0	107070
128	62	64	0	107157
144	60	64	0	107166
144	62	66	0	107241
128	60	64	0	107279
144	48	90	0	107285
144	63	72	0	107372
128	62	64	0	107429
128	48	64	0	107451
144	66	71	0	107531
128	63	64	0	107540
144	63	53	0	107651
144	48	87	0	107654
128	66	64	0	107686
144	62	62	0	107797
128	48	64	0	107801
128	63	64	0	107808
144	66	76	0	107936
128	62	64	0	107939
144	48	81	0	108000
144	63	70	0	108043
128	66	64	0	108065
144	62	63	0	108158
128	48	64	0	108161
128	63	64	0	108169
144	66	58	0	108293
128	62	64	0	108306
144	48	79	0	108366
144	63	67	0	108409
128	66	64	0	108423
128	48	64	0	108497
144	62	53	0	108524
128	63	64	0	108547
128	62	64	0	108676
144	66	55	0	108698
144	48	84	0	108711
144	63	59	0	108808
128	48	64	0	108847
128	66	64	0	108863
128	63	64	0	108959
144	62	53	0	108969
144	48	70	0	109056
128	62	64	0	109068
144	66	61	0	109079
128	48	64	0	109185
144	63	68	0	109190
128	66	64	0	109219
144	62	60	0	109297
128	63	64	0	109313
128	62	64	0	109359
144	60	76	0	109378
144	57	78	0	109388
144	48	64	0	109415
128	48	64	0	109505
144	62	62	0	109513
128	60	64	0	109535
128	57	64	0	109540
144	63	64	0	109607
128	62	64	0	109625
128	63	64	0	109706
144	66	67	0	109723
144	57	67	0	109738
144	48	62	0	109752
128	48	64	0	109841
128	57	64	0	109854
144	63	56	0	109869
128	66	64	0	109900
144	62	49	0	109988
128	63	64	0	110014
144	60	80	0	110068
144	57	75	0	110079
144	48	75	0	110082
128	62	64	0	110084
128	57	64	0	110248
128	48	64	0	110254
128	60	64	0	110300
144	57	79	0	110434
144	69	84	0	110436
144	48	77	0	110440
128	57	64	0	110580
128	48	64	0	110587
128	69	64	0	110616
144	69	83	0	110770
144	57	74	0	110777
144	48	72	0	110785
144	67	68	0	110866
128	57	64	0	110911
128	48	64	0	110917
128	69	64	0	110947
144	65	57	0	111042
128	67	64	0	111103
144	63	65	0	111114
128	65	64	0	111129
144	48	69	0	111147
144	57	70	0	111150
128	48	64	0	111329
128	57	64	0	111339
144	62	82	0	111467
128	63	64	0	111492
144	57	73	0	111500
144	48	70	0	111513
128	57	64	0	111680
128	48	64	0	111688
144	63	71	0	111843
144	57	78	0	111864
144	48	72	0	111878
128	62	64	0	111914
128	48	64	0	112007
128	57	64	0	112010
144	66	81	0	112180
144	57	75	0	112207
128	63	64	0	112210
144	48	75	0	112217
128	57	64	0	112399
128	48	64	0	112411
128	66	64	0	112528
144	67	75	0	112539
144	57	78	0	112550
144	48	64	0	112562
128	48	64	0	112655
144	69	74	0	112696
128	57	64	0	112699
128	67	64	0	112722
144	70	76	0	112842
128	69	64	0	112871
144	57	75	0	112883
144	48	72	0	112899
144	72	79	0	112935
128	70	64	0	112942
128	57	64	0	113019
128	48	64	0	113029
144	70	71	0	113099
128	72	64	0	113125
144	57	77	0	113201
144	48	72	0	113204
144	69	67	0	113310
128	48	64	0	113338
128	57	64	0	113344
128	70	64	0	113349
144	67	86	0	113479
128	69	64	0	113497
144	57	75	0	113501
144	48	73	0	113520
128	57	64	0	113656
128	48	64	0	113664
128	67	64	0	113722
144	57	79	0	113841
144	48	71	0	113861
144	70	82	0	113863
144	69	62	0	113961
128	70	64	0	113985
128	57	64	0	113993
128	48	64	0	114000
128	69	64	0	114026
144	67	76	0	114033
144	57	80	0	114183
144	66	86	0	114190
144	48	75	0	114196
128	67	64	0	114249
128	48	64	0	114400
128	57	64	0	114411
144	69	66	0	114504
128	66	64	0	114523
144	48	74	0	114564
144	57	72	0	114566
144	67	77	0	114648
128	69	64	0	114712
128	57	64	0	114715
128	48	64	0	114721
144	66	81	0	114749
128	67	64	0	114785
144	63	86	0	114902
128	66	64	0	114911
144	57	73	0	114931
144	48	73	0	114935
128	63	64	0	115053
144	62	55	0	115060
128	48	64	0	115221
128	57	64	0	115265
128	62	64	0	115377
144	57	87	0	115472
144	48	80	0	115480
144	62	68	0	115494
128	48	64	0	115617
128	57	64	0	115633
128	62	64	0	115680
144	62	89	0	115828
144	57	84	0	115852
144	48	78	0	115862
128	48	64	0	116016
128	57	64	0	116026
128	62	64	0	116059
144	57	77	0	116183
144	48	72	0	116187
144	62	78	0	116204
144	63	80	0	116322
128	62	64	0	116328
128	57	64	0	116340
128	48	64	0	116360
128	63	64	0	116454
144	60	88	0	116476
144	57	64	0	116546
144	48	72	0	116564
144	62	82	0	116627
128	60	64	0	116665
128	57	64	0	116780
128	48	64	0	116790
128	62	64	0	116885
144	62	74	0	116965
144	57	84	0	116974
144	48	75	0	116986
144	63	78	0	117109
128	57	64	0	117128
128	48	64	0	117135
128	62	64	0	117145
144	60	90	0	117253
128	63	64	0	117269
144	57	78	0	117332
144	48	80	0	117343
144	62	81	0	117355
128	60	64	0	117431
128	48	64	0	117560
128	57	64	0	117588
128	62	64	0	117597
144	62	75	0	117668
144	57	69	0	117712
144	48	73	0	117727
144	63	75	0	117790
128	62	64	0	117861
128	48	64	0	117871
128	57	64	0	117894
144	66	80	0	117973
128	63	64	0	118000
144	48	77	0	118108
144	57	75	0	118111
144	67	81	0	118139
128	66	64	0	118175
128	57	64	0	118344
128	48	64	0	118347
144	66	80	0	118512
144	57	82	0	118520
144	48	81	0	118530
128	67	64	0	118585
128	48	64	0	118701
128	57	64	0	118706
144	63	71	0	118735
128	66	64	0	118784
144	62	82	0	118847
128	63	64	0	118871
144	57	83	0	118875
144	48	78	0	118890
128	48	64	0	119061
128	57	64	0	119066
128	62	64	0	119099
144	62	66	0	119207
144	57	76	0	119224
144	48	72	0	119229
144	63	76	0	119342
128	48	64	0	119370
128	62	64	0	119384
128	57	64	0	119397
144	60	85	0	119466
128	63	64	0	119472
144	57	73	0	119540
144	48	70	0	119554
144	62	73	0	119628
128	60	64	0	119704
128	48	64	0	119800
128	57	64	0	119813
128	62	64	0	119833
144	62	68	0	119910
144	57	66	0	119936
144	48	73	0	119963
144	63	79	0	120064
128	62	64	0	120103
128	48	64	0	120108
128	57	64	0	120125
144	60	81	0	120180
128	63	64	0	120189
144	57	73	0	120270
144	62	78	0	120281
144	48	73	0	120284
128	60	64	0	120351
128	48	64	0	120566
128	62	64	0	120577
128	57	64	0	120597
144	62	73	0	120650
144	57	76	0	120674
144	48	68	0	120684
144	63	75	0	120768
128	62	64	0	120819
128	48	64	0	120851
128	57	64	0	120863
144	62	50	0	120920
128	63	64	0	120925
144	60	84	0	120963
128	62	64	0	120988
144	57	73	0	121044
144	48	78	0	121050
144	62	79	0	121144
128	60	64	0	121218
144	63	78	0	121355
128	48	64	0	121359
128	57	64	0	121389
128	62	64	0	121404
144	66	75	0	121514
128	63	64	0	121577
144	57	82	0	121580
144	48	77	0	121589
144	67	77	0	121628
128	66	64	0	121666
128	57	64	0	121776
144	66	59	0	121793
128	48	64	0	121796
128	67	64	0	121878
144	63	73	0	121960
128	66	64	0	122014
144	48	87	0	122089
144	55	79	0	122100
144	62	89	0	122107
128	63	64	0	122129
144	63	70	0	122274
128	48	64	0	122302
128	55	64	0	122315
128	62	64	0	122318
144	66	67	0	122408
128	63	64	0	122451
144	55	77	0	122495
144	48	72	0	122505
144	67	76	0	122509
128	66	64	0	122530
128	55	64	0	122642
128	48	64	0	122666
144	66	53	0	122669
128	67	64	0	122744
144	63	69	0	122801
128	66	64	0	122850
144	48	83	0	122882
144	55	84	0	122888
144	62	81	0	122911
128	63	64	0	122958
128	55	64	0	123061
128	48	64	0	123065
144	63	59	0	123077
128	62	64	0	123104
144	60	83	0	123199
128	63	64	0	123217
144	55	81	0	123288
144	48	84	0	123291
144	62	82	0	123309
128	60	64	0	123359
128	48	64	0	123536
128	55	64	0	123539
128	62	64	0	123626
144	60	90	0	123710
144	55	92	0	123721
144	48	87	0	123726
144	62	75	0	123831
128	60	64	0	123873
128	55	64	0	123911
128	48	64	0	123914
144	60	70	0	123959
128	62	64	0	123971
144	55	84	0	124090
144	58	89	0	124100
144	48	81	0	124102
128	60	64	0	124129
128	55	64	0	124307
128	48	64	0	124319
144	55	87	0	124485
144	57	93	0	124488
144	48	80	0	124495
128	58	64	0	124502
128	55	64	0	124655
128	48	64	0	124663
128	57	64	0	124673
144	55	90	0	124856
144	57	81	0	124862
144	48	85	0	124865
144	58	79	0	124983
128	57	64	0	125018
128	55	64	0	125043
128	48	64	0	125049
144	60	82	0	125095
128	58	64	0	125105
144	55	87	0	125257
144	62	84	0	125260
144	48	84	0	125264
128	60	64	0	125301
144	63	76	0	125422
128	55	64	0	125444
128	48	64	0	125454
128	62	64	0	125461
144	66	83	0	125565
128	63	64	0	125581
144	55	82	0	125634
144	48	80	0	125638
144	63	70	0	125709
128	66	64	0	125766
128	48	64	0	125834
128	55	64	0	125839
144	62	72	0	125845
128	63	64	0	125884
144	60	88	0	125985
128	62	64	0	126007
144	48	86	0	126051
144	55	82	0	126054
128	55	64	0	126272
128	48	64	0	126284
128	60	64	0	126298
144	60	87	0	126364
144	55	76	0	126408
144	48	70	0	126412
128	55	64	0	126542
128	48	64	0	126558
128	60	64	0	126578
144	60	87	0	126733
144	55	89	0	126737
144	48	82	0	126741
144	62	70	0	126853
128	55	64	0	126888
128	48	64	0	126898
128	60	64	0	126905
144	63	80	0	126995
128	62	64	0	127020
144	55	84	0	127103
144	48	80	0	127106
128	63	64	0	127119
144	60	83	0	127121
128	55	64	0	127250
144	62	70	0	127255
128	48	64	0	127267
128	60	64	0	127290
144	63	74	0	127366
128	62	64	0	127397
144	60	80	0	127477
128	63	64	0	127495
144	55	87	0	127497
144	48	87	0	127500
144	62	70	0	127601
128	60	64	0	127646
128	55	64	0	127660
128	48	64	0	127672
144	63	68	0	127710
128	62	64	0	127775
144	66	77	0	127868
144	48	90	0	127871
128	63	64	0	127876
144	55	87	0	127878
128	55	64	0	128009
144	63	66	0	128014
128	48	64	0	128030
128	66	64	0	128061
144	62	73	0	128151
128	63	64	0	128172
144	60	87	0	128245
144	55	83	0	128257
144	48	81	0	128260
128	62	64	0	128264
128	55	64	0	128389
144	62	68	0	128404
128	48	64	0	128421
128	60	64	0	128425
144	63	81	0	128521
128	62	64	0	128574
144	60	78	0	128614
144	55	75	0	128625
128	63	64	0	128654
144	48	58	0	128665
144	62	78	0	128766
128	48	64	0	128781
128	55	64	0	128787
128	60	64	0	128816
144	63	77	0	128869
128	62	64	0	128929
144	60	85	0	128967
144	48	72	0	128998
128	63	64	0	129009
144	55	69	0	129011
144	62	75	0	129099
128	55	64	0	129154
128	48	64	0	129157
128	60	64	0	129168
144	63	77	0	129230
128	62	64	0	129314
144	48	72	0	129342
144	55	77	0	129352
144	66	87	0	129358
128	63	64	0	129401
144	63	65	0	129518
128	55	64	0	129550
128	48	64	0	129565
128	66	64	0	129577
144	62	77	0	129641
128	63	64	0	129690
144	55	80	0	129746
144	48	78	0	129750
144	67	80	0	129767
128	62	64	0	129796
128	55	64	0	129874
144	66	70	0	129910
128	48	64	0	129912
128	67	64	0	129985
144	63	69	0	130045
128	66	64	0	130110
144	48	89	0	130125
144	55	89	0	130143
144	62	81	0	130195
128	63	64	0	130241
128	55	64	0	130297
128	48	64	0	130311
144	69	79	0	130373
128	62	64	0	130383
144	48	81	0	130480
144	67	75	0	130486
144	55	82	0	130495
128	69	64	0	130590
144	66	73	0	130627
128	55	64	0	130631
128	48	64	0	130661
128	67	64	0	130714
144	63	86	0	130785
128	66	64	0	130834
144	48	84	0	130867
144	55	84	0	130875
144	62	90	0	130897
128	63	64	0	130939
128	55	64	0	131045
128	48	64	0	131071
128	62	64	0	131149
144	48	87	0	131284
144	62	92	0	131294
144	55	87	0	131298
144	63	71	0	131399
128	55	64	0	131450
128	62	64	0	131453
128	48	64	0	131476
144	66	70	0	131546
128	63	64	0	131577
144	67	78	0	131634
144	48	84	0	131672
144	55	87	0	131677
128	66	64	0	131679
144	69	79	0	131785
128	67	64	0	131814
128	55	64	0	131833
128	69	64	0	131850
128	48	64	0	131854
144	70	84	0	131966
144	55	73	0	132005
144	48	75	0	132010
144	73	41	0	132112
144	72	81	0	132128
128	70	64	0	132139
128	73	64	0	132162
128	55	64	0	132203
128	48	64	0	132244
128	72	64	0	132462
144	48	87	0	132509
144	55	89	0	132522
144	72	95	0	132529
128	55	64	0	132696
128	48	64	0	132718
128	72	64	0	132747
144	72	92	0	132892
144	48	84	0	132922
144	55	87	0	132931
144	74	72	0	133028
128	72	64	0	133082
128	55	64	0	133085
128	48	64	0	133092
144	75	71	0	133165
128	74	64	0	133210
144	48	81	0	133302
144	55	81	0	133304
144	78	78	0	133308
128	75	64	0	133324
128	55	64	0	133433
144	75	58	0	133452
128	48	64	0	133469
128	78	64	0	133498
144	74	68	0	133559
128	75	64	0	133589
144	48	82	0	133669
144	55	82	0	133672
144	72	95	0	133676
128	74	64	0	133736
128	55	64	0	133843
128	48	64	0	133866
128	72	64	0	133935
144	79	85	0	134052
144	48	86	0	134060
144	55	87	0	134064
128	55	64	0	134240
128	48	64	0	134254
128	79	64	0	134356
144	72	85	0	134426
144	48	82	0	134438
144	55	85	0	134450
144	75	80	0	134529
128	72	64	0	134554
128	55	64	0	134590
128	48	64	0	134614
128	75	64	0	134644
144	72	76	0	134667
128	72	64	0	134784
144	79	81	0	134790
144	48	80	0	134807
144	55	80	0	134812
144	72	81	0	134916
128	79	64	0	134918
128	55	64	0	134951
128	48	64	0	134961
128	72	64	0	135050
144	75	80	0	135052
144	72	77	0	135171
128	75	64	0	135175
144	48	80	0	135191
144	55	81	0	135194
144	79	76	0	135309
128	72	64	0	135318
128	55	64	0	135336
128	48	64	0	135357
144	72	63	0	135430
128	79	64	0	135433
144	75	84	0	135554
128	72	64	0	135559
144	48	82	0	135564
144	55	84	0	135570
128	75	64	0	135694
128	55	64	0	135704
128	48	64	0	135734
144	79	87	0	135922
144	48	84	0	135925
144	55	87	0	135927
128	79	64	0	136055
128	55	64	0	136071
128	48	64	0	136090
144	79	80	0	136270
144	55	86	0	136279
144	48	80	0	136288
144	81	65	0	136383
128	48	64	0	136437
128	79	64	0	136438
128	55	64	0	136441
144	82	75	0	136541
128	81	64	0	136550
144	48	82	0	136642
144	55	87	0	136652
144	79	88	0	136654
128	82	64	0	136677
128	55	64	0	136861
128	79	64	0	136863
128	48	64	0	136865
144	79	80	0	137013
144	55	84	0	137024
144	48	78	0	137028
144	81	81	0	137103
128	79	64	0	137110
128	55	64	0	137179
128	48	64	0	137194
128	81	64	0	137227
144	78	88	0	137241
128	78	64	0	137342
144	79	80	0	137348
144	55	82	0	137385
144	48	78	0	137388
128	55	64	0	137575
128	79	64	0	137577
128	48	64	0	137580
144	79	62	0	137691
144	55	77	0	137736
144	48	69	0	137743
144	81	61	0	137804
128	79	64	0	137839
128	55	64	0	137855
128	48	64	0	137881
144	82	70	0	137956
128	81	64	0	137979
144	79	83	0	138054
128	82	64	0	138078
144	48	81	0	138080
144	55	84	0	138083
128	79	64	0	138246
128	55	64	0	138249
128	48	64	0	138276
144	79	65	0	138396
144	48	77	0	138438
144	55	78	0	138449
144	81	59	0	138540
128	79	64	0	138560
128	55	64	0	138591
128	48	64	0	138605
144	78	75	0	138656
128	81	64	0	138664
128	78	64	0	138778
144	79	86	0	138801
144	48	81	0	138819
144	55	79	0	138826
128	48	64	0	139016
128	55	64	0	139023
128	79	64	0	139031
144	74	77	0	139153
144	48	77	0	139182
144	55	84	0	139184
128	55	64	0	139376
128	48	64	0	139378
128	74	64	0	139423
144	75	87	0	139512
144	55	83	0	139537
144	48	79	0	139539
128	55	64	0	139726
128	48	64	0	139734
128	75	64	0	139797
144	72	89	0	139867
144	48	81	0	139894
144	55	81	0	139896
128	48	64	0	140083
128	55	64	0	140085
128	72	64	0	140112
144	48	77	0	140249
144	55	81	0	140252
144	72	88	0	140255
144	70	75	0	140371
128	72	64	0	140399
128	55	64	0	140401
128	48	64	0	140416
144	69	67	0	140496
128	70	64	0	140500
144	67	93	0	140610
144	55	79	0	140616
144	48	77	0	140619
128	69	64	0	140635
128	55	64	0	140837
128	48	64	0	140841
128	67	64	0	140877
144	55	81	0	140997
144	48	82	0	141000
144	72	90	0	141007
128	55	64	0	141186
128	48	64	0	141189
128	72	64	0	141192
144	72	76	0	141349
144	48	77	0	141362
144	55	81	0	141371
144	74	68	0	141373
128	74	64	0	141513
128	55	64	0	141517
128	48	64	0	141534
128	72	64	0	141543
144	72	83	0	141706
144	48	82	0	141710
144	55	80	0	141720
128	55	64	0	141922
128	48	64	0	141924
144	67	85	0	142065
128	72	64	0	142078
144	55	78	0	142082
144	48	75	0	142085
128	55	64	0	142202
128	48	64	0	142230
144	66	76	0	142335
128	67	64	0	142351
144	63	88	0	142428
144	55	72	0	142431
144	48	58	0	142434
144	47	61	0	142441
128	66	64	0	142464
128	47	64	0	142513
128	55	64	0	142570
128	48	64	0	142572
144	48	73	0	142785
144	55	74	0	142787
144	62	88	0	142797
128	63	64	0	142807
128	55	64	0	142905
128	48	64	0	142920
128	62	64	0	142947
144	48	86	0	143149
144	67	88	0	143152
144	55	82	0	143165
128	55	64	0	143325
128	48	64	0	143349
128	67	64	0	143391
144	67	70	0	143484
144	48	80	0	143515
144	55	82	0	143523
128	55	64	0	143663
128	48	64	0	143687
144	66	77	0	143765
128	67	64	0	143798
144	63	85	0	143856
144	48	80	0	143871
144	55	78	0	143877
128	66	64	0	143887
128	55	64	0	144012
128	48	64	0	144039
144	62	90	0	144229
144	48	77	0	144231
144	55	76	0	144235
128	63	64	0	144253
128	55	64	0	144358
128	48	64	0	144367
128	62	64	0	144403
144	48	83	0	144594
144	60	92	0	144596
144	55	82	0	144604
128	55	64	0	144758
128	60	64	0	144792
128	48	64	0	144795
144	60	77	0	144952
144	48	75	0	144956
144	55	77	0	144964
144	62	62	0	145074
128	55	64	0	145097
128	60	64	0	145100
128	48	64	0	145102
144	63	70	0	145226
128	62	64	0	145237
144	60	86	0	145297
128	63	64	0	145301
144	48	80	0	145304
144	55	80	0	145309
128	60	64	0	145507
128	55	64	0	145512
128	48	64	0	145524
144	60	69	0	145654
144	55	73	0	145684
144	48	75	0	145686
144	62	53	0	145798
128	55	64	0	145814
128	60	64	0	145824
128	48	64	0	145830
144	63	63	0	145937
128	62	64	0	145972
144	48	75	0	146035
144	60	69	0	146045
144	55	70	0	146049
128	63	64	0	146051
144	62	62	0	146180
128	55	64	0	146182
128	48	64	0	146189
128	60	64	0	146205
144	63	68	0	146298
128	62	64	0	146324
144	48	69	0	146394
144	60	58	0	146401
144	55	64	0	146411
128	63	64	0	146418
144	62	57	0	146540
128	48	64	0	146546
128	55	64	0	146551
128	60	64	0	146573
144	63	67	0	146660
128	62	64	0	146693
128	63	64	0	146777
144	60	69	0	146782
144	48	74	0	146813
144	55	72	0	146821
144	62	60	0	146897
128	55	64	0	146927
128	60	64	0	146954
128	48	64	0	146956
144	63	80	0	146993
128	62	64	0	147027
128	63	64	0	147047
144	48	81	0	147169
144	58	89	0	147176
144	55	70	0	147192
144	60	78	0	147293
128	58	64	0	147296
128	55	64	0	147303
128	48	64	0	147341
144	62	71	0	147413
128	60	64	0	147426
144	48	70	0	147548
144	55	69	0	147551
144	60	80	0	147572
128	62	64	0	147579
144	62	65	0	147667
128	55	64	0	147675
128	48	64	0	147688
128	60	64	0	147713
144	63	67	0	147813
128	62	64	0	147833
144	48	71	0	147921
144	55	68	0	147924
144	60	65	0	147935
128	63	64	0	147948
144	62	67	0	148043
128	55	64	0	148045
128	48	64	0	148063
128	60	64	0	148109
144	63	68	0	148200
128	62	64	0	148238
144	60	65	0	148291
144	48	67	0	148297
144	55	66	0	148308
128	63	64	0	148318
144	62	58	0	148418
128	55	64	0	148425
128	48	64	0	148434
144	63	89	0	148475
128	60	64	0	148482
128	62	64	0	148516
128	63	64	0	148581
144	48	78	0	148677
144	58	95	0	148683
144	55	75	0	148694
128	58	64	0	148784
144	60	81	0	148800
128	55	64	0	148814
128	48	64	0	148851
144	62	77	0	148914
128	60	64	0	148942
144	48	81	0	149053
144	60	79	0	149056
144	55	81	0	149059
128	62	64	0	149065
144	62	60	0	149174
128	55	64	0	149213
128	60	64	0	149222
128	48	64	0	149236
144	63	71	0	149315
128	62	64	0	149347
144	60	75	0	149437
144	55	72	0	149450
128	63	64	0	149452
144	48	69	0	149455
144	62	75	0	149546
128	60	64	0	149593
128	55	64	0	149595
128	48	64	0	149617
144	63	68	0	149634
128	62	64	0	149708
144	66	76	0	149772
128	63	64	0	149792
144	48	76	0	149804
144	55	70	0	149810
128	55	64	0	149925
144	63	63	0	149938
128	48	64	0	149940
128	66	64	0	149969
144	62	75	0	150063
128	63	64	0	150082
144	55	69	0	150153
144	48	66	0	150156
144	60	82	0	150180
128	62	64	0	150205
128	55	64	0	150275
128	48	64	0	150290
144	62	58	0	150291
128	60	64	0	150347
144	63	76	0	150427
128	62	64	0	150459
144	60	80	0	150539
128	63	64	0	150545
144	48	82	0	150556
144	55	78	0	150569
144	62	70	0	150684
128	55	64	0	150701
128	48	64	0	150726
128	60	64	0	150730
144	63	69	0	150803
128	62	64	0	150856
144	60	73	0	150906
144	55	80	0	150920
144	48	79	0	150923
128	63	64	0	150929
144	62	70	0	151048
128	55	64	0	151082
128	48	64	0	151084
128	60	64	0	151098
144	63	70	0	151158
128	62	64	0	151216
144	60	71	0	151265
128	63	64	0	151288
144	48	84	0	151291
144	55	84	0	151298
144	62	73	0	151379
128	60	64	0	151449
144	63	65	0	151470
128	48	64	0	151485
128	55	64	0	151488
128	62	64	0	151553
144	66	85	0	151614
128	63	64	0	151642
144	55	82	0	151693
144	48	76	0	151695
144	63	69	0	151779
128	48	64	0	151840
128	66	64	0	151842
128	55	64	0	151850
144	62	71	0	151902
128	63	64	0	151945
144	48	84	0	152053
144	60	92	0	152057
144	55	82	0	152059
128	62	64	0	152087
128	55	64	0	152250
128	48	64	0	152253
128	60	64	0	152265
144	60	79	0	152428
144	55	77	0	152434
144	48	73	0	152437
144	58	77	0	152556
128	55	64	0	152570
128	48	64	0	152580
128	60	64	0	152592
144	57	81	0	152663
128	58	64	0	152676
144	48	82	0	152767
144	55	84	0	152778
144	58	69	0	152788
128	57	64	0	152849
128	55	64	0	152920
128	48	64	0	152940
128	58	64	0	152990
144	58	78	0	153160
144	48	75	0	153163
144	55	79	0	153169
128	58	64	0	153251
144	60	79	0	153262
128	55	64	0	153288
128	48	64	0	153297
144	58	83	0	153407
128	60	64	0	153422
144	57	84	0	153497
144	55	82	0	153510
144	48	76	0	153512
128	58	64	0	153519
128	55	64	0	153692
128	48	64	0	153700
128	57	64	0	153756
144	57	77	0	153879
144	55	82	0	153885
144	48	73	0	153889
144	58	76	0	153999
128	55	64	0	154011
128	48	64	0	154028
128	57	64	0	154031
144	60	75	0	154112
128	58	64	0	154114
144	48	81	0	154234
144	55	85	0	154241
128	55	64	0	154409
128	48	64	0	154425
144	48	78	0	154622
144	55	81	0	154625
144	58	81	0	154652
128	60	64	0	154709
128	55	64	0	154732
128	48	64	0	154750
144	57	77	0	154892
128	58	64	0	154901
144	48	90	0	154959
144	55	99	0	154971
128	57	64	0	155020
128	48	64	0	155134
128	55	64	0	155263
144	48	84	0	155288
144	55	80	0	155388
128	48	64	0	155443
144	48	82	0	155667
128	55	64	0	155684
144	55	90	0	156040
128	48	64	0	156320
128	55	64	0	156323
144	43	81	0	156335
144	55	81	0	156402
128	55	64	0	156729
144	48	80	0	156754
128	43	64	0	156766
144	55	73	0	156947
144	42	81	0	157079
128	48	64	0	157113
128	55	64	0	157129
144	48	84	0	157423
128	42	64	0	157458
144	55	60	0	157640
144	39	80	0	157759
128	48	64	0	157793
128	55	64	0	157809
144	48	82	0	158121
128	39	64	0	158149
144	55	73	0	158331
144	38	79	0	158468
128	55	64	0	158496
128	48	64	0	158593
144	48	87	0	158860
128	38	64	0	158891
144	55	72	0	159100
144	36	87	0	159183
128	48	64	0	159226
128	55	64	0	159257
128	36	64	0	159481
144	48	80	0	159589
144	54	87	0	159591
128	54	64	0	159710
128	48	64	0	159738
144	36	87	0	159934
144	55	82	0	159937
128	36	64	0	160249
144	48	84	0	160278
144	54	81	0	160286
128	55	64	0	160288
128	54	64	0	160394
128	48	64	0	160404
144	36	86	0	160614
144	55	90	0	160650
144	48	87	0	160979
128	36	64	0	160998
128	55	64	0	161114
144	55	88	0	161261
144	36	89	0	161327
128	48	64	0	161334
128	55	64	0	161390
144	55	93	0	161684
144	48	86	0	161693
128	36	64	0	161708
128	48	64	0	161983
144	36	86	0	162036
128	55	64	0	162061
128	36	64	0	162348
144	48	87	0	162385
144	54	89	0	162397
128	48	64	0	162492
128	54	64	0	162494
144	36	86	0	162734
144	55	92	0	162747
128	36	64	0	163059
144	54	84	0	163077
144	48	77	0	163079
128	55	64	0	163085
128	54	64	0	163183
128	48	64	0	163186
144	36	89	0	163419
144	55	100	0	163427
128	36	64	0	163753
144	48	85	0	163788
128	55	64	0	163894
144	55	82	0	163992
144	36	89	0	164077
128	48	64	0	164079
128	55	64	0	164122
144	55	99	0	164445
144	48	87	0	164454
128	36	64	0	164484
128	48	64	0	164774
144	36	87	0	164784
128	55	64	0	164807
128	36	64	0	164955
144	54	86	0	165135
144	48	58	0	165147
144	50	68	0	165157
128	54	64	0	165190
128	50	64	0	165210
128	48	64	0	165250
144	36	85	0	165456
144	55	89	0	165477
128	36	64	0	165612
128	55	64	0	165621
144	48	85	0	165798
144	54	85	0	165841
128	54	64	0	165921
128	48	64	0	165937
144	36	83	0	166131
144	55	90	0	166148
144	48	85	0	166512
128	36	64	0	166514
128	55	64	0	166541
144	55	84	0	166778
128	48	64	0	166820
144	36	87	0	166837
128	55	64	0	166863
128	36	64	0	167195
144	55	89	0	167198
144	48	81	0	167200
128	48	64	0	167511
144	36	83	0	167532
128	55	64	0	167544
144	55	78	0	167773
128	36	64	0	167835
144	48	82	0	167840
144	57	81	0	167848
128	55	64	0	167875
128	57	64	0	168108
144	58	70	0	168115
128	48	64	0	168125
144	36	92	0	168157
144	55	85	0	168160
128	58	64	0	168167
128	55	64	0	168377
128	36	64	0	168448
144	55	68	0	168480
144	48	76	0	168497
144	57	75	0	168613
128	55	64	0	168632
144	58	75	0	168853
128	57	64	0	168868
128	48	64	0	168872
144	36	84	0	168878
144	55	84	0	168929
128	58	64	0	168961
144	57	76	0	169209
128	55	64	0	169226
144	48	78	0	169231
128	36	64	0	169245
128	57	64	0	169501
144	58	67	0	169503
128	48	64	0	169524
144	55	80	0	169555
144	36	79	0	169559
128	58	64	0	169561
144	57	75	0	169875
128	36	64	0	169878
144	48	82	0	169892
128	55	64	0	169898
128	57	64	0	170153
144	58	64	0	170156
128	48	64	0	170170
128	58	64	0	170222
144	36	83	0	170236
144	55	75	0	170253
144	57	68	0	170391
128	55	64	0	170430
144	58	66	0	170527
128	36	64	0	170530
128	57	64	0	170534
144	48	78	0	170571
128	58	64	0	170594
144	60	81	0	170604
144	58	81	0	170757
128	60	64	0	170778
144	57	66	0	170868
128	58	64	0	170877
128	48	64	0	170880
144	36	79	0	170943
144	55	84	0	170964
128	57	64	0	170981
144	57	62	0	171074
128	55	64	0	171115
144	58	70	0	171186
128	57	64	0	171219
128	36	64	0	171238
144	48	72	0	171281
128	58	64	0	171307
144	60	77	0	171316
144	58	63	0	171452
128	60	64	0	171478
144	57	64	0	171562
128	58	64	0	171576
128	48	64	0	171601
128	57	64	0	171633
144	36	80	0	171651
144	55	80	0	171664
144	57	58	0	171741
128	55	64	0	171786
144	58	69	0	171836
128	57	64	0	171878
128	36	64	0	171934
144	60	76	0	171937
144	48	75	0	171969
128	58	64	0	171971
144	61	85	0	172059
128	60	64	0	172080
144	60	45	0	172189
128	61	64	0	172222
128	48	64	0	172267
144	36	81	0	172297
144	58	86	0	172336
128	60	64	0	172389
128	36	64	0	172684
144	48	87	0	172712
144	57	56	0	172780
144	59	60	0	172809
128	58	64	0	172826
128	59	64	0	172883
128	57	64	0	173000
128	48	64	0	173018
144	36	90	0	173092
144	57	78	0	173098
144	58	76	0	173259
128	57	64	0	173276
144	57	67	0	173369
128	36	64	0	173381
128	58	64	0	173403
144	48	78	0	173447
144	55	92	0	173473
128	57	64	0	173502
128	55	64	0	173631
128	48	64	0	173634
144	36	83	0	173783
144	55	81	0	173791
144	57	78	0	173894
128	55	64	0	173927
144	55	72	0	174009
128	57	64	0	174011
128	36	64	0	174052
144	48	71	0	174111
144	54	89	0	174151
128	55	64	0	174185
128	54	64	0	174345
128	48	64	0	174367
144	36	80	0	174462
144	54	64	0	174471
144	55	80	0	174581
128	54	64	0	174589
144	54	60	0	174692
128	55	64	0	174734
128	36	64	0	174769
144	48	78	0	174797
144	52	90	0	174808
128	54	64	0	174841
128	52	64	0	175032
128	48	64	0	175092
144	52	72	0	175136
144	36	80	0	175164
144	54	74	0	175247
128	52	64	0	175276
144	52	64	0	175362
128	54	64	0	175369
128	36	64	0	175439
144	48	85	0	175463
144	51	89	0	175490
128	52	64	0	175530
128	51	64	0	175682
128	48	64	0	175696
144	51	64	0	175804
144	36	81	0	175808
144	52	82	0	175914
128	51	64	0	175917
144	51	61	0	176005
128	52	64	0	176068
128	36	64	0	176112
144	48	88	0	176129
144	49	85	0	176145
128	51	64	0	176177
128	48	64	0	176447
144	51	85	0	176467
128	49	64	0	176486
144	36	87	0	176489
128	36	64	0	176818
144	52	90	0	176827
128	51	64	0	176837
144	48	88	0	176846
128	48	64	0	177160
144	51	81	0	177167
144	36	94	0	177177
128	52	64	0	177219
144	49	84	0	177428
128	51	64	0	177460
128	36	64	0	177464
144	48	95	0	177532
144	36	86	0	177572
128	49	64	0	177576
128	36	64	0	177765
128	48	64	0	177837
144	36	76	0	177878
144	48	79	0	178046
128	36	64	0	178052
128	48	64	0	178177
144	36	85	0	178197
128	36	64	0	178419
144	48	90	0	178522
144	36	96	0	178564
128	48	64	0	178710
128	36	64	0	178737
144	48	89	0	178890
144	36	79	0	178893
144	55	89	0	178904
128	48	64	0	179051
128	55	64	0	179053
128	36	64	0	179056
144	55	70	0	179229
144	36	78	0	179236
144	48	77	0	179241
144	54	79	0	179326
128	55	64	0	179345
128	48	64	0	179364
128	36	64	0	179397
128	54	64	0	179410
144	55	55	0	179464
144	57	85	0	179572
144	48	83	0	179575
128	55	64	0	179579
144	36	77	0	179582
128	48	64	0	179716
128	57	64	0	179728
128	36	64	0	179732
144	36	80	0	179925
144	57	82	0	179931
144	48	75	0	179937
144	58	70	0	180066
128	48	64	0	180077
128	36	64	0	180086
128	57	64	0	180105
144	60	80	0	180253
128	58	64	0	180257
144	48	81	0	180281
144	36	80	0	180286
144	62	80	0	180444
128	48	64	0	180456
128	36	64	0	180467
128	60	64	0	180480
128	62	64	0	180617
144	36	76	0	180752
144	48	74	0	180755
144	62	92	0	180794
128	36	64	0	180943
128	48	64	0	180952
144	63	74	0	180977
128	62	64	0	181009
144	66	76	0	181100
128	63	64	0	181133
144	48	80	0	181203
144	36	76	0	181212
144	67	81	0	181243
128	66	64	0	181268
128	48	64	0	181412
128	36	64	0	181441
128	67	64	0	181473
144	67	74	0	181598
144	36	82	0	181635
144	48	87	0	181638
128	36	64	0	181810
128	48	64	0	181818
128	67	64	0	181865
144	60	84	0	181971
144	36	80	0	181986
144	48	84	0	181989
128	48	64	0	182198
128	36	64	0	182200
128	60	64	0	182211
144	60	57	0	182308
144	48	76	0	182338
144	36	75	0	182346
144	62	65	0	182431
128	60	64	0	182486
128	36	64	0	182538
128	48	64	0	182547
144	63	70	0	182589
128	62	64	0	182616
144	48	81	0	182683
144	36	79	0	182693
144	66	84	0	182735
128	63	64	0	182781
128	48	64	0	182873
128	36	64	0	182882
128	66	64	0	182930
144	62	77	0	183024
144	48	79	0	183054
144	36	74	0	183058
144	63	63	0	183138
128	62	64	0	183213
144	66	65	0	183236
128	48	64	0	183240
128	36	64	0	183245
128	63	64	0	183283
144	67	75	0	183344
128	66	64	0	183395
144	36	77	0	183426
144	48	80	0	183429
144	69	81	0	183443
128	67	64	0	183489
128	48	64	0	183587
128	36	64	0	183612
128	69	64	0	183619
144	66	70	0	183752
144	36	75	0	183774
144	48	75	0	183782
128	66	64	0	183808
144	67	63	0	183839
128	36	64	0	183963
128	48	64	0	183973
144	69	63	0	183976
128	67	64	0	183997
144	70	75	0	184050
128	69	64	0	184081
144	72	83	0	184137
144	36	76	0	184157
144	48	78	0	184159
128	70	64	0	184166
128	48	64	0	184312
128	36	64	0	184326
128	72	64	0	184329
144	72	86	0	184504
144	48	80	0	184523
144	36	79	0	184526
128	48	64	0	184705
128	36	64	0	184708
128	72	64	0	184771
144	67	77	0	184836
144	48	80	0	184864
144	36	79	0	184869
144	72	77	0	184958
128	67	64	0	184965
128	48	64	0	185010
128	36	64	0	185034
144	67	53	0	185063
128	72	64	0	185066
144	66	88	0	185177
144	48	86	0	185199
144	36	78	0	185202
128	67	64	0	185205
128	66	64	0	185321
128	48	64	0	185346
128	36	64	0	185356
144	48	90	0	185528
144	36	78	0	185539
144	72	74	0	185541
144	67	80	0	185557
128	72	64	0	185598
128	36	64	0	185711
128	48	64	0	185751
128	67	64	0	185770
144	72	78	0	185772
144	67	68	0	185848
128	72	64	0	185876
144	48	80	0	185902
144	36	76	0	185917
144	66	84	0	185938
128	67	64	0	185997
128	48	64	0	186081
128	36	64	0	186104
128	66	64	0	186120
144	67	79	0	186277
144	48	87	0	186288
144	36	80	0	186295
144	72	74	0	186406
128	67	64	0	186431
128	48	64	0	186488
128	36	64	0	186495
144	67	43	0	186546
128	72	64	0	186556
144	48	72	0	186645
144	36	66	0	186662
144	66	73	0	186665
128	67	64	0	186696
128	66	64	0	186773
144	67	65	0	186781
128	36	64	0	186811
128	48	64	0	186815
144	66	71	0	186913
128	67	64	0	186937
144	36	77	0	186991
144	48	82	0	186993
144	63	79	0	187000
128	66	64	0	187018
144	66	64	0	187132
128	63	64	0	187140
128	48	64	0	187143
128	36	64	0	187152
144	63	58	0	187270
128	66	64	0	187289
144	36	75	0	187308
144	48	73	0	187312
144	62	89	0	187330
128	63	64	0	187390
128	48	64	0	187465
128	62	64	0	187477
128	36	64	0	187485
144	67	79	0	187659
144	36	79	0	187676
144	48	84	0	187679
144	72	77	0	187783
128	67	64	0	187814
128	48	64	0	187857
128	36	64	0	187870
144	67	44	0	187889
128	72	64	0	187919
144	66	88	0	188000
144	48	83	0	188031
144	36	77	0	188037
128	67	64	0	188047
128	66	64	0	188182
128	48	64	0	188185
128	36	64	0	188191
144	67	79	0	188334
144	48	83	0	188354
144	36	77	0	188361
144	72	76	0	188434
128	67	64	0	188482
128	48	64	0	188507
128	36	64	0	188534
144	67	50	0	188594
128	72	64	0	188597
144	48	85	0	188676
144	36	83	0	188686
144	66	85	0	188693
128	67	64	0	188745
128	48	64	0	188822
128	36	64	0	188850
128	66	64	0	188854
144	67	86	0	188989
144	48	90	0	188997
144	36	86	0	189001
144	66	80	0	189099
128	67	64	0	189132
128	48	64	0	189171
128	36	64	0	189185
144	67	68	0	189211
128	66	64	0	189215
144	63	86	0	189334
144	48	82	0	189344
144	36	75	0	189357
128	67	64	0	189366
128	36	64	0	189505
128	48	64	0	189512
128	63	64	0	189516
144	66	85	0	189525
144	63	81	0	189654
128	66	64	0	189673
144	36	80	0	189699
144	48	84	0	189704
144	62	88	0	189736
128	63	64	0	189777
144	63	69	0	189864
128	36	64	0	189888
128	48	64	0	189891
128	62	64	0	189893
144	62	75	0	189956
128	63	64	0	189992
144	36	81	0	190055
144	60	95	0	190058
144	48	82	0	190061
128	62	64	0	190117
128	48	64	0	190266
128	36	64	0	190273
128	60	64	0	190274
144	36	83	0	190515
144	48	87	0	190519
144	57	63	0	190523
144	55	72	0	190527
128	57	64	0	190726
128	48	64	0	190746
128	36	64	0	190749
128	55	64	0	190785
144	55	75	0	190892
144	36	81	0	190912
144	48	82	0	190916
144	60	66	0	191033
128	55	64	0	191039
128	48	64	0	191055
128	36	64	0	191076
144	55	69	0	191129
128	60	64	0	191151
144	48	81	0	191227
144	36	78	0	191235
144	57	85	0	191250
128	55	64	0	191308
128	48	64	0	191439
128	57	64	0	191454
128	36	64	0	191472
144	55	81	0	191577
144	48	87	0	191597
144	36	72	0	191617
144	57	80	0	191703
128	55	64	0	191746
128	48	64	0	191781
128	36	64	0	191792
144	60	83	0	191843
128	57	64	0	191861
144	36	86	0	191939
144	48	83	0	191948
144	58	79	0	191955
128	60	64	0	192020
128	48	64	0	192105
128	36	64	0	192119
128	58	64	0	192141
144	55	88	0	192307
144	48	89	0	192320
144	36	87	0	192323
144	57	77	0	192452
128	55	64	0	192474
128	48	64	0	192476
128	36	64	0	192478
144	58	84	0	192570
128	57	64	0	192597
144	36	83	0	192669
144	55	95	0	192686
144	48	82	0	192689
128	58	64	0	192718
128	48	64	0	192891
128	36	64	0	192893
128	55	64	0	192977
144	48	90	0	193065
144	36	85	0	193069
128	36	64	0	193215
128	48	64	0	193224
144	36	89	0	193417
144	48	92	0	193419
144	62	80	0	193427
128	48	64	0	193627
128	36	64	0	193630
144	55	69	0	193729
128	62	64	0	193731
144	48	75	0	193793
144	36	72	0	193806
144	57	77	0	193825
128	55	64	0	193889
144	58	75	0	193958
128	48	64	0	193960
128	36	64	0	193977
128	57	64	0	194015
144	63	84	0	194106
144	36	80	0	194110
144	48	84	0	194114
128	58	64	0	194164
128	48	64	0	194355
128	36	64	0	194364
128	63	64	0	194456
144	55	72	0	194475
144	48	78	0	194510
144	36	72	0	194524
144	57	66	0	194548
128	55	64	0	194607
144	58	70	0	194662
128	48	64	0	194680
128	36	64	0	194682
128	57	64	0	194704
144	65	78	0	194812
144	48	93	0	194830
144	36	83	0	194836
128	58	64	0	194838
128	36	64	0	195045
128	48	64	0	195055
144	55	72	0	195172
128	65	64	0	195175
144	48	78	0	195215
144	36	75	0	195225
144	57	65	0	195310
128	55	64	0	195363
144	58	73	0	195366
128	48	64	0	195376
128	36	64	0	195398
128	57	64	0	195477
144	66	73	0	195522
144	48	87	0	195537
144	36	83	0	195547
128	58	64	0	195573
128	48	64	0	195794
128	36	64	0	195797
144	55	67	0	195888
128	66	64	0	195906
144	48	68	0	195942
144	36	59	0	195961
144	57	64	0	195981
128	55	64	0	196053
128	36	64	0	196085
128	48	64	0	196098
144	58	68	0	196101
128	57	64	0	196128
128	58	64	0	196165
144	36	78	0	196242
144	48	75	0	196253
144	67	79	0	196260
128	36	64	0	196476
128	67	64	0	196484
128	48	64	0	196499
144	67	76	0	196618
144	36	75	0	196628
144	48	49	0	196648
144	65	79	0	196763
128	48	64	0	196773
128	67	64	0	196786
128	36	64	0	196806
128	65	64	0	196876
144	36	78	0	196963
144	63	72	0	196995
144	62	66	0	197002
128	63	64	0	197136
128	36	64	0	197337
144	67	68	0	197435
144	48	87	0	197469
128	62	64	0	197476
144	36	69	0	197496
128	36	64	0	197620
128	48	64	0	197649
144	65	68	0	197656
128	67	64	0	197713
144	63	76	0	197762
128	65	64	0	197799
144	36	79	0	197847
144	48	80	0	197852
144	62	78	0	197857
128	63	64	0	197910
128	36	64	0	198094
128	48	64	0	198096
144	67	64	0	198209
144	48	78	0	198234
144	36	65	0	198260
128	62	64	0	198295
144	65	67	0	198326
128	36	64	0	198388
128	48	64	0	198395
128	67	64	0	198399
144	63	68	0	198474
128	65	64	0	198497
144	62	84	0	198590
144	36	79	0	198609
128	63	64	0	198614
144	48	81	0	198617
128	36	64	0	198884
128	48	64	0	198899
144	60	72	0	198980
144	36	73	0	199005
144	48	72	0	199008
128	62	64	0	199026
128	48	64	0	199164
128	36	64	0	199192
144	36	83	0	199351
144	48	87	0	199356
144	59	99	0	199370
128	60	64	0	199399
128	48	64	0	199622
128	36	64	0	199628
144	60	69	0	199639
128	59	64	0	199690
144	62	83	0	199724
144	36	75	0	199732
144	48	82	0	199736
128	60	64	0	199777
128	48	64	0	199916
128	36	64	0	199918
144	63	80	0	199994
128	62	64	0	200020
144	48	79	0	200070
144	59	87	0	200073
144	36	80	0	200075
128	63	64	0	200120
128	36	64	0	200339
128	48	64	0	200360
144	60	78	0	200426
144	48	79	0	200471
144	36	83	0	200474
128	59	64	0	200484
144	62	77	0	200576
128	60	64	0	200626
128	48	64	0	200645
128	36	64	0	200660
144	63	76	0	200788
128	62	64	0	200821
144	60	90	0	200858
144	36	87	0	200864
144	48	89	0	200866
128	63	64	0	200901
128	36	64	0	201153
128	48	64	0	201157
144	48	78	0	201255
144	36	71	0	201268
128	48	64	0	201429
128	36	64	0	201443
144	48	81	0	201612
144	36	76	0	201619
128	36	64	0	201779
128	48	64	0	201809
144	36	87	0	201992
144	48	90	0	201996
144	55	100	0	201999
128	60	64	0	202048
128	48	64	0	202136
128	36	64	0	202167
128	55	64	0	202178
144	48	94	0	202361
144	59	100	0	202365
144	36	87	0	202367
144	60	71	0	202594
128	36	64	0	202609
128	48	64	0	202618
128	59	64	0	202642
144	62	74	0	202702
144	48	73	0	202712
144	36	80	0	202715
128	60	64	0	202782
128	48	64	0	202895
128	36	64	0	202902
144	63	78	0	202965
128	62	64	0	202988
144	48	93	0	203041
144	59	88	0	203045
144	36	85	0	203048
128	63	64	0	203086
128	36	64	0	203260
128	48	64	0	203288
144	60	78	0	203305
128	59	64	0	203358
144	48	81	0	203398
144	62	77	0	203405
144	36	86	0	203407
128	60	64	0	203485
128	48	64	0	203582
128	36	64	0	203584
144	63	80	0	203667
128	62	64	0	203705
144	48	94	0	203745
144	36	85	0	203748
144	60	92	0	203750
128	63	64	0	203792
128	36	64	0	203970
128	48	64	0	203980
144	36	80	0	204130
144	48	77	0	204134
128	48	64	0	204260
128	36	64	0	204270
144	36	81	0	204458
144	48	85	0	204460
128	48	64	0	204569
128	36	64	0	204585
128	60	64	0	204739
144	36	88	0	204782
144	48	92	0	204787
144	55	93	0	204808
128	48	64	0	204925
128	36	64	0	204936
128	55	64	0	204952
144	51	90	0	205013
128	51	64	0	205081
144	55	96	0	205107
144	48	92	0	205131
144	36	85	0	205134
128	55	64	0	205271
128	48	64	0	205274
128	36	64	0	205280
144	55	90	0	205468
144	48	90	0	205474
144	36	85	0	205477
128	48	64	0	205625
128	36	64	0	205639
128	55	64	0	205673
144	56	76	0	205687
144	55	90	0	205787
144	48	89	0	205799
144	36	81	0	205812
128	56	64	0	205823
128	48	64	0	205956
128	55	64	0	205965
128	36	64	0	205968
144	55	94	0	206162
144	48	92	0	206169
144	36	86	0	206171
128	48	64	0	206314
128	36	64	0	206319
128	55	64	0	206329
144	51	85	0	206375
144	36	85	0	206485
144	48	92	0	206488
144	55	95	0	206495
128	51	64	0	206512
128	55	64	0	206633
128	48	64	0	206635
128	36	64	0	206638
144	55	87	0	206822
144	48	91	0	206832
144	36	86	0	206838
128	36	64	0	206995
128	48	64	0	207000
128	55	64	0	207026
144	56	79	0	207032
128	56	64	0	207093
144	55	82	0	207132
144	48	95	0	207150
144	36	79	0	207168
128	36	64	0	207337
128	48	64	0	207341
144	56	75	0	207375
128	55	64	0	207393
144	58	86	0	207483
144	36	84	0	207493
144	48	84	0	207507
128	56	64	0	207515
128	36	64	0	207609
128	48	64	0	207616
144	56	83	0	207739
128	58	64	0	207757
144	55	94	0	207826
144	48	96	0	207831
144	36	82	0	207834
144	38	56	0	207871
128	56	64	0	207879
128	38	64	0	207942
128	48	64	0	207969
128	36	64	0	207974
128	55	64	0	207986
144	55	87	0	208167
144	36	83	0	208170
144	48	88	0	208176
128	48	64	0	208317
128	36	64	0	208334
128	55	64	0	208336
144	51	90	0	208384
144	48	92	0	208472
144	36	82	0	208474
144	55	95	0	208509
128	51	64	0	208515
128	48	64	0	208626
128	36	64	0	208631
128	55	64	0	208652
144	48	92	0	208809
144	36	81	0	208818
144	55	82	0	208832
128	36	64	0	208981
128	48	64	0	208990
128	55	64	0	209034
144	56	83	0	209049
144	48	91	0	209141
144	55	81	0	209144
144	36	79	0	209147
128	56	64	0	209168
128	48	64	0	209292
128	36	64	0	209300
128	55	64	0	209319
144	48	93	0	209488
144	55	84	0	209494
144	36	86	0	209496
128	48	64	0	209654
128	36	64	0	209668
128	55	64	0	209685
144	51	87	0	209716
144	48	94	0	209805
144	36	85	0	209812
128	51	64	0	209827
144	55	93	0	209831
128	48	64	0	209960
128	36	64	0	209971
144	56	81	0	210034
128	55	64	0	210057
144	48	92	0	210100
144	36	77	0	210117
144	58	85	0	210159
128	56	64	0	210204
128	48	64	0	210248
128	36	64	0	210256
144	56	76	0	210391
128	58	64	0	210415
144	48	94	0	210470
144	36	87	0	210472
144	55	96	0	210477
128	56	64	0	210511
128	48	64	0	210630
128	36	64	0	210649
128	55	64	0	210658
144	55	90	0	210814
144	48	94	0	210833
144	36	87	0	210836
128	48	64	0	210977
128	55	64	0	211002
128	36	64	0	211010
144	56	78	0	211041
144	48	97	0	211119
144	36	79	0	211130
144	55	89	0	211136
128	56	64	0	211168
128	48	64	0	211285
128	36	64	0	211293
128	55	64	0	211297
144	48	94	0	211468
144	36	82	0	211470
144	55	93	0	211474
128	36	64	0	211647
128	48	64	0	211661
144	52	92	0	211693
128	55	64	0	211696
144	48	93	0	211797
144	36	89	0	211800
144	55	81	0	211803
128	52	64	0	211852
128	48	64	0	211954
128	55	64	0	211959
128	36	64	0	211971
144	55	87	0	212122
144	48	90	0	212127
144	36	78	0	212132
128	36	64	0	212304
128	48	64	0	212316
144	56	81	0	212357
128	55	64	0	212365
144	55	78	0	212449
144	48	94	0	212456
144	36	86	0	212459
128	56	64	0	212481
128	36	64	0	212618
128	48	64	0	212643
144	56	75	0	212675
128	55	64	0	212705
144	36	87	0	212778
144	48	89	0	212781
144	59	88	0	212784
128	56	64	0	212814
128	36	64	0	212929
128	48	64	0	212931
144	56	85	0	213010
128	59	64	0	213045
144	55	96	0	213115
144	48	89	0	213121
144	36	83	0	213124
128	56	64	0	213152
128	48	64	0	213289
128	36	64	0	213308
128	55	64	0	213329
144	55	90	0	213467
144	36	80	0	213472
144	48	88	0	213475
128	48	64	0	213640
128	36	64	0	213655
128	55	64	0	213668
144	56	76	0	213684
144	48	89	0	213781
144	55	82	0	213784
144	36	79	0	213796
128	56	64	0	213810
128	48	64	0	213935
128	36	64	0	213945
128	55	64	0	213971
144	36	80	0	214137
144	48	83	0	214140
144	55	92	0	214154
128	48	64	0	214302
128	36	64	0	214304
144	52	66	0	214349
128	55	64	0	214352
144	50	58	0	214357
144	36	81	0	214425
144	48	89	0	214428
144	55	84	0	214459
128	50	64	0	214490
128	52	64	0	214513
128	48	64	0	214602
128	36	64	0	214605
128	55	64	0	214641
144	55	84	0	214803
144	48	92	0	214805
144	36	83	0	214817
128	36	64	0	214990
128	48	64	0	215004
128	55	64	0	215016
144	56	81	0	215025
144	55	84	0	215128
144	48	92	0	215134
128	56	64	0	215144
144	36	81	0	215146
128	36	64	0	215298
128	48	64	0	215324
144	56	75	0	215350
128	55	64	0	215403
144	59	90	0	215428
144	48	87	0	215442
144	36	85	0	215452
128	56	64	0	215455
128	36	64	0	215614
128	48	64	0	215629
144	60	81	0	215662
128	59	64	0	215690
144	61	93	0	215752
144	36	83	0	215765
144	48	95	0	215776
128	60	64	0	215788
128	36	64	0	215985
128	48	64	0	215991
128	61	64	0	216084
144	60	102	0	216098
144	48	92	0	216123
128	48	64	0	216301
128	60	64	0	216336
144	48	96	0	216450
144	36	87	0	216453
144	61	96	0	216463
128	36	64	0	216634
128	48	64	0	216650
144	63	83	0	216676
128	61	64	0	216694
144	64	93	0	216767
144	48	93	0	216791
144	36	86	0	216794
128	63	64	0	216797
128	48	64	0	216954
128	36	64	0	216958
128	64	64	0	217008
144	48	94	0	217106
144	36	89	0	217113
144	60	102	0	217116
128	36	64	0	217338
128	48	64	0	217347
144	61	79	0	217458
144	48	97	0	217466
144	36	86	0	217483
128	60	64	0	217487
128	36	64	0	217631
128	48	64	0	217644
144	63	74	0	217700
128	61	64	0	217715
144	64	92	0	217773
128	63	64	0	217780
144	36	83	0	217787
144	48	92	0	217790
128	36	64	0	217990
128	48	64	0	217993
144	66	75	0	217997
128	64	64	0	218057
144	67	88	0	218095
144	36	81	0	218112
144	48	89	0	218121
128	66	64	0	218145
128	48	64	0	218280
128	36	64	0	218283
128	67	64	0	218327
144	36	84	0	218445
144	63	94	0	218453
144	48	92	0	218458
144	64	9	0	218643
128	48	64	0	218645
128	36	64	0	218663
128	63	64	0	218680
144	66	85	0	218740
144	48	89	0	218764
144	36	78	0	218767
128	64	64	0	218814
144	67	69	0	218875
128	36	64	0	218930
128	48	64	0	218936
128	66	64	0	218941
144	69	88	0	219075
128	67	64	0	219089
144	36	85	0	219092
144	48	92	0	219100
128	48	64	0	219276
128	36	64	0	219278
144	67	78	0	219318
128	69	64	0	219371
144	36	87	0	219409
144	48	90	0	219412
144	66	85	0	219415
128	67	64	0	219483
128	48	64	0	219563
128	36	64	0	219574
128	66	64	0	219627
144	64	73	0	219655
144	48	82	0	219720
144	36	83	0	219723
144	63	94	0	219728
128	64	64	0	219769
128	48	64	0	219857
128	36	64	0	219900
128	63	64	0	219944
144	64	85	0	219964
144	48	90	0	220023
144	36	79	0	220030
144	63	65	0	220043
128	64	64	0	220097
128	48	64	0	220166
128	36	64	0	220180
144	61	84	0	220293
128	63	64	0	220317
144	36	85	0	220364
144	48	88	0	220366
144	60	95	0	220380
128	61	64	0	220434
128	48	64	0	220529
128	60	64	0	220538
128	36	64	0	220546
144	36	83	0	220714
144	48	92	0	220717
144	60	93	0	220726
144	63	81	0	220868
128	36	64	0	220899
128	48	64	0	220904
128	60	64	0	220918
144	64	75	0	220971
128	63	64	0	221027
144	66	93	0	221050
144	36	83	0	221055
144	48	93	0	221058
128	64	64	0	221093
128	48	64	0	221238
128	36	64	0	221248
128	66	64	0	221315
144	36	84	0	221413
144	48	90	0	221418
144	66	68	0	221424
144	64	77	0	221555
128	48	64	0	221591
128	66	64	0	221595
128	36	64	0	221599
144	63	85	0	221669
128	64	64	0	221694
144	60	94	0	221753
144	48	91	0	221756
144	36	84	0	221758
128	63	64	0	221811
128	48	64	0	221948
128	60	64	0	221958
128	36	64	0	221971
144	60	75	0	222088
144	48	87	0	222108
144	36	78	0	222121
144	63	63	0	222188
128	60	64	0	222281
144	64	74	0	222308
128	48	64	0	222313
128	36	64	0	222319
128	63	64	0	222342
144	66	85	0	222428
144	48	93	0	222460
144	36	84	0	222462
128	64	64	0	222469
128	66	64	0	222648
128	36	64	0	222650
128	48	64	0	222661
144	66	42	0	222771
144	48	81	0	222798
144	36	78	0	222804
144	64	69	0	222900
128	48	64	0	222952
128	66	64	0	222971
128	36	64	0	222972
144	63	74	0	223034
128	64	64	0	223058
144	60	90	0	223109
144	48	86	0	223150
144	36	81	0	223153
128	63	64	0	223181
128	48	64	0	223329
128	36	64	0	223363
128	60	64	0	223366
144	60	77	0	223485
144	48	82	0	223489
144	36	74	0	223508
144	61	72	0	223615
128	48	64	0	223658
128	36	64	0	223660
128	60	64	0	223688
144	64	76	0	223722
128	61	64	0	223756
144	36	82	0	223810
144	48	88	0	223812
144	67	88	0	223849
128	64	64	0	223877
128	48	64	0	224039
128	36	64	0	224043
128	67	64	0	224047
144	67	63	0	224154
144	48	84	0	224176
144	36	78	0	224185
144	64	75	0	224262
128	67	64	0	224315
128	36	64	0	224352
128	48	64	0	224360
144	61	80	0	224402
128	64	64	0	224458
144	60	89	0	224491
144	48	87	0	224518
144	36	80	0	224527
128	61	64	0	224562
128	48	64	0	224734
128	60	64	0	224737
128	36	64	0	224753
144	60	58	0	224867
144	48	73	0	224869
144	36	64	0	224878
144	61	61	0	224972
128	36	64	0	225005
128	48	64	0	225021
128	60	64	0	225043
144	64	69	0	225081
128	61	64	0	225095
128	64	64	0	225183
144	36	78	0	225185
144	48	74	0	225190
144	67	68	0	225212
128	48	64	0	225331
144	64	56	0	225352
128	36	64	0	225357
128	67	64	0	225359
144	61	69	0	225405
128	64	64	0	225416
128	61	64	0	225469
144	60	66	0	225501
144	48	85	0	225522
144	36	74	0	225543
144	59	70	0	225623
128	60	64	0	225648
128	36	64	0	225697
128	48	64	0	225705
128	59	64	0	225764
144	56	83	0	225769
144	55	92	0	225872
144	36	79	0	225884
144	48	84	0	225887
128	56	64	0	225891
128	48	64	0	226106
128	36	64	0	226111
128	55	64	0	226115
144	48	84	0	226238
144	55	83	0	226251
144	36	74	0	226258
128	48	64	0	226398
128	55	64	0	226401
128	36	64	0	226410
144	48	88	0	226564
144	36	78	0	226573
144	55	80	0	226576
144	56	81	0	226658
128	55	64	0	226688
128	48	64	0	226745
128	36	64	0	226757
128	56	64	0	226772
144	59	70	0	226833
144	48	84	0	226909
144	36	78	0	226922
144	60	68	0	226940
128	59	64	0	226989
128	48	64	0	227060
128	60	64	0	227102
128	36	64	0	227110
144	55	82	0	227238
144	36	78	0	227268
144	48	84	0	227271
144	56	75	0	227328
128	55	64	0	227411
144	59	60	0	227437
128	56	64	0	227446
128	48	64	0	227455
128	36	64	0	227461
144	60	87	0	227575
128	59	64	0	227592
144	48	90	0	227613
144	36	85	0	227618
128	48	64	0	227774
128	36	64	0	227789
128	60	64	0	227820
144	55	78	0	227919
144	48	83	0	227943
144	36	80	0	227948
144	56	60	0	228003
128	55	64	0	228080
128	36	64	0	228119
128	48	64	0	228122
144	59	67	0	228125
128	56	64	0	228128
144	60	72	0	228205
128	59	64	0	228251
144	48	88	0	228269
144	36	80	0	228272
144	61	83	0	228325
128	60	64	0	228342
128	36	64	0	228433
128	48	64	0	228446
144	60	86	0	228622
144	36	79	0	228632
128	61	64	0	228643
144	48	87	0	228656
128	36	64	0	228822
128	48	64	0	228824
128	60	64	0	228843
144	36	81	0	228984
144	48	85	0	228987
128	48	64	0	229124
128	36	64	0	229156
144	60	81	0	229312
144	48	91	0	229321
144	36	80	0	229324
144	61	67	0	229410
128	60	64	0	229469
128	36	64	0	229482
128	48	64	0	229484
144	64	61	0	229529
128	61	64	0	229543
144	65	83	0	229644
144	36	79	0	229659
128	64	64	0	229677
144	48	78	0	229703
128	48	64	0	229815
128	36	64	0	229841
128	65	64	0	229854
144	60	87	0	229987
144	48	87	0	229998
144	36	77	0	230006
144	61	59	0	230112
128	48	64	0	230174
128	36	64	0	230178
128	60	64	0	230187
144	64	79	0	230229
128	61	64	0	230262
144	65	82	0	230330
144	36	87	0	230333
144	48	85	0	230336
128	64	64	0	230385
128	48	64	0	230469
128	36	64	0	230481
128	65	64	0	230566
144	60	81	0	230618
144	48	85	0	230643
144	36	77	0	230655
144	61	67	0	230716
144	64	74	0	230791
128	60	64	0	230805
128	61	64	0	230824
128	36	64	0	230853
128	48	64	0	230859
144	65	71	0	230866
128	64	64	0	230940
144	67	89	0	230970
144	48	86	0	230992
144	36	80	0	231004
128	65	64	0	231011
128	67	64	0	231123
128	48	64	0	231161
128	36	64	0	231167
144	68	68	0	231301
144	48	85	0	231313
144	36	83	0	231318
144	67	71	0	231325
128	68	64	0	231383
128	48	64	0	231490
128	36	64	0	231493
128	67	64	0	231635
144	68	85	0	231648
144	36	80	0	231668
144	48	51	0	231730
128	48	64	0	231801
128	36	64	0	231848
128	68	64	0	231854
144	67	77	0	231947
144	48	87	0	231973
144	36	80	0	231988
144	68	85	0	232000
128	67	64	0	232065
128	48	64	0	232152
128	36	64	0	232178
128	68	64	0	232230
144	67	81	0	232257
144	71	86	0	232306
144	36	83	0	232332
144	48	80	0	232337
128	67	64	0	232363
128	48	64	0	232481
128	36	64	0	232509
128	71	64	0	232563
144	67	85	0	232587
144	48	87	0	232653
144	68	86	0	232657
144	36	83	0	232662
128	67	64	0	232720
128	48	64	0	232816
128	36	64	0	232843
128	68	64	0	232898
144	67	83	0	232908
144	48	82	0	232976
144	74	80	0	232979
144	36	81	0	232987
128	67	64	0	233031
128	48	64	0	233132
128	36	64	0	233154
128	74	64	0	233228
144	67	67	0	233248
144	48	84	0	233306
144	68	79	0	233310
144	36	78	0	233313
128	67	64	0	233334
144	75	87	0	233355
128	68	64	0	233432
128	48	64	0	233475
128	36	64	0	233526
128	75	64	0	233574
144	67	81	0	233606
144	48	81	0	233641
144	36	75	0	233650
144	74	61	0	233704
144	72	71	0	233717
128	67	64	0	233744
128	48	64	0	233804
128	36	64	0	233826
128	72	64	0	233834
128	74	64	0	233850
144	67	63	0	233933
144	48	86	0	233977
144	36	81	0	233983
144	72	86	0	233986
128	67	64	0	234045
128	48	64	0	234212
128	36	64	0	234215
144	48	87	0	234359
144	36	81	0	234368
128	48	64	0	234509
128	36	64	0	234522
128	72	64	0	234549
144	67	65	0	234588
144	71	86	0	234641
144	48	81	0	234658
128	67	64	0	234661
144	36	78	0	234667
128	48	64	0	234807
128	36	64	0	234826
144	68	85	0	234918
128	71	64	0	234943
144	48	82	0	234956
144	36	75	0	234961
144	65	86	0	235001
128	68	64	0	235043
128	36	64	0	235112
128	48	64	0	235115
128	65	64	0	235204
144	67	81	0	235221
144	36	75	0	235266
144	48	87	0	235274
144	63	94	0	235332
128	67	64	0	235346
128	36	64	0	235462
128	48	64	0	235478
128	63	64	0	235622
144	48	82	0	235639
144	65	83	0	235642
144	36	80	0	235661
144	62	72	0	235732
128	36	64	0	235827
128	65	64	0	235830
128	48	64	0	235880
144	63	84	0	235983
128	62	64	0	236002
144	36	86	0	236026
144	48	89	0	236054
144	60	93	0	236075
128	63	64	0	236099
128	36	64	0	236302
128	48	64	0	236342
144	48	29	0	236388
144	36	63	0	236396
128	36	64	0	236760
128	48	64	0	236776
144	36	86	0	236825
144	48	87	0	236830
128	48	64	0	236982
128	36	64	0	236990
144	48	80	0	237174
144	36	74	0	237186
128	48	64	0	237321
128	36	64	0	237324
128	60	64	0	237378
144	55	73	0	237411
144	36	79	0	237483
144	48	82	0	237486
144	60	78	0	237507
128	55	64	0	237545
128	48	64	0	237623
128	36	64	0	237657
128	60	64	0	237753
144	55	78	0	237756
144	48	83	0	237801
144	36	80	0	237808
144	59	75	0	237839
128	55	64	0	237899
128	48	64	0	237939
128	36	64	0	237977
128	59	64	0	238042
144	55	73	0	238057
144	60	75	0	238107
144	48	78	0	238110
144	36	77	0	238126
128	55	64	0	238151
128	36	64	0	238305
128	48	64	0	238319
128	60	64	0	238362
144	55	66	0	238365
144	62	80	0	238447
144	36	80	0	238454
128	55	64	0	238468
144	48	72	0	238475
128	48	64	0	238597
128	36	64	0	238622
128	62	64	0	238647
144	55	76	0	238703
144	48	81	0	238750
144	36	75	0	238775
144	63	78	0	238796
128	55	64	0	238832
128	48	64	0	238963
128	36	64	0	238968
128	63	64	0	238972
144	55	68	0	239001
144	62	70	0	239074
144	48	78	0	239095
144	36	72	0	239106
128	55	64	0	239152
128	48	64	0	239257
128	36	64	0	239272
128	62	64	0	239274
144	55	72	0	239317
144	48	80	0	239393
144	36	75	0	239408
144	63	81	0	239439
128	55	64	0	239476
128	48	64	0	239587
128	36	64	0	239600
128	63	64	0	239649
144	55	78	0	239684
144	65	77	0	239733
144	48	86	0	239736
144	36	78	0	239747
128	55	64	0	239813
128	48	64	0	239899
128	65	64	0	239915
128	36	64	0	239924
144	55	64	0	239988
144	48	81	0	240048
144	36	60	0	240066
144	66	89	0	240069
128	55	64	0	240150
128	66	64	0	240298
128	36	64	0	240306
144	55	79	0	240316
128	48	64	0	240320
144	65	81	0	240377
144	36	69	0	240396
144	48	84	0	240400
128	55	64	0	240458
128	36	64	0	240566
128	48	64	0	240572
128	65	64	0	240595
144	55	80	0	240605
144	48	77	0	240692
144	36	74	0	240703
144	63	79	0	240715
128	55	64	0	240772
128	36	64	0	240872
128	48	64	0	240887
128	63	64	0	240926
144	55	69	0	240945
144	48	81	0	241027
144	36	78	0	241031
144	62	82	0	241057
128	55	64	0	241111
128	48	64	0	241214
128	36	64	0	241224
128	62	64	0	241231
144	55	78	0	241266
144	48	89	0	241348
144	36	83	0	241355
144	65	84	0	241358
128	55	64	0	241417
128	48	64	0	241573
144	55	59	0	241575
128	36	64	0	241585
128	65	64	0	241617
144	63	78	0	241665
128	55	64	0	241701
144	48	84	0	241704
144	36	71	0	241708
128	36	64	0	241856
144	55	66	0	241863
128	48	64	0	241866
128	63	64	0	241881
144	48	84	0	242012
144	36	74	0	242016
144	62	77	0	242020
128	55	64	0	242055
128	48	64	0	242184
128	36	64	0	242194
144	55	60	0	242211
128	62	64	0	242221
144	48	82	0	242329
144	60	72	0	242332
144	36	74	0	242336
128	55	64	0	242378
128	48	64	0	242494
128	36	64	0	242504
128	60	64	0	242533
144	55	74	0	242544
144	48	90	0	242636
144	36	79	0	242645
144	60	72	0	242681
128	55	64	0	242729
128	48	64	0	242829
128	36	64	0	242862
144	55	76	0	242883
128	60	64	0	242886
144	48	88	0	242972
144	59	83	0	242990
144	36	57	0	243006
128	55	64	0	243045
128	48	64	0	243154
128	36	64	0	243194
144	55	77	0	243207
128	59	64	0	243217
144	48	93	0	243301
144	36	77	0	243310
144	60	82	0	243313
128	55	64	0	243370
128	36	64	0	243508
128	48	64	0	243514
144	55	60	0	243527
128	60	64	0	243552
144	48	82	0	243612
144	36	77	0	243621
144	62	85	0	243627
128	55	64	0	243687
144	55	60	0	243794
128	62	64	0	243810
128	36	64	0	243821
128	48	64	0	243827
144	36	83	0	243938
144	63	86	0	243941
144	48	88	0	243946
128	55	64	0	243989
144	55	77	0	244152
128	36	64	0	244167
128	48	64	0	244169
128	63	64	0	244172
144	48	86	0	244256
144	36	75	0	244259
144	62	87	0	244282
128	55	64	0	244325
144	55	74	0	244481
128	36	64	0	244486
128	62	64	0	244488
128	48	64	0	244492
144	48	82	0	244582
144	36	79	0	244585
144	63	80	0	244602
128	55	64	0	244637
144	55	77	0	244802
128	63	64	0	244805
128	48	64	0	244807
128	36	64	0	244809
144	36	78	0	244926
144	48	81	0	244929
144	65	72	0	244943
128	55	64	0	244985
128	36	64	0	245100
128	48	64	0	245125
128	65	64	0	245126
144	55	52	0	245134
144	48	90	0	245230
144	36	93	0	245234
144	66	91	0	245241
128	55	64	0	245288
128	48	64	0	245457
144	55	81	0	245467
128	66	64	0	245485
128	36	64	0	245487
144	48	82	0	245554
144	36	75	0	245573
144	65	79	0	245576
128	55	64	0	245621
144	55	67	0	245763
128	36	64	0	245782
128	65	64	0	245785
128	48	64	0	245787
144	48	85	0	245868
144	36	75	0	245883
144	63	79	0	245902
128	55	64	0	245943
128	36	64	0	246055
128	48	64	0	246057
128	63	64	0	246109
144	55	77	0	246147
144	48	90	0	246196
144	36	82	0	246207
144	62	82	0	246215
128	55	64	0	246271
128	48	64	0	246371
128	36	64	0	246378
144	55	82	0	246417
128	62	64	0	246421
144	48	80	0	246470
144	36	85	0	246499
144	65	81	0	246508
128	55	64	0	246595
128	48	64	0	246704
144	55	64	0	246717
128	36	64	0	246722
128	65	64	0	246749
144	48	82	0	246816
144	63	74	0	246819
144	36	74	0	246832
128	55	64	0	246862
128	36	64	0	246987
128	48	64	0	246994
144	55	71	0	247019
128	63	64	0	247022
144	48	94	0	247127
144	62	83	0	247134
144	36	86	0	247136
128	55	64	0	247182
128	36	64	0	247330
128	48	64	0	247343
144	55	62	0	247370
128	62	64	0	247397
144	48	81	0	247447
144	36	79	0	247459
144	61	87	0	247469
128	55	64	0	247526
128	36	64	0	247675
128	48	64	0	247677
144	55	80	0	247698
128	61	64	0	247702
144	36	83	0	247787
144	48	87	0	247790
144	60	93	0	247798
128	55	64	0	247851
128	48	64	0	248008
128	36	64	0	248017
128	60	64	0	248020
144	55	84	0	248033
144	48	76	0	248097
144	36	74	0	248104
144	60	69	0	248119
128	55	64	0	248175
128	48	64	0	248286
128	36	64	0	248303
144	58	84	0	248335
128	60	64	0	248364
144	48	87	0	248395
144	55	87	0	248398
144	36	75	0	248401
128	58	64	0	248447
128	48	64	0	248597
128	36	64	0	248600
144	60	85	0	248622
128	55	64	0	248632
144	58	80	0	248691
144	48	92	0	248712
144	36	83	0	248714
128	60	64	0	248742
128	36	64	0	248907
128	48	64	0	248918
128	58	64	0	248931
144	55	85	0	248945
144	60	84	0	249009
144	48	86	0	249015
144	36	84	0	249018
128	55	64	0	249054
128	48	64	0	249208
128	36	64	0	249223
144	58	84	0	249268
128	60	64	0	249306
144	48	89	0	249321
144	36	78	0	249334
144	55	87	0	249355
128	58	64	0	249365
128	36	64	0	249496
128	48	64	0	249505
128	55	64	0	249522
144	60	88	0	249531
144	36	85	0	249613
144	57	92	0	249618
144	48	92	0	249622
128	60	64	0	249674
128	57	64	0	249792
128	36	64	0	249801
128	48	64	0	249818
144	54	86	0	249845
144	36	79	0	249899
128	54	64	0	249988
144	60	87	0	250027
128	36	64	0	250141
128	60	64	0	250223
144	57	77	0	250226
144	48	98	0	250289
144	36	93	0	250295
144	54	94	0	250307
128	57	64	0	250372
128	48	64	0	250526
128	36	64	0	250531
128	54	64	0	250564
144	60	81	0	250586
144	36	72	0	250620
144	48	81	0	250622
144	57	60	0	250638
128	60	64	0	250738
128	36	64	0	250796
128	48	64	0	250815
144	54	89	0	250876
128	57	64	0	250906
144	36	89	0	250926
144	48	93	0	250928
128	54	64	0	250988
144	61	77	0	251011
128	61	64	0	251046
144	60	75	0	251057
128	36	64	0	251149
128	48	64	0	251161
128	60	64	0	251273
144	48	93	0	251326
144	36	90	0	251335
144	60	85	0	251341
128	60	64	0	251519
128	36	64	0	251524
128	48	64	0	251535
144	60	74	0	251641
144	48	93	0	251662
144	36	89	0	251668
144	58	80	0	251769
128	60	64	0	251827
128	48	64	0	251842
128	36	64	0	251851
144	55	70	0	251886
128	58	64	0	251927
144	52	76	0	251982
128	55	64	0	252000
144	48	80	0	252006
144	36	79	0	252009
144	55	66	0	252099
128	52	64	0	252150
128	48	64	0	252170
128	36	64	0	252175
144	58	70	0	252189
128	55	64	0	252256
144	60	80	0	252323
128	58	64	0	252329
144	48	86	0	252332
144	36	79	0	252335
144	58	70	0	252471
128	36	64	0	252499
128	60	64	0	252510
128	48	64	0	252516
144	55	69	0	252582
128	58	64	0	252632
144	48	83	0	252682
144	52	87	0	252685
144	36	78	0	252688
128	55	64	0	252700
144	55	72	0	252782
128	52	64	0	252820
128	36	64	0	252846
128	48	64	0	252848
144	58	70	0	252874
128	55	64	0	252942
144	48	81	0	253013
128	58	64	0	253019
144	60	75	0	253021
144	36	72	0	253029
144	58	59	0	253133
128	36	64	0	253180
128	60	64	0	253190
128	48	64	0	253195
144	55	62	0	253260
128	58	64	0	253298
128	55	64	0	253323
144	52	81	0	253342
144	48	76	0	253362
144	36	75	0	253371
144	55	69	0	253464
128	52	64	0	253498
128	36	64	0	253520
128	48	64	0	253524
144	58	68	0	253542
128	55	64	0	253601
144	60	79	0	253662
128	58	64	0	253666
144	48	84	0	253675
144	36	74	0	253678
144	58	69	0	253813
128	48	64	0	253834
128	36	64	0	253836
128	60	64	0	253846
144	55	70	0	253913
128	58	64	0	253970
144	36	83	0	253996
144	48	87	0	253999
144	52	93	0	254001
128	55	64	0	254075
128	36	64	0	254172
128	48	64	0	254201
128	52	64	0	254254
144	58	78	0	254331
144	36	80	0	254346
144	48	85	0	254359
144	55	80	0	254421
128	58	64	0	254475
128	36	64	0	254531
128	48	64	0	254553
128	55	64	0	254591
144	51	96	0	254641
144	36	87	0	254682
144	48	49	0	254744
128	48	64	0	254808
128	36	64	0	254892
128	51	64	0	254924
144	48	80	0	254977
144	36	62	0	254991
144	55	82	0	255003
128	36	64	0	255162
128	48	64	0	255180
128	55	64	0	255226
144	51	81	0	255280
128	51	64	0	255340
144	55	79	0	255342
144	48	90	0	255345
144	36	79	0	255349
128	36	64	0	255490
128	48	64	0	255505
128	55	64	0	255565
144	51	80	0	255579
128	51	64	0	255631
144	48	95	0	255656
144	55	77	0	255660
144	36	81	0	255673
128	36	64	0	255820
128	48	64	0	255827
128	55	64	0	255912
144	51	79	0	255917
128	51	64	0	255961
144	48	93	0	255968
144	36	79	0	255978
144	55	81	0	255992
128	48	64	0	256110
128	36	64	0	256152
144	51	83	0	256181
128	55	64	0	256212
144	50	80	0	256271
144	47	89	0	256286
144	36	77	0	256293
128	51	64	0	256300
128	36	64	0	256450
128	47	64	0	256467
128	50	64	0	256501
144	51	76	0	256525
144	47	83	0	256588
144	36	79	0	256593
144	50	72	0	256598
128	51	64	0	256645
128	47	64	0	256733
128	36	64	0	256741
128	50	64	0	256791
144	51	80	0	256807
144	48	97	0	256895
144	36	86	0	256897
128	51	64	0	256924
128	36	64	0	257150
128	48	64	0	257156
