144	36	58	0	2316
144	48	51	0	2323
128	48	64	0	2415
128	36	64	0	2421
144	48	51	0	2813
144	36	57	0	2819
128	36	64	0	2902
128	48	64	0	2913
144	48	44	0	3291
144	36	40	0	3296
128	48	64	0	3363
128	36	64	0	3383
144	24	58	0	3759
144	36	47	0	3782
128	36	64	0	3875
128	24	64	0	3902
144	24	57	0	4271
144	36	53	0	4286
128	36	64	0	4435
128	24	64	0	4458
144	24	58	0	4738
144	36	42	0	4750
128	36	64	0	4865
128	24	64	0	4878
144	24	49	0	5216
144	36	47	0	5219
128	24	64	0	5337
128	36	64	0	5347
144	24	56	0	5685
144	36	47	0	5691
128	36	64	0	5792
128	24	64	0	5797
144	24	51	0	6166
144	36	36	0	6184
128	24	64	0	6271
128	36	64	0	6285
144	36	46	0	6647
144	24	47	0	6651
128	24	64	0	6745
128	36	64	0	6749
144	36	51	0	7141
144	24	55	0	7149
128	36	64	0	7236
128	24	64	0	7242
144	24	69	0	7572
144	36	50	0	7601
128	24	64	0	7664
128	36	64	0	7679
144	36	64	0	8136
144	48	53	0	8141
128	48	64	0	8279
128	36	64	0	8286
144	55	56	0	8301
144	60	62	0	8304
128	55	64	0	8386
128	60	64	0	8412
144	36	62	0	8429
144	48	65	0	8435
128	48	64	0	8551
128	36	64	0	8560
144	60	60	0	8585
144	55	58	0	8591
128	55	64	0	8701
128	60	64	0	8718
144	48	64	0	8729
144	36	63	0	8732
128	48	64	0	8847
128	36	64	0	8856
144	60	72	0	8887
144	55	62	0	8891
128	55	64	0	9010
128	60	64	0	9018
144	48	68	0	9053
144	36	69	0	9058
128	36	64	0	9179
128	48	64	0	9181
144	60	69	0	9191
144	55	64	0	9194
128	55	64	0	9317
128	60	64	0	9320
144	48	67	0	9356
144	36	65	0	9363
144	54	72	0	9533
144	57	75	0	9536
128	36	64	0	9540
128	48	64	0	9545
128	54	64	0	9679
128	57	64	0	9710
144	48	70	0	10002
144	36	67	0	10006
128	48	64	0	10141
144	60	67	0	10145
128	36	64	0	10147
144	55	56	0	10152
128	55	64	0	10280
128	60	64	0	10293
144	36	62	0	10311
144	48	58	0	10315
128	48	64	0	10440
128	36	64	0	10443
144	60	58	0	10453
144	55	55	0	10459
128	55	64	0	10561
128	60	64	0	10580
144	48	55	0	10609
144	36	51	0	10619
128	36	64	0	10713
128	48	64	0	10726
144	60	55	0	10771
144	55	47	0	10775
128	55	64	0	10882
128	60	64	0	10906
144	48	54	0	10927
144	36	52	0	10941
128	36	64	0	11050
128	48	64	0	11062
144	60	55	0	11087
144	55	54	0	11090
128	60	64	0	11186
128	55	64	0	11220
144	48	56	0	11251
144	36	60	0	11259
128	36	64	0	11410
128	48	64	0	11418
144	54	68	0	11455
144	57	62	0	11458
128	54	64	0	11588
128	57	64	0	11620
144	36	74	0	11903
144	48	77	0	11906
144	60	68	0	12024
144	55	59	0	12029
128	36	64	0	12047
128	48	64	0	12061
128	60	64	0	12193
144	48	65	0	12205
144	36	70	0	12209
128	55	64	0	12260
144	57	74	0	12414
144	54	78	0	12419
128	48	64	0	12465
128	36	64	0	12468
128	54	64	0	12714
128	57	64	0	12775
144	48	78	0	12891
144	36	74	0	12895
144	55	64	0	12998
144	60	66	0	13006
128	48	64	0	13009
128	36	64	0	13029
128	60	64	0	13083
128	55	64	0	13100
144	36	58	0	13158
144	48	72	0	13166
128	48	64	0	13322
144	57	68	0	13332
128	36	64	0	13339
144	54	71	0	13349
128	54	64	0	13795
128	57	64	0	13798
144	48	76	0	13811
144	36	74	0	13815
144	55	65	0	13953
128	36	64	0	13956
128	48	64	0	13958
144	60	68	0	13968
128	60	64	0	14065
128	55	64	0	14097
144	36	67	0	14127
144	48	66	0	14131
128	48	64	0	14252
128	36	64	0	14256
144	57	63	0	14328
144	54	69	0	14331
128	54	64	0	14804
128	57	64	0	14806
144	36	67	0	14829
144	48	66	0	14835
128	48	64	0	14956
144	55	68	0	14961
128	36	64	0	14964
144	60	63	0	14987
128	60	64	0	15055
128	55	64	0	15083
144	36	67	0	15135
144	48	66	0	15145
128	48	64	0	15249
128	36	64	0	15262
144	57	58	0	15284
144	54	61	0	15292
128	54	64	0	15592
128	57	64	0	15608
144	48	73	0	15771
144	36	71	0	15775
144	55	59	0	15905
128	48	64	0	15908
144	60	64	0	15916
128	36	64	0	15920
128	55	64	0	16021
128	60	64	0	16045
144	48	60	0	16079
144	36	60	0	16090
128	48	64	0	16206
128	36	64	0	16209
144	60	60	0	16233
144	55	49	0	16248
128	55	64	0	16339
128	60	64	0	16352
144	48	53	0	16409
144	36	49	0	16420
128	36	64	0	16512
128	48	64	0	16518
144	55	53	0	16547
144	60	58	0	16556
128	55	64	0	16672
128	60	64	0	16689
144	48	62	0	16742
144	36	60	0	16748
128	48	64	0	16870
128	36	64	0	16875
144	55	58	0	16890
144	60	58	0	16898
128	60	64	0	16999
128	55	64	0	17019
144	48	66	0	17067
144	36	64	0	17073
128	48	64	0	17237
144	57	63	0	17240
128	36	64	0	17243
144	54	62	0	17252
128	54	64	0	17384
128	57	64	0	17403
144	48	68	0	17712
144	36	65	0	17717
128	36	64	0	17841
128	48	64	0	17845
144	55	55	0	17854
144	60	55	0	17867
128	55	64	0	17995
128	60	64	0	18003
144	48	59	0	18044
144	36	59	0	18054
128	36	64	0	18159
144	60	64	0	18180
128	48	64	0	18183
144	55	51	0	18196
128	55	64	0	18295
128	60	64	0	18323
144	48	53	0	18367
144	36	52	0	18379
128	36	64	0	18482
128	48	64	0	18498
144	55	53	0	18505
144	60	62	0	18508
128	55	64	0	18631
128	60	64	0	18661
144	48	71	0	18699
144	36	66	0	18706
144	60	69	0	18829
144	55	60	0	18834
128	48	64	0	18839
128	36	64	0	18842
128	60	64	0	18971
128	55	64	0	18991
144	48	69	0	19001
144	36	69	0	19004
128	48	64	0	19169
144	57	69	0	19179
128	36	64	0	19182
144	54	74	0	19184
128	54	64	0	19270
128	57	64	0	19298
144	48	78	0	19649
144	36	74	0	19653
128	48	64	0	19781
144	55	62	0	19784
144	60	67	0	19788
128	36	64	0	19791
128	55	64	0	19884
128	60	64	0	19915
144	48	68	0	19960
144	36	60	0	19965
128	48	64	0	20075
128	36	64	0	20078
144	60	55	0	20097
144	55	44	0	20113
128	60	64	0	20204
128	55	64	0	20207
144	48	54	0	20259
144	36	40	0	20285
128	36	64	0	20371
128	48	64	0	20374
144	55	52	0	20421
144	60	58	0	20434
128	55	64	0	20527
128	60	64	0	20534
144	48	71	0	20609
144	36	66	0	20614
144	55	58	0	20731
128	48	64	0	20733
144	60	62	0	20741
128	36	64	0	20750
128	55	64	0	20847
128	60	64	0	20870
144	48	51	0	20927
144	36	51	0	20935
128	36	64	0	21022
128	48	64	0	21027
144	60	51	0	21072
144	55	40	0	21075
128	60	64	0	21167
128	55	64	0	21170
144	48	54	0	21258
144	36	42	0	21278
128	48	64	0	21348
128	36	64	0	21366
144	55	51	0	21404
144	60	62	0	21408
128	55	64	0	21516
128	60	64	0	21538
144	36	75	0	21574
144	48	77	0	21580
144	60	65	0	21712
128	48	64	0	21715
144	55	59	0	21720
128	36	64	0	21735
128	55	64	0	21828
128	60	64	0	21854
144	48	58	0	21887
144	36	53	0	21892
128	36	64	0	21996
128	48	64	0	22005
144	55	56	0	22028
144	60	60	0	22034
128	55	64	0	22125
128	60	64	0	22140
144	48	66	0	22218
144	36	63	0	22222
128	36	64	0	22315
128	48	64	0	22320
144	55	72	0	22335
144	60	72	0	22350
128	55	64	0	22472
128	60	64	0	22490
144	36	78	0	22520
144	48	81	0	22523
128	48	64	0	22635
128	36	64	0	22650
144	60	70	0	22672
144	55	72	0	22676
128	60	64	0	22804
128	55	64	0	22806
144	36	72	0	22815
144	48	68	0	22822
128	48	64	0	22965
128	36	64	0	22980
144	54	80	0	22986
144	57	75	0	22993
128	54	64	0	23096
128	57	64	0	23122
144	48	76	0	23461
144	36	74	0	23465
128	48	64	0	23587
128	36	64	0	23594
144	55	72	0	23598
144	60	69	0	23609
128	60	64	0	23678
128	55	64	0	23680
144	48	66	0	23798
144	36	68	0	23802
128	48	64	0	23921
128	36	64	0	23924
144	55	57	0	23928
144	60	62	0	23931
128	60	64	0	24019
128	55	64	0	24022
144	36	74	0	24087
144	48	71	0	24092
128	48	64	0	24162
128	36	64	0	24214
144	55	62	0	24258
144	60	65	0	24267
128	55	64	0	24386
128	60	64	0	24404
144	30	78	0	24435
144	42	64	0	24444
128	42	64	0	24524
128	30	64	0	24556
144	55	68	0	24596
144	60	68	0	24614
144	30	71	0	24705
144	42	65	0	24715
128	55	64	0	24721
128	60	64	0	24723
128	30	64	0	24745
128	42	64	0	24762
144	36	78	0	24926
144	48	89	0	24934
128	48	64	0	25043
128	36	64	0	25073
144	36	74	0	25437
144	48	76	0	25450
128	36	64	0	25568
128	48	64	0	25574
144	55	59	0	25577
144	60	67	0	25581
128	55	64	0	25678
128	60	64	0	25701
144	48	69	0	25753
144	36	60	0	25765
128	48	64	0	25873
128	36	64	0	25876
144	60	62	0	25879
144	55	58	0	25886
128	55	64	0	25976
128	60	64	0	26007
144	48	69	0	26076
144	36	66	0	26081
128	48	64	0	26143
128	36	64	0	26205
144	55	61	0	26237
144	60	62	0	26248
128	55	64	0	26340
128	60	64	0	26374
144	30	75	0	26411
144	42	57	0	26430
128	30	64	0	26482
128	42	64	0	26486
144	55	56	0	26564
144	60	55	0	26576
128	60	64	0	26662
144	30	79	0	26665
144	42	68	0	26669
128	55	64	0	26672
128	30	64	0	26701
128	42	64	0	26714
144	36	78	0	26913
144	48	82	0	26916
128	48	64	0	27005
128	36	64	0	27029
144	36	80	0	27416
144	48	81	0	27419
128	48	64	0	27527
128	36	64	0	27544
144	55	64	0	27554
144	60	69	0	27561
128	55	64	0	27661
128	60	64	0	27664
144	48	63	0	27709
144	36	69	0	27714
128	48	64	0	27834
128	36	64	0	27841
144	60	60	0	27856
144	55	58	0	27859
128	55	64	0	27950
128	60	64	0	27956
144	36	66	0	28015
144	48	62	0	28019
128	48	64	0	28111
128	36	64	0	28144
144	55	64	0	28171
144	60	65	0	28179
128	55	64	0	28250
128	60	64	0	28272
144	45	78	0	28333
144	33	52	0	28365
128	33	64	0	28472
128	45	64	0	28473
144	55	62	0	28509
144	60	66	0	28513
128	55	64	0	28589
128	60	64	0	28595
144	33	64	0	28656
144	45	68	0	28660
128	45	64	0	28736
128	33	64	0	28748
144	60	53	0	28785
144	55	42	0	28803
128	60	64	0	28883
128	55	64	0	28887
144	45	67	0	28933
144	33	59	0	28947
128	45	64	0	29034
128	33	64	0	29043
144	55	51	0	29118
144	60	56	0	29126
128	55	64	0	29227
128	60	64	0	29256
144	30	62	0	29317
128	30	64	0	29380
144	60	53	0	29449
144	55	46	0	29452
128	55	64	0	29541
128	60	64	0	29545
144	42	62	0	29567
144	30	51	0	29582
128	42	64	0	29627
128	30	64	0	29645
144	60	52	0	29741
144	55	50	0	29745
128	60	64	0	29831
128	55	64	0	29834
144	42	65	0	29866
144	30	60	0	29881
128	42	64	0	29945
128	30	64	0	29965
144	55	51	0	30050
144	60	55	0	30057
128	60	64	0	30158
128	55	64	0	30161
144	39	67	0	30228
144	27	69	0	30231
128	39	64	0	30309
128	27	64	0	30312
144	55	54	0	30384
144	60	51	0	30400
128	60	64	0	30478
128	55	64	0	30480
144	27	76	0	30483
144	39	60	0	30492
128	27	64	0	30541
128	39	64	0	30544
144	36	69	0	30733
144	24	56	0	30742
144	23	53	0	30751
128	36	64	0	30811
128	24	64	0	30814
128	23	64	0	30816
144	48	70	0	31231
144	36	51	0	31257
144	35	53	0	31265
128	35	64	0	31334
128	36	64	0	31376
144	55	51	0	31386
128	48	64	0	31395
144	60	51	0	31401
128	55	64	0	31465
128	60	64	0	31476
144	48	54	0	31538
144	36	64	0	31545
128	36	64	0	31647
144	60	55	0	31661
128	48	64	0	31666
144	55	58	0	31669
128	60	64	0	31742
128	55	64	0	31745
144	48	62	0	31797
144	36	71	0	31804
128	48	64	0	31889
128	36	64	0	31930
144	55	49	0	32003
144	60	56	0	32007
128	55	64	0	32127
128	60	64	0	32143
144	39	67	0	32153
144	27	69	0	32167
128	39	64	0	32275
128	27	64	0	32294
144	55	54	0	32357
144	60	55	0	32366
144	27	69	0	32436
144	39	66	0	32440
128	60	64	0	32446
128	55	64	0	32448
128	39	64	0	32494
128	27	64	0	32497
144	38	68	0	32683
144	24	43	0	32699
144	26	39	0	32721
128	26	64	0	32781
128	24	64	0	32787
128	38	64	0	32790
144	35	65	0	33142
144	36	63	0	33147
144	48	38	0	33175
144	47	31	0	33208
128	36	64	0	33264
128	47	64	0	33268
128	35	64	0	33271
128	48	64	0	33293
144	55	44	0	33315
144	60	53	0	33325
128	60	64	0	33409
128	55	64	0	33413
144	36	66	0	33466
144	48	56	0	33469
128	36	64	0	33607
128	48	64	0	33610
144	60	51	0	33628
144	55	45	0	33632
128	60	64	0	33716
128	55	64	0	33718
144	36	54	0	33754
144	48	48	0	33757
128	48	64	0	33873
128	36	64	0	33877
144	55	52	0	33938
144	60	55	0	33947
128	55	64	0	34080
144	48	73	0	34103
128	60	64	0	34106
144	36	72	0	34109
128	48	64	0	34258
144	60	54	0	34265
128	36	64	0	34271
144	55	44	0	34274
128	60	64	0	34407
144	48	71	0	34420
144	36	74	0	34424
128	55	64	0	34465
144	54	68	0	34576
128	48	64	0	34579
144	57	55	0	34583
128	36	64	0	34596
128	54	64	0	34717
128	57	64	0	34755
144	48	62	0	35070
144	36	55	0	35098
144	60	57	0	35234
144	55	49	0	35238
128	36	64	0	35250
128	48	64	0	35253
128	55	64	0	35351
128	60	64	0	35359
144	48	59	0	35380
144	36	54	0	35398
144	55	42	0	35506
144	60	47	0	35514
128	36	64	0	35520
128	48	64	0	35523
128	60	64	0	35634
128	55	64	0	35637
144	36	57	0	35663
144	48	54	0	35681
128	48	64	0	35789
128	36	64	0	35816
144	55	48	0	35840
144	60	56	0	35856
128	55	64	0	35980
128	60	64	0	35986
144	48	70	0	36006
144	36	66	0	36010
128	48	64	0	36160
144	55	55	0	36167
128	36	64	0	36170
144	60	58	0	36174
128	60	64	0	36287
128	55	64	0	36314
144	48	57	0	36321
144	36	61	0	36325
128	48	64	0	36465
128	36	64	0	36475
144	57	60	0	36504
144	54	63	0	36521
128	54	64	0	36643
128	57	64	0	36652
144	48	49	0	36984
144	36	50	0	36994
144	55	49	0	37105
144	60	61	0	37118
128	36	64	0	37134
128	48	64	0	37153
128	60	64	0	37231
128	55	64	0	37247
144	48	55	0	37278
144	36	50	0	37296
128	36	64	0	37401
128	48	64	0	37408
144	57	60	0	37458
144	54	63	0	37469
128	54	64	0	37544
128	57	64	0	37565
144	48	72	0	37933
144	36	38	0	37963
144	38	45	0	37985
128	38	64	0	38052
144	55	66	0	38071
128	48	64	0	38074
128	36	64	0	38076
144	60	64	0	38088
128	60	64	0	38203
128	55	64	0	38212
144	36	66	0	38247
144	48	64	0	38250
128	48	64	0	38411
128	36	64	0	38418
144	57	60	0	38439
144	54	68	0	38441
128	54	64	0	38499
128	57	64	0	38514
144	48	73	0	38875
144	36	72	0	38880
144	55	61	0	39031
144	60	66	0	39040
128	48	64	0	39043
128	36	64	0	39062
128	60	64	0	39187
128	55	64	0	39190
144	48	71	0	39229
144	36	72	0	39232
128	48	64	0	39347
128	36	64	0	39370
144	57	66	0	39379
144	54	72	0	39385
128	54	64	0	39446
128	57	64	0	39451
144	48	80	0	39850
144	36	68	0	39861
128	48	64	0	39979
128	36	64	0	39997
144	55	63	0	40014
144	60	66	0	40019
128	60	64	0	40120
128	55	64	0	40124
144	36	73	0	40161
144	48	72	0	40169
128	48	64	0	40299
128	36	64	0	40301
144	54	70	0	40346
144	57	60	0	40354
128	54	64	0	40399
128	57	64	0	40420
144	48	86	0	40817
144	36	75	0	40824
144	55	72	0	40939
144	60	72	0	40952
128	48	64	0	40973
128	36	64	0	41002
128	55	64	0	41100
128	60	64	0	41132
144	48	73	0	41150
144	36	66	0	41164
144	55	53	0	41284
144	60	54	0	41287
128	48	64	0	41313
128	36	64	0	41318
128	60	64	0	41432
128	55	64	0	41438
144	48	62	0	41485
144	36	57	0	41498
128	36	64	0	41613
128	48	64	0	41621
144	55	59	0	41629
144	60	66	0	41636
128	55	64	0	41764
128	60	64	0	41785
144	36	75	0	41816
144	48	77	0	41820
144	60	64	0	41964
128	48	64	0	41967
144	55	60	0	41975
128	36	64	0	41984
128	60	64	0	42096
144	36	62	0	42117
144	48	69	0	42126
128	55	64	0	42128
144	54	73	0	42281
144	57	67	0	42284
128	48	64	0	42302
128	36	64	0	42305
128	54	64	0	42395
128	57	64	0	42440
144	36	79	0	42736
144	48	78	0	42744
144	55	63	0	42891
144	60	68	0	42907
128	36	64	0	42930
128	48	64	0	42933
128	60	64	0	43053
128	55	64	0	43060
144	48	74	0	43090
144	36	66	0	43101
128	48	64	0	43224
144	60	65	0	43228
128	36	64	0	43243
144	55	53	0	43246
128	55	64	0	43356
128	60	64	0	43370
144	48	62	0	43396
144	36	50	0	43418
128	36	64	0	43495
128	48	64	0	43517
144	60	60	0	43552
144	55	49	0	43562
128	55	64	0	43700
128	60	64	0	43706
144	48	81	0	43726
144	36	77	0	43730
144	60	65	0	43880
144	55	56	0	43889
128	48	64	0	43893
128	36	64	0	43907
128	60	64	0	44016
128	55	64	0	44035
144	36	66	0	44038
144	48	71	0	44042
128	36	64	0	44191
128	48	64	0	44199
144	57	68	0	44202
144	54	72	0	44205
128	54	64	0	44310
128	57	64	0	44329
144	36	77	0	44658
144	48	84	0	44662
144	55	69	0	44786
144	60	71	0	44793
128	48	64	0	44815
128	36	64	0	44838
128	55	64	0	44948
128	60	64	0	44973
144	48	67	0	44984
144	36	53	0	45000
128	36	64	0	45088
128	48	64	0	45100
144	60	56	0	45122
144	55	52	0	45132
128	55	64	0	45256
128	60	64	0	45271
144	48	58	0	45279
144	36	55	0	45293
128	48	64	0	45413
128	36	64	0	45423
144	55	57	0	45454
144	60	63	0	45467
128	55	64	0	45584
128	60	64	0	45603
144	48	76	0	45654
144	36	74	0	45658
144	60	64	0	45777
144	55	55	0	45781
128	48	64	0	45824
128	36	64	0	45826
128	60	64	0	45916
128	55	64	0	45921
144	36	58	0	45937
144	48	64	0	45945
128	48	64	0	46059
128	36	64	0	46065
144	54	81	0	46116
144	57	72	0	46122
128	54	64	0	46307
128	57	64	0	46321
144	36	81	0	46598
144	48	84	0	46602
144	55	78	0	46737
144	60	68	0	46748
128	48	64	0	46754
128	36	64	0	46764
128	55	64	0	46857
128	60	64	0	46869
144	48	65	0	46904
144	36	60	0	46907
128	36	64	0	46995
128	48	64	0	47005
144	55	52	0	47032
144	60	58	0	47037
128	55	64	0	47158
128	60	64	0	47163
144	48	63	0	47186
144	36	62	0	47197
128	36	64	0	47326
128	48	64	0	47328
144	55	53	0	47354
144	60	58	0	47369
128	55	64	0	47498
128	60	64	0	47512
144	48	77	0	47562
144	36	72	0	47566
128	36	64	0	47704
144	55	64	0	47710
128	48	64	0	47718
144	60	69	0	47722
128	60	64	0	47832
128	55	64	0	47848
144	48	65	0	47905
144	36	63	0	47918
144	54	63	0	48066
144	57	59	0	48071
128	48	64	0	48085
128	36	64	0	48094
128	54	64	0	48224
128	57	64	0	48265
144	48	87	0	48513
144	36	79	0	48517
144	55	72	0	48646
144	60	75	0	48651
128	48	64	0	48660
128	36	64	0	48680
144	48	81	0	48841
144	36	79	0	48845
128	36	64	0	48933
128	48	64	0	48941
144	48	69	0	49042
144	36	73	0	49050
128	60	64	0	49059
128	55	64	0	49075
128	48	64	0	49164
128	36	64	0	49176
144	54	60	0	49220
144	57	63	0	49225
128	54	64	0	49315
144	48	75	0	49333
144	36	74	0	49338
128	57	64	0	49357
128	36	64	0	49419
128	48	64	0	49433
144	48	75	0	49507
144	36	64	0	49515
128	48	64	0	49622
128	36	64	0	49641
144	55	49	0	49657
144	60	60	0	49667
144	36	75	0	49840
144	48	72	0	49844
128	60	64	0	49915
128	36	64	0	49920
128	48	64	0	49923
128	55	64	0	49926
144	36	70	0	50007
144	48	72	0	50013
128	48	64	0	50112
128	36	64	0	50121
144	54	56	0	50132
144	57	57	0	50135
128	54	64	0	50264
144	48	71	0	50270
144	36	70	0	50275
128	57	64	0	50315
128	36	64	0	50331
128	48	64	0	50336
144	36	68	0	50425
144	48	73	0	50428
128	36	64	0	50553
128	48	64	0	50556
144	55	16	0	50595
144	60	36	0	50605
144	48	66	0	50758
144	36	64	0	50772
128	60	64	0	50794
128	55	64	0	50797
128	36	64	0	50865
128	48	64	0	50880
144	36	56	0	50967
144	48	62	0	50981
128	36	64	0	51089
128	48	64	0	51093
144	57	49	0	51124
144	54	31	0	51148
128	54	64	0	51227
144	48	64	0	51237
144	36	66	0	51242
128	57	64	0	51260
128	36	64	0	51326
128	48	64	0	51337
144	36	62	0	51422
144	48	66	0	51429
128	48	64	0	51537
128	36	64	0	51544
144	55	46	0	51587
144	60	55	0	51590
144	48	69	0	51733
128	60	64	0	51739
144	36	66	0	51744
128	55	64	0	51780
128	36	64	0	51816
128	48	64	0	51835
144	48	74	0	51919
144	36	60	0	51925
144	54	70	0	51938
144	57	68	0	51942
128	48	64	0	51968
128	36	64	0	51978
128	54	64	0	51981
128	57	64	0	51993
144	48	76	0	52406
144	36	53	0	52415
144	38	62	0	52435
128	38	64	0	52523
128	36	64	0	52553
128	48	64	0	52566
144	55	67	0	52569
144	60	66	0	52574
128	55	64	0	52662
128	60	64	0	52680
144	48	76	0	52692
144	36	76	0	52704
128	36	64	0	52773
128	48	64	0	52799
144	48	80	0	52874
144	36	66	0	52878
144	57	53	0	53021
128	48	64	0	53033
144	54	49	0	53038
128	36	64	0	53055
128	54	64	0	53114
128	57	64	0	53151
144	36	70	0	53224
144	48	69	0	53228
128	48	64	0	53305
128	36	64	0	53307
144	48	73	0	53385
144	36	76	0	53394
144	60	58	0	53495
144	55	43	0	53509
128	48	64	0	53552
128	36	64	0	53559
128	60	64	0	53667
128	55	64	0	53689
144	36	69	0	53703
144	48	67	0	53706
128	36	64	0	53768
128	48	64	0	53770
144	36	74	0	53852
144	48	75	0	53855
144	57	51	0	54001
144	54	44	0	54012
128	36	64	0	54028
128	48	64	0	54031
128	54	64	0	54085
128	57	64	0	54118
144	48	68	0	54157
144	36	66	0	54161
128	48	64	0	54212
128	36	64	0	54215
144	36	75	0	54293
144	48	79	0	54297
128	48	64	0	54407
128	36	64	0	54423
144	60	66	0	54431
144	55	64	0	54435
128	55	64	0	54583
128	60	64	0	54590
144	36	74	0	54627
144	48	72	0	54630
128	36	64	0	54708
128	48	64	0	54710
144	36	78	0	54785
144	48	71	0	54789
144	57	61	0	54888
128	36	64	0	54906
128	48	64	0	54907
144	54	55	0	54918
128	54	64	0	54997
128	57	64	0	55047
144	48	70	0	55114
144	36	74	0	55117
128	36	64	0	55192
128	48	64	0	55202
144	48	67	0	55307
144	36	70	0	55311
144	60	61	0	55383
144	55	47	0	55391
128	48	64	0	55430
128	36	64	0	55433
128	60	64	0	55563
128	55	64	0	55608
144	48	66	0	55616
144	36	68	0	55623
128	36	64	0	55688
128	48	64	0	55691
144	57	72	0	55768
144	54	74	0	55773
144	48	78	0	55779
144	36	71	0	55783
128	54	64	0	55845
128	48	64	0	55880
128	57	64	0	55884
128	36	64	0	55885
144	36	81	0	56214
144	48	84	0	56219
128	48	64	0	56330
128	36	64	0	56337
144	60	71	0	56357
144	55	64	0	56359
128	60	64	0	56505
128	55	64	0	56508
144	48	71	0	56519
144	36	62	0	56523
128	48	64	0	56645
128	36	64	0	56650
144	60	65	0	56681
144	55	56	0	56691
128	55	64	0	56810
128	60	64	0	56815
144	48	67	0	56855
144	36	66	0	56863
128	48	64	0	56976
128	36	64	0	56979
144	60	62	0	57001
144	55	55	0	57007
128	55	64	0	57153
128	60	64	0	57165
144	48	77	0	57197
144	36	74	0	57203
128	36	64	0	57333
128	48	64	0	57339
144	60	70	0	57359
144	55	62	0	57365
128	60	64	0	57491
144	36	67	0	57501
144	48	66	0	57505
128	55	64	0	57521
128	48	64	0	57650
128	36	64	0	57659
144	57	71	0	57667
144	54	78	0	57675
128	54	64	0	57807
128	57	64	0	57831
144	36	74	0	58158
144	48	73	0	58161
128	48	64	0	58299
128	36	64	0	58302
144	55	69	0	58306
144	60	69	0	58309
128	55	64	0	58448
128	60	64	0	58451
144	48	63	0	58482
144	36	58	0	58489
144	60	56	0	58613
144	55	53	0	58622
128	48	64	0	58630
128	36	64	0	58637
128	55	64	0	58766
128	60	64	0	58769
144	48	56	0	58805
144	36	53	0	58822
128	36	64	0	58925
144	60	58	0	58943
128	48	64	0	58946
144	55	51	0	58953
128	55	64	0	59048
128	60	64	0	59074
144	48	66	0	59143
144	36	60	0	59155
144	55	55	0	59265
128	36	64	0	59267
144	60	55	0	59272
128	48	64	0	59277
128	55	64	0	59389
128	60	64	0	59392
144	48	62	0	59432
144	36	63	0	59435
128	36	64	0	59557
128	48	64	0	59564
144	57	57	0	59583
144	54	64	0	59591
128	54	64	0	59687
128	57	64	0	59723
144	36	59	0	60064
144	48	56	0	60067
144	55	50	0	60189
144	60	55	0	60196
128	48	64	0	60209
128	36	64	0	60211
144	48	65	0	60375
144	36	65	0	60379
128	60	64	0	60414
128	55	64	0	60429
128	36	64	0	60457
128	48	64	0	60465
144	54	58	0	60595
144	57	58	0	60597
128	54	64	0	60669
128	57	64	0	60707
144	36	67	0	61043
144	48	63	0	61049
128	48	64	0	61165
144	60	65	0	61171
128	36	64	0	61177
144	55	53	0	61187
128	55	64	0	61275
128	60	64	0	61281
144	36	55	0	61342
144	48	55	0	61345
128	48	64	0	61431
128	36	64	0	61435
144	54	62	0	61489
144	57	46	0	61497
128	54	64	0	61672
128	57	64	0	61714
144	36	67	0	61933
144	48	64	0	61941
128	36	64	0	62056
128	48	64	0	62058
144	55	57	0	62070
144	60	65	0	62074
128	60	64	0	62225
128	55	64	0	62228
144	48	74	0	62270
144	36	71	0	62273
128	48	64	0	62326
128	36	64	0	62361
144	45	68	0	62511
144	33	40	0	62555
128	45	64	0	62637
128	33	64	0	62665
144	60	62	0	62700
144	55	55	0	62703
128	55	64	0	62780
128	60	64	0	62783
144	45	69	0	62832
144	33	58	0	62839
144	31	55	0	62850
128	45	64	0	62887
128	33	64	0	62895
128	31	64	0	62921
144	30	69	0	63064
128	30	64	0	63116
144	55	59	0	63217
144	60	49	0	63234
128	55	64	0	63307
144	42	71	0	63310
128	60	64	0	63312
144	30	63	0	63319
128	42	64	0	63349
128	30	64	0	63363
144	39	79	0	63475
144	27	82	0	63481
128	27	64	0	63564
128	39	64	0	63575
144	55	57	0	63673
144	60	54	0	63690
128	55	64	0	63750
128	60	64	0	63759
144	60	36	0	63910
144	36	69	0	63978
144	24	60	0	63981
144	23	66	0	63987
128	60	64	0	63994
128	23	64	0	64053
128	24	64	0	64085
128	36	64	0	64112
144	55	31	0	64371
144	24	69	0	64442
128	55	64	0	64449
144	36	59	0	64458
128	36	64	0	64545
128	24	64	0	64573
144	60	54	0	64651
144	55	44	0	64668
128	55	64	0	64751
128	60	64	0	64776
144	24	66	0	64903
144	36	61	0	64908
128	36	64	0	65032
128	24	64	0	65041
144	55	40	0	65073
144	60	53	0	65078
128	60	64	0	65162
128	55	64	0	65174
144	36	62	0	65242
144	24	43	0	65259
128	36	64	0	65329
128	24	64	0	65360
144	55	64	0	65377
144	60	56	0	65392
128	60	64	0	65469
128	55	64	0	65474
144	24	56	0	65839
144	36	47	0	65856
128	36	64	0	65979
128	24	64	0	65994
144	60	49	0	66005
128	60	64	0	66137
144	36	53	0	66209
144	24	58	0	66213
144	55	49	0	66313
144	60	32	0	66316
128	36	64	0	66327
128	24	64	0	66330
128	60	64	0	66457
128	55	64	0	66464
144	24	43	0	66515
144	36	45	0	66518
128	36	64	0	66622
128	24	64	0	66625
144	60	49	0	66647
144	55	49	0	66664
128	60	64	0	66777
128	55	64	0	66780
144	24	62	0	66825
144	36	62	0	66828
128	24	64	0	66934
128	36	64	0	66937
144	60	58	0	66959
144	55	51	0	66968
128	55	64	0	67055
128	60	64	0	67078
144	36	54	0	67134
144	24	58	0	67140
128	24	64	0	67265
128	36	64	0	67267
144	54	69	0	67308
144	57	59	0	67324
128	54	64	0	67467
128	57	64	0	67481
144	24	62	0	67743
144	36	52	0	67753
144	55	40	0	67920
128	36	64	0	67923
128	24	64	0	67932
144	60	29	0	67949
128	60	64	0	68048
128	55	64	0	68051
144	36	59	0	68096
144	24	55	0	68107
144	60	58	0	68228
128	36	64	0	68231
128	24	64	0	68234
144	55	51	0	68237
128	55	64	0	68354
128	60	64	0	68378
144	36	58	0	68413
144	24	49	0	68430
128	24	64	0	68527
128	36	64	0	68545
144	60	53	0	68553
144	55	47	0	68559
128	55	64	0	68664
128	60	64	0	68687
144	36	55	0	68734
144	24	57	0	68749
144	60	53	0	68873
128	36	64	0	68876
128	24	64	0	68885
144	55	45	0	68889
128	60	64	0	68997
128	55	64	0	69024
144	36	55	0	69059
144	24	58	0	69063
128	36	64	0	69201
144	57	61	0	69223
128	24	64	0	69226
144	54	66	0	69228
128	54	64	0	69372
128	57	64	0	69400
144	24	62	0	69675
144	36	52	0	69691
144	51	63	0	69834
144	57	57	0	69840
128	36	64	0	69860
128	24	64	0	69884
128	51	64	0	69959
128	57	64	0	69975
144	36	64	0	70026
144	24	64	0	70029
144	57	48	0	70109
128	24	64	0	70136
128	36	64	0	70138
144	51	66	0	70144
128	51	64	0	70294
128	57	64	0	70319
144	36	62	0	70680
144	24	65	0	70683
144	48	56	0	70808
144	54	63	0	70812
128	36	64	0	70815
128	24	64	0	70828
128	48	64	0	70923
128	54	64	0	70942
144	36	56	0	70997
144	24	57	0	71000
128	36	64	0	71104
128	24	64	0	71107
144	54	64	0	71120
144	48	57	0	71147
128	54	64	0	71312
128	48	64	0	71362
144	24	60	0	71589
144	36	51	0	71611
144	45	62	0	71757
144	51	63	0	71764
128	36	64	0	71774
128	24	64	0	71776
128	51	64	0	71855
128	45	64	0	71890
144	36	62	0	71922
144	24	59	0	71930
144	51	66	0	72032
128	24	64	0	72035
144	45	55	0	72044
128	36	64	0	72046
128	51	64	0	72190
128	45	64	0	72254
144	24	60	0	72526
144	36	55	0	72535
144	48	66	0	72690
128	24	64	0	72696
128	36	64	0	72698
144	42	55	0	72725
128	42	64	0	72798
128	48	64	0	72832
144	24	58	0	72864
144	36	62	0	72868
128	24	64	0	72975
128	36	64	0	72984
144	48	69	0	73004
144	42	61	0	73028
128	42	64	0	73140
128	48	64	0	73181
144	24	66	0	73569
144	36	62	0	73578
144	60	43	0	73715
144	54	64	0	73719
128	36	64	0	73720
128	24	64	0	73723
128	54	64	0	73803
128	60	64	0	73821
144	24	62	0	73890
144	36	60	0	73896
128	36	64	0	73995
128	24	64	0	74006
144	60	65	0	74015
144	54	54	0	74036
128	54	64	0	74102
128	60	64	0	74141
144	36	62	0	74194
144	24	55	0	74197
128	24	64	0	74288
128	36	64	0	74292
144	60	65	0	74319
144	54	59	0	74347
128	54	64	0	74455
128	60	64	0	74470
144	36	72	0	74518
144	24	69	0	74522
128	24	64	0	74626
128	36	64	0	74634
144	60	67	0	74637
144	54	59	0	74672
128	54	64	0	74746
128	60	64	0	74766
144	24	72	0	74830
144	36	70	0	74839
128	36	64	0	74958
128	24	64	0	74973
144	51	68	0	74989
144	57	78	0	75010
128	51	64	0	75131
128	57	64	0	75171
144	24	58	0	75446
144	36	55	0	75450
128	24	64	0	75600
128	36	64	0	75606
144	60	58	0	75608
144	54	53	0	75618
128	54	64	0	75691
128	60	64	0	75706
144	36	59	0	75785
144	24	54	0	75795
128	24	64	0	75888
128	36	64	0	75902
144	60	61	0	75921
144	54	45	0	75944
128	54	64	0	76017
128	60	64	0	76043
144	36	55	0	76085
144	24	54	0	76090
128	24	64	0	76182
128	36	64	0	76188
144	60	60	0	76233
144	54	51	0	76252
128	54	64	0	76347
128	60	64	0	76383
144	36	67	0	76421
144	24	61	0	76432
128	24	64	0	76520
128	36	64	0	76537
144	60	64	0	76593
144	54	43	0	76610
128	54	64	0	76676
128	60	64	0	76693
144	24	62	0	76748
144	36	62	0	76751
128	36	64	0	76880
128	24	64	0	76888
144	63	66	0	76917
144	57	32	0	76923
128	63	64	0	77060
128	57	64	0	77071
144	24	58	0	77358
144	36	56	0	77372
144	66	52	0	77409
144	60	41	0	77412
128	60	64	0	77471
128	36	64	0	77507
128	24	64	0	77523
128	66	64	0	77577
144	60	55	0	77580
128	60	64	0	77688
144	66	46	0	77733
128	66	64	0	77829
144	60	55	0	77888
144	36	65	0	77904
144	24	63	0	77908
128	60	64	0	78012
144	66	50	0	78028
128	24	64	0	78031
128	36	64	0	78033
128	66	64	0	78131
144	60	53	0	78198
128	60	64	0	78343
144	66	69	0	78350
144	36	66	0	78361
144	24	56	0	78377
128	24	64	0	78464
128	36	64	0	78491
128	66	64	0	78493
144	60	60	0	78496
128	60	64	0	78651
144	66	55	0	78661
128	66	64	0	78804
144	60	74	0	78820
144	36	69	0	78823
144	24	69	0	78826
128	24	64	0	78917
128	36	64	0	78950
128	60	64	0	79005
144	48	66	0	79311
144	36	70	0	79315
144	66	67	0	79324
144	60	64	0	79436
128	66	64	0	79461
128	36	64	0	79488
128	48	64	0	79495
128	60	64	0	79634
144	66	69	0	79641
128	66	64	0	79778
144	60	62	0	79781
144	48	62	0	79800
144	36	59	0	79820
128	60	64	0	79945
144	66	61	0	79965
128	48	64	0	79968
128	36	64	0	79973
128	66	64	0	80061
144	60	54	0	80114
144	48	68	0	80271
128	60	64	0	80274
144	36	70	0	80278
144	66	70	0	80283
128	66	64	0	80416
144	60	64	0	80433
128	48	64	0	80466
128	36	64	0	80472
128	60	64	0	80588
144	66	60	0	80602
128	66	64	0	80743
144	60	78	0	80747
144	36	70	0	80766
144	48	68	0	80770
128	36	64	0	80980
128	48	64	0	80983
128	60	64	0	81030
144	36	77	0	81250
144	48	78	0	81253
144	66	76	0	81263
144	60	48	0	81347
128	66	64	0	81388
128	36	64	0	81497
128	48	64	0	81499
128	60	64	0	81567
144	66	67	0	81581
128	66	64	0	81708
144	60	69	0	81732
144	36	72	0	81768
144	48	75	0	81772
144	66	61	0	81892
128	60	64	0	81903
128	48	64	0	81981
128	36	64	0	81987
128	66	64	0	82019
144	60	44	0	82055
144	48	71	0	82209
144	66	59	0	82213
144	36	70	0	82217
128	60	64	0	82222
128	66	64	0	82347
144	60	53	0	82360
128	48	64	0	82447
128	36	64	0	82451
128	60	64	0	82513
144	66	56	0	82538
128	66	64	0	82653
144	60	64	0	82686
144	48	56	0	82705
144	36	62	0	82725
128	60	64	0	82832
144	66	62	0	82835
128	48	64	0	82896
128	36	64	0	82909
128	66	64	0	82986
144	60	69	0	82999
144	48	66	0	83156
144	66	70	0	83163
144	36	65	0	83170
128	60	64	0	83177
128	66	64	0	83320
128	36	64	0	83329
128	48	64	0	83337
144	63	58	0	83367
128	63	64	0	83475
144	60	60	0	83487
144	66	58	0	83636
144	36	71	0	83641
144	48	70	0	83645
128	60	64	0	83648
128	36	64	0	83767
128	48	64	0	83781
128	66	64	0	83805
144	63	49	0	83838
128	63	64	0	83936
144	60	53	0	83984
144	36	66	0	84106
128	60	64	0	84109
144	48	66	0	84113
144	66	58	0	84119
128	36	64	0	84212
128	48	64	0	84232
128	66	64	0	84274
144	63	55	0	84277
128	63	64	0	84371
144	60	53	0	84437
128	60	64	0	84585
144	36	63	0	84606
144	48	66	0	84609
144	66	67	0	84614
128	48	64	0	84735
128	66	64	0	84739
128	36	64	0	84742
144	36	69	0	85114
144	48	70	0	85117
144	66	64	0	85125
128	66	64	0	85203
144	60	53	0	85225
128	36	64	0	85301
128	48	64	0	85330
128	60	64	0	85383
144	66	54	0	85395
128	66	64	0	85527
144	60	65	0	85553
144	48	62	0	85593
144	36	64	0	85606
128	60	64	0	85700
144	66	64	0	85709
128	48	64	0	85741
128	36	64	0	85755
128	66	64	0	85826
144	60	64	0	85861
144	66	64	0	86012
128	60	64	0	86014
144	48	66	0	86027
144	36	69	0	86037
128	66	64	0	86159
144	60	62	0	86185
128	48	64	0	86205
128	36	64	0	86211
128	60	64	0	86326
144	66	69	0	86337
128	66	64	0	86478
144	60	63	0	86511
144	48	69	0	86516
144	36	61	0	86529
128	60	64	0	86667
144	66	65	0	86676
128	36	64	0	86683
128	48	64	0	86697
128	66	64	0	86770
144	60	62	0	86834
128	60	64	0	86940
144	48	72	0	86961
144	36	74	0	86965
144	66	73	0	86981
128	66	64	0	87120
144	60	66	0	87138
128	36	64	0	87157
128	48	64	0	87160
128	60	64	0	87280
144	66	64	0	87294
128	66	64	0	87394
144	48	71	0	87441
144	60	67	0	87448
144	36	64	0	87452
128	60	64	0	87592
128	48	64	0	87606
144	66	67	0	87616
128	36	64	0	87641
128	66	64	0	87748
144	60	66	0	87764
144	48	77	0	87909
144	36	75	0	87913
144	66	73	0	87921
128	60	64	0	87945
128	66	64	0	88082
128	48	64	0	88099
144	63	67	0	88107
128	36	64	0	88110
128	63	64	0	88248
144	60	69	0	88259
144	48	72	0	88378
144	36	74	0	88382
144	66	83	0	88406
128	60	64	0	88419
128	36	64	0	88562
128	66	64	0	88565
128	48	64	0	88582
144	36	77	0	88879
144	48	78	0	88882
144	66	78	0	88894
128	66	64	0	89034
144	63	58	0	89068
128	48	64	0	89098
128	36	64	0	89101
128	63	64	0	89175
144	60	59	0	89221
144	66	60	0	89348
128	60	64	0	89368
144	48	63	0	89375
144	36	68	0	89381
128	66	64	0	89495
144	63	56	0	89516
128	48	64	0	89521
128	36	64	0	89527
128	63	64	0	89626
144	60	53	0	89670
128	60	64	0	89830
144	66	58	0	89857
144	36	67	0	89861
144	48	63	0	89865
128	66	64	0	90005
128	36	64	0	90010
128	48	64	0	90015
144	63	53	0	90057
128	63	64	0	90169
144	60	53	0	90231
128	60	64	0	90357
144	48	66	0	90374
144	36	66	0	90378
144	66	73	0	90381
128	66	64	0	90468
128	36	64	0	90490
128	48	64	0	90501
144	48	84	0	90889
144	36	75	0	90895
144	66	81	0	90898
128	66	64	0	91059
144	63	67	0	91062
128	48	64	0	91090
128	36	64	0	91107
128	63	64	0	91203
144	60	64	0	91215
128	60	64	0	91384
144	48	77	0	91388
144	66	73	0	91391
144	36	71	0	91399
128	66	64	0	91520
128	48	64	0	91525
128	36	64	0	91538
144	63	70	0	91550
128	63	64	0	91693
144	60	70	0	91733
128	60	64	0	91866
144	66	73	0	91878
144	48	71	0	91890
144	36	69	0	91898
128	66	64	0	91997
128	36	64	0	92016
128	48	64	0	92019
144	63	65	0	92030
128	63	64	0	92164
144	60	54	0	92216
128	60	64	0	92335
144	48	66	0	92343
144	36	64	0	92352
144	66	64	0	92355
128	66	64	0	92410
128	36	64	0	92437
128	48	64	0	92456
144	66	65	0	92823
144	48	70	0	92829
144	36	39	0	92856
144	38	50	0	92875
144	60	57	0	92951
128	66	64	0	92960
128	38	64	0	92963
128	36	64	0	92985
128	48	64	0	93007
128	60	64	0	93114
144	66	55	0	93118
128	66	64	0	93244
144	60	58	0	93291
144	48	54	0	93326
144	36	60	0	93332
128	60	64	0	93400
144	66	51	0	93431
128	48	64	0	93473
128	36	64	0	93484
128	66	64	0	93503
144	60	52	0	93594
128	60	64	0	93746
144	66	66	0	93758
144	48	62	0	93761
144	36	64	0	93767
128	66	64	0	93884
128	48	64	0	93906
128	36	64	0	93909
144	60	56	0	93912
128	60	64	0	94025
144	66	43	0	94061
128	66	64	0	94173
144	60	62	0	94216
144	48	64	0	94231
144	36	63	0	94237
128	36	64	0	94360
128	48	64	0	94365
128	60	64	0	94369
144	66	55	0	94419
128	66	64	0	94484
144	60	55	0	94544
128	60	64	0	94690
144	72	67	0	94694
144	36	63	0	94713
144	48	54	0	94722
128	72	64	0	94825
144	60	57	0	94855
128	36	64	0	94860
128	48	64	0	94863
128	60	64	0	94997
144	66	59	0	95012
128	66	64	0	95122
144	60	60	0	95146
144	36	62	0	95211
144	48	60	0	95215
128	60	64	0	95312
128	36	64	0	95331
128	48	64	0	95335
144	72	66	0	95339
128	72	64	0	95436
144	60	54	0	95490
128	60	64	0	95643
144	66	69	0	95688
144	36	71	0	95691
144	48	71	0	95697
128	66	64	0	95788
144	60	57	0	95794
128	36	64	0	95805
128	48	64	0	95812
128	60	64	0	95940
144	72	68	0	95969
128	72	64	0	96086
144	60	63	0	96113
144	48	70	0	96242
144	36	68	0	96246
144	66	76	0	96323
128	60	64	0	96347
128	36	64	0	96359
128	48	64	0	96362
128	66	64	0	96408
144	36	74	0	96742
144	48	72	0	96748
144	66	76	0	96761
128	66	64	0	96845
144	60	62	0	96856
128	48	64	0	96864
128	36	64	0	96867
128	60	64	0	96992
144	66	55	0	97032
128	66	64	0	97108
144	60	60	0	97168
144	36	70	0	97197
144	48	68	0	97202
128	48	64	0	97320
128	60	64	0	97322
128	36	64	0	97326
144	66	57	0	97335
128	66	64	0	97401
144	60	57	0	97489
128	60	64	0	97610
144	66	73	0	97640
144	36	68	0	97665
144	48	66	0	97671
128	66	64	0	97756
128	36	64	0	97758
144	60	64	0	97781
128	48	64	0	97788
128	60	64	0	97911
144	66	62	0	97951
128	66	64	0	98036
144	60	81	0	98089
144	36	73	0	98103
144	48	75	0	98106
128	48	64	0	98225
128	36	64	0	98228
128	60	64	0	98248
144	36	78	0	98537
144	60	69	0	98541
144	48	78	0	98545
128	60	64	0	98687
144	57	57	0	98690
128	48	64	0	98707
128	36	64	0	98717
128	57	64	0	98832
144	60	66	0	98854
128	60	64	0	98924
144	57	66	0	98975
144	36	69	0	99018
144	48	68	0	99025
128	57	64	0	99110
144	60	55	0	99148
128	48	64	0	99169
128	36	64	0	99179
128	60	64	0	99244
144	57	64	0	99279
128	57	64	0	99426
144	36	70	0	99447
144	48	64	0	99458
144	63	73	0	99465
128	63	64	0	99583
144	57	67	0	99590
128	36	64	0	99594
128	48	64	0	99615
128	57	64	0	99704
144	60	78	0	99757
128	60	64	0	99896
144	57	74	0	99909
144	48	66	0	99946
144	36	65	0	99949
128	57	64	0	100026
128	48	64	0	100063
128	36	64	0	100067
144	36	74	0	100392
144	63	66	0	100409
144	48	69	0	100414
128	63	64	0	100519
144	60	53	0	100523
128	36	64	0	100586
128	48	64	0	100594
128	60	64	0	100669
144	63	64	0	100696
128	63	64	0	100767
144	60	62	0	100842
144	48	70	0	100872
144	36	69	0	100879
128	60	64	0	100916
144	63	56	0	100992
128	48	64	0	101010
128	36	64	0	101030
128	63	64	0	101071
144	60	55	0	101139
128	60	64	0	101265
144	66	67	0	101309
144	48	73	0	101326
144	36	65	0	101336
128	66	64	0	101422
144	60	65	0	101437
128	36	64	0	101484
128	48	64	0	101496
128	60	64	0	101578
144	63	58	0	101608
128	63	64	0	101740
144	60	64	0	101766
144	48	67	0	101776
144	36	62	0	101786
128	60	64	0	101897
128	48	64	0	101921
128	36	64	0	101923
144	66	67	0	102274
144	48	69	0	102281
144	36	66	0	102284
128	66	64	0	102407
144	63	69	0	102422
128	36	64	0	102461
128	48	64	0	102473
128	63	64	0	102553
144	69	62	0	102622
144	36	68	0	102758
144	66	78	0	102764
144	48	65	0	102774
128	69	64	0	102780
128	36	64	0	102898
128	48	64	0	102901
128	66	64	0	102908
144	36	66	0	103210
144	72	45	0	103231
144	48	61	0	103234
144	71	48	0	103260
128	71	64	0	103321
128	72	64	0	103385
144	69	65	0	103393
128	48	64	0	103408
128	36	64	0	103431
144	66	80	0	103532
128	69	64	0	103550
128	66	64	0	103630
144	36	77	0	103694
144	75	84	0	103744
128	75	64	0	103836
128	36	64	0	103876
144	36	75	0	104180
144	48	69	0	104186
144	72	77	0	104202
128	72	64	0	104324
144	69	71	0	104335
128	48	64	0	104362
128	36	64	0	104364
128	69	64	0	104473
144	78	77	0	104513
144	36	72	0	104630
144	72	77	0	104715
128	78	64	0	104733
144	48	43	0	104737
128	36	64	0	104841
128	48	64	0	104852
128	72	64	0	104864
144	75	67	0	105169
144	48	80	0	105173
144	36	75	0	105176
128	75	64	0	105284
144	72	68	0	105294
128	36	64	0	105345
128	48	64	0	105376
144	78	67	0	105466
128	72	64	0	105469
128	78	64	0	105601
144	81	74	0	105609
144	36	75	0	105648
144	48	70	0	105680
128	81	64	0	105796
128	36	64	0	105802
128	48	64	0	105804
144	81	65	0	106092
144	36	75	0	106100
144	48	77	0	106104
144	78	55	0	106289
128	36	64	0	106292
128	48	64	0	106294
128	81	64	0	106310
128	78	64	0	106435
144	75	51	0	106440
128	75	64	0	106519
144	81	52	0	106573
144	48	65	0	106598
144	36	58	0	106608
128	36	64	0	106714
128	48	64	0	106729
128	81	64	0	106762
144	78	32	0	106780
128	78	64	0	106937
144	75	40	0	106961
128	75	64	0	107057
144	48	64	0	107078
144	36	60	0	107088
144	72	61	0	107109
128	36	64	0	107202
128	48	64	0	107223
128	72	64	0	107247
144	75	44	0	107267
128	75	64	0	107427
144	78	58	0	107450
144	48	60	0	107585
144	81	70	0	107589
144	36	62	0	107592
128	78	64	0	107595
128	36	64	0	107732
128	48	64	0	107738
128	81	64	0	107754
144	48	67	0	108050
144	36	64	0	108058
144	75	71	0	108070
128	75	64	0	108171
144	72	57	0	108204
128	36	64	0	108233
128	48	64	0	108236
128	72	64	0	108365
144	75	40	0	108443
128	75	64	0	108599
144	72	62	0	108627
144	48	68	0	108633
144	36	64	0	108643
128	48	64	0	108767
128	36	64	0	108773
144	75	58	0	108783
128	72	64	0	108786
128	75	64	0	108902
144	72	57	0	108930
144	69	72	0	109128
144	48	71	0	109133
144	36	70	0	109136
128	72	64	0	109144
128	36	64	0	109279
128	48	64	0	109291
128	69	64	0	109295
144	72	56	0	109322
128	72	64	0	109441
144	69	54	0	109459
144	36	68	0	109633
144	48	68	0	109637
144	66	73	0	109639
128	69	64	0	109679
128	66	64	0	109749
128	48	64	0	109757
128	36	64	0	109766
144	48	81	0	110132
144	36	75	0	110136
144	66	80	0	110139
128	66	64	0	110256
144	69	57	0	110267
128	48	64	0	110295
128	36	64	0	110298
144	66	57	0	110455
128	69	64	0	110459
128	66	64	0	110590
144	63	68	0	110612
144	48	69	0	110650
144	36	68	0	110654
128	63	64	0	110703
128	36	64	0	110747
128	48	64	0	110759
144	66	58	0	110777
128	66	64	0	110889
144	63	60	0	110917
128	63	64	0	111059
144	48	65	0	111102
144	60	59	0	111105
144	36	62	0	111110
128	36	64	0	111227
128	48	64	0	111231
144	63	54	0	111253
128	60	64	0	111259
128	63	64	0	111348
144	60	44	0	111404
144	36	64	0	111558
144	57	65	0	111561
144	48	53	0	111569
128	60	64	0	111581
128	57	64	0	111689
128	48	64	0	111696
128	36	64	0	111701
144	36	59	0	112075
144	63	67	0	112078
144	48	58	0	112084
128	63	64	0	112209
144	66	66	0	112231
128	48	64	0	112245
128	36	64	0	112254
128	66	64	0	112332
144	63	59	0	112367
128	63	64	0	112442
144	66	54	0	112539
144	36	66	0	112562
144	48	63	0	112566
128	66	64	0	112613
144	63	55	0	112677
128	48	64	0	112698
128	36	64	0	112707
128	63	64	0	112786
144	66	53	0	112857
128	66	64	0	112977
144	63	64	0	113025
144	48	66	0	113028
144	36	64	0	113031
128	36	64	0	113157
128	63	64	0	113159
128	48	64	0	113166
144	66	62	0	113180
128	66	64	0	113275
144	63	65	0	113332
128	63	64	0	113440
144	48	64	0	113479
144	66	74	0	113487
144	36	65	0	113495
128	66	64	0	113593
128	48	64	0	113609
128	36	64	0	113627
144	36	74	0	113987
144	48	78	0	113991
144	63	74	0	113993
128	63	64	0	114117
144	64	63	0	114123
128	36	64	0	114143
128	48	64	0	114158
128	64	64	0	114300
144	63	64	0	114302
128	63	64	0	114465
144	61	74	0	114468
144	48	69	0	114471
144	36	63	0	114479
128	61	64	0	114599
128	48	64	0	114604
128	36	64	0	114609
144	63	59	0	114625
128	63	64	0	114724
144	61	55	0	114751
128	61	64	0	114934
144	48	71	0	114939
144	36	62	0	114951
144	60	59	0	114973
128	48	64	0	115066
128	60	64	0	115069
128	36	64	0	115074
144	48	75	0	115432
144	36	69	0	115437
128	48	64	0	115563
128	36	64	0	115580
144	64	78	0	115926
144	48	68	0	115933
144	36	66	0	115938
128	48	64	0	116082
128	36	64	0	116084
144	63	67	0	116117
128	64	64	0	116135
144	61	59	0	116218
128	63	64	0	116251
128	61	64	0	116336
144	60	56	0	116376
144	36	69	0	116407
144	48	68	0	116411
128	60	64	0	116536
144	58	64	0	116539
128	48	64	0	116543
128	36	64	0	116551
144	57	58	0	116699
128	58	64	0	116702
128	57	64	0	116858
144	36	64	0	116869
144	55	64	0	116879
144	48	59	0	116883
128	48	64	0	117010
128	36	64	0	117012
144	54	70	0	117022
128	55	64	0	117054
128	54	64	0	117166
144	52	58	0	117169
144	36	74	0	117357
144	51	91	0	117362
144	48	69	0	117370
128	52	64	0	117421
128	48	64	0	117505
128	36	64	0	117511
128	51	64	0	117518
144	48	66	0	117859
144	36	63	0	117866
144	64	58	0	117889
144	65	52	0	117898
128	48	64	0	118026
128	36	64	0	118035
128	65	64	0	118043
144	63	70	0	118052
128	64	64	0	118059
144	61	68	0	118165
128	63	64	0	118189
128	61	64	0	118297
144	60	65	0	118329
144	48	66	0	118364
144	36	64	0	118376
128	48	64	0	118496
128	60	64	0	118505
144	64	56	0	118510
128	36	64	0	118521
144	63	64	0	118650
128	64	64	0	118672
144	61	61	0	118755
128	63	64	0	118781
144	36	60	0	118837
144	48	64	0	118842
144	60	72	0	118902
128	61	64	0	118903
128	48	64	0	118981
128	36	64	0	118983
128	60	64	0	119089
144	64	63	0	119093
144	63	69	0	119275
144	48	67	0	119294
144	36	66	0	119297
128	64	64	0	119299
144	61	66	0	119413
128	36	64	0	119418
128	48	64	0	119421
128	63	64	0	119440
128	61	64	0	119559
144	60	63	0	119569
144	64	69	0	119748
128	60	64	0	119758
144	36	69	0	119761
144	48	71	0	119764
128	48	64	0	119872
128	36	64	0	119878
144	63	64	0	119896
128	64	64	0	119920
144	61	64	0	120063
128	63	64	0	120068
144	48	72	0	120206
128	61	64	0	120219
144	36	62	0	120221
144	60	69	0	120239
128	36	64	0	120332
128	48	64	0	120333
144	64	66	0	120396
128	60	64	0	120397
144	63	68	0	120551
128	64	64	0	120574
144	36	71	0	120719
144	61	68	0	120727
144	48	70	0	120730
128	63	64	0	120748
128	48	64	0	120837
128	36	64	0	120852
128	61	64	0	120877
144	60	66	0	120896
128	60	64	0	121048
144	64	67	0	121051
144	36	75	0	121207
144	48	73	0	121215
144	63	79	0	121229
128	64	64	0	121255
128	48	64	0	121334
128	36	64	0	121339
128	63	64	0	121346
144	36	74	0	121719
144	48	76	0	121723
144	64	79	0	121731
128	36	64	0	121873
128	48	64	0	121874
144	63	68	0	121892
128	64	64	0	121909
144	61	67	0	122014
128	63	64	0	122031
128	61	64	0	122160
144	48	66	0	122183
144	60	67	0	122185
144	36	64	0	122194
144	64	72	0	122317
128	48	64	0	122325
128	60	64	0	122337
128	36	64	0	122339
144	63	68	0	122473
128	64	64	0	122489
144	61	72	0	122618
128	63	64	0	122650
144	36	74	0	122660
144	48	75	0	122668
128	36	64	0	122789
128	48	64	0	122792
128	61	64	0	122810
144	60	72	0	122812
144	64	80	0	122963
128	60	64	0	122980
144	63	85	0	123141
144	36	72	0	123144
144	48	72	0	123148
128	64	64	0	123180
128	48	64	0	123265
128	36	64	0	123271
128	63	64	0	123281
144	36	80	0	123613
144	48	81	0	123616
144	64	87	0	123626
128	48	64	0	123763
128	36	64	0	123780
144	63	74	0	123789
128	64	64	0	123808
144	61	77	0	123938
128	63	64	0	123975
144	60	82	0	124108
144	48	78	0	124111
128	61	64	0	124114
144	36	72	0	124121
128	48	64	0	124228
128	36	64	0	124245
144	64	81	0	124289
128	60	64	0	124317
144	63	78	0	124421
128	64	64	0	124449
144	61	76	0	124579
144	48	73	0	124608
144	36	70	0	124610
128	63	64	0	124628
144	60	74	0	124724
128	48	64	0	124730
128	36	64	0	124744
128	61	64	0	124745
144	64	80	0	124905
128	60	64	0	124933
144	36	72	0	125058
144	48	76	0	125061
144	63	85	0	125067
128	64	64	0	125100
128	48	64	0	125194
128	36	64	0	125209
128	63	64	0	125247
144	64	81	0	125567
144	48	75	0	125573
144	36	72	0	125577
128	36	64	0	125725
144	63	68	0	125738
128	48	64	0	125747
128	64	64	0	125762
144	61	68	0	125865
128	63	64	0	125903
128	61	64	0	126025
144	60	72	0	126039
144	48	69	0	126045
144	36	62	0	126062
128	36	64	0	126166
128	48	64	0	126179
144	64	70	0	126231
128	60	64	0	126247
144	63	64	0	126357
128	64	64	0	126363
144	61	68	0	126463
128	63	64	0	126498
144	36	66	0	126508
144	48	62	0	126528
128	61	64	0	126602
144	60	64	0	126607
128	36	64	0	126654
128	48	64	0	126663
144	64	63	0	126817
128	60	64	0	126823
144	63	68	0	126975
144	36	65	0	126990
144	48	60	0	126993
128	64	64	0	126996
128	48	64	0	127097
128	36	64	0	127104
144	61	63	0	127148
128	63	64	0	127159
128	61	64	0	127309
144	60	63	0	127322
144	48	69	0	127466
144	36	65	0	127474
144	64	73	0	127482
128	60	64	0	127485
128	36	64	0	127583
128	48	64	0	127585
144	63	64	0	127679
128	64	64	0	127691
144	61	61	0	127810
128	63	64	0	127829
144	48	62	0	127944
144	36	60	0	127950
128	61	64	0	127953
144	64	72	0	127984
128	36	64	0	128029
128	48	64	0	128040
144	63	68	0	128136
128	64	64	0	128144
144	61	63	0	128275
128	63	64	0	128280
128	61	64	0	128397
144	36	72	0	128406
144	48	66	0	128414
144	64	66	0	128435
128	48	64	0	128532
128	36	64	0	128543
128	64	64	0	128593
144	63	63	0	128595
144	61	61	0	128754
128	63	64	0	128756
144	48	69	0	128878
128	61	64	0	128888
144	36	68	0	128892
144	60	80	0	128896
128	36	64	0	129025
128	48	64	0	129035
128	60	64	0	129047
144	64	60	0	129366
144	48	71	0	129372
144	36	65	0	129384
144	63	61	0	129506
128	64	64	0	129510
128	36	64	0	129532
128	48	64	0	129556
128	63	64	0	129682
144	61	57	0	129692
128	61	64	0	129782
144	48	61	0	129864
144	36	56	0	129878
144	64	55	0	129884
128	36	64	0	129972
128	48	64	0	129986
144	63	60	0	130038
128	64	64	0	130043
128	63	64	0	130204
144	61	58	0	130214
128	61	64	0	130316
144	48	62	0	130336
144	36	56	0	130356
144	64	72	0	130374
128	36	64	0	130456
128	48	64	0	130468
144	63	62	0	130508
128	64	64	0	130510
144	61	65	0	130672
128	63	64	0	130678
128	61	64	0	130824
144	60	78	0	130844
144	48	62	0	130850
144	36	60	0	130857
128	48	64	0	130972
128	60	64	0	130984
128	36	64	0	130986
144	48	84	0	131334
144	36	83	0	131338
144	60	70	0	131458
128	36	64	0	131466
128	48	64	0	131470
144	55	57	0	131491
128	60	64	0	131598
128	55	64	0	131623
144	48	61	0	131644
144	36	60	0	131648
128	36	64	0	131769
128	48	64	0	131771
144	60	69	0	131824
144	55	66	0	131834
128	60	64	0	131918
128	55	64	0	131929
144	48	65	0	131968
144	36	60	0	131971
128	36	64	0	132081
128	48	64	0	132086
144	55	62	0	132111
144	60	65	0	132121
128	60	64	0	132267
144	48	81	0	132277
128	55	64	0	132279
144	36	60	0	132291
144	60	72	0	132432
144	55	69	0	132440
128	36	64	0	132445
128	48	64	0	132472
128	60	64	0	132602
144	36	73	0	132606
144	48	63	0	132610
128	55	64	0	132631
144	57	77	0	132735
144	54	78	0	132746
128	48	64	0	132830
128	36	64	0	132832
128	54	64	0	132996
128	57	64	0	133029
144	36	74	0	133200
144	48	69	0	133211
144	55	60	0	133349
144	60	69	0	133361
128	48	64	0	133415
128	36	64	0	133418
128	55	64	0	133492
128	60	64	0	133517
144	48	62	0	133528
144	36	54	0	133545
128	36	64	0	133636
128	48	64	0	133661
144	55	58	0	133668
144	60	58	0	133671
128	55	64	0	133789
128	60	64	0	133814
144	48	60	0	133827
144	36	53	0	133830
128	48	64	0	133936
128	36	64	0	133939
144	55	59	0	133992
144	60	56	0	134000
128	55	64	0	134137
128	60	64	0	134165
144	48	73	0	134179
144	36	72	0	134184
144	55	61	0	134326
144	60	69	0	134329
128	48	64	0	134368
128	36	64	0	134371
128	60	64	0	134484
128	55	64	0	134502
144	48	63	0	134523
144	36	64	0	134526
128	36	64	0	134680
144	57	62	0	134686
128	48	64	0	134692
144	54	64	0	134698
128	54	64	0	134850
128	57	64	0	134876
144	36	58	0	135191
144	48	42	0	135196
144	55	34	0	135304
144	60	55	0	135309
128	36	64	0	135337
128	48	64	0	135346
128	60	64	0	135458
144	48	47	0	135494
144	36	59	0	135505
128	55	64	0	135510
128	36	64	0	135626
128	48	64	0	135638
144	57	51	0	135670
144	54	50	0	135701
128	54	64	0	135768
128	57	64	0	135791
144	48	42	0	136098
144	36	51	0	136122
128	36	64	0	136231
144	55	42	0	136247
128	48	64	0	136262
144	60	53	0	136274
128	60	64	0	136362
128	55	64	0	136404
144	48	44	0	136407
144	36	58	0	136410
128	36	64	0	136529
128	48	64	0	136537
144	54	59	0	136590
144	57	58	0	136597
128	54	64	0	136727
128	57	64	0	136765
144	48	53	0	137035
144	36	56	0	137039
128	36	64	0	137157
144	55	49	0	137172
128	48	64	0	137175
144	60	57	0	137179
128	60	64	0	137266
128	55	64	0	137290
144	48	51	0	137340
144	36	53	0	137344
128	48	64	0	137453
128	36	64	0	137456
144	54	57	0	137539
144	57	51	0	137542
128	54	64	0	137616
128	57	64	0	137632
144	48	66	0	137981
144	36	63	0	137985
128	36	64	0	138082
128	48	64	0	138091
144	55	60	0	138124
144	60	53	0	138145
128	60	64	0	138228
128	55	64	0	138250
144	48	58	0	138312
144	36	58	0	138321
128	36	64	0	138414
128	48	64	0	138429
144	57	59	0	138484
144	54	63	0	138488
128	54	64	0	138549
128	57	64	0	138573
144	48	62	0	138969
144	36	66	0	138977
144	60	65	0	139125
144	55	52	0	139129
128	36	64	0	139174
128	48	64	0	139190
128	55	64	0	139291
128	60	64	0	139292
144	48	61	0	139315
144	36	66	0	139322
144	55	50	0	139421
144	60	55	0	139436
128	36	64	0	139453
128	48	64	0	139455
128	55	64	0	139574
128	60	64	0	139580
144	36	66	0	139616
144	48	64	0	139620
128	48	64	0	139746
128	36	64	0	139749
144	55	62	0	139762
144	60	64	0	139767
128	55	64	0	139889
128	60	64	0	139907
144	48	77	0	139976
144	36	76	0	139979
144	60	72	0	140075
144	55	69	0	140081
128	36	64	0	140122
128	48	64	0	140126
128	60	64	0	140243
128	55	64	0	140269
144	48	66	0	140271
144	36	65	0	140275
128	48	64	0	140403
128	36	64	0	140406
144	57	74	0	140421
144	54	75	0	140426
128	54	64	0	140507
128	57	64	0	140538
144	48	83	0	140907
144	36	79	0	140912
144	55	75	0	141047
144	60	70	0	141055
128	36	64	0	141101
128	48	64	0	141112
128	55	64	0	141213
128	60	64	0	141215
144	48	66	0	141255
144	36	64	0	141258
144	55	49	0	141377
144	60	59	0	141381
128	48	64	0	141387
128	36	64	0	141389
128	60	64	0	141477
128	55	64	0	141479
144	48	58	0	141579
144	36	58	0	141587
128	36	64	0	141671
128	48	64	0	141676
144	55	58	0	141679
144	60	62	0	141691
128	60	64	0	141787
128	55	64	0	141795
144	36	78	0	141883
144	48	80	0	141889
144	60	72	0	141983
144	55	64	0	141985
128	48	64	0	142044
128	36	64	0	142052
128	60	64	0	142135
128	55	64	0	142175
144	48	62	0	142189
144	36	66	0	142193
128	48	64	0	142343
144	54	69	0	142345
144	57	62	0	142351
128	36	64	0	142353
128	54	64	0	142429
128	57	64	0	142441
144	48	80	0	142821
144	36	75	0	142825
144	60	68	0	142959
128	48	64	0	143052
128	36	64	0	143057
128	60	64	0	143060
144	55	55	0	143072
128	55	64	0	143225
144	48	76	0	143285
144	36	75	0	143289
128	48	64	0	143459
128	36	64	0	143469
144	60	61	0	143471
144	55	59	0	143598
128	60	64	0	143625
128	55	64	0	143739
144	48	70	0	143783
144	36	57	0	143807
144	60	62	0	143937
128	36	64	0	143954
128	48	64	0	143956
144	55	59	0	144078
128	60	64	0	144101
128	55	64	0	144192
144	48	73	0	144261
144	36	70	0	144267
128	36	64	0	144404
128	48	64	0	144413
144	36	70	0	144783
144	48	70	0	144786
144	60	55	0	144924
128	36	64	0	144943
128	48	64	0	144946
144	55	65	0	145091
128	60	64	0	145124
128	55	64	0	145226
144	48	65	0	145266
144	36	62	0	145275
144	60	50	0	145438
128	48	64	0	145447
128	36	64	0	145467
144	55	62	0	145568
128	60	64	0	145594
128	55	64	0	145695
144	48	65	0	145725
144	36	60	0	145745
144	60	52	0	145879
128	36	64	0	145901
128	48	64	0	145906
144	55	53	0	146043
128	60	64	0	146091
128	55	64	0	146195
144	48	71	0	146214
144	36	64	0	146231
128	36	64	0	146334
128	48	64	0	146351
144	48	67	0	146711
144	36	66	0	146715
144	60	63	0	146864
128	48	64	0	146890
128	36	64	0	146905
144	55	59	0	147023
128	60	64	0	147045
128	55	64	0	147161
144	48	64	0	147197
144	36	58	0	147210
128	48	64	0	147325
128	36	64	0	147328
144	48	66	0	147671
144	36	64	0	147688
144	60	53	0	147818
128	48	64	0	147829
128	36	64	0	147836
144	55	57	0	147955
128	60	64	0	147994
128	55	64	0	148106
144	48	60	0	148154
144	36	62	0	148157
128	36	64	0	148296
128	48	64	0	148298
144	48	62	0	148661
144	36	60	0	148668
144	60	56	0	148818
128	48	64	0	148820
128	36	64	0	148824
144	55	62	0	148946
128	60	64	0	148977
128	55	64	0	149053
144	48	58	0	149116
144	36	52	0	149141
128	36	64	0	149265
128	48	64	0	149268
144	60	62	0	149285
144	55	61	0	149417
128	60	64	0	149440
128	55	64	0	149530
144	48	62	0	149568
144	36	59	0	149578
128	48	64	0	149705
128	36	64	0	149717
144	60	61	0	149735
144	55	60	0	149859
128	60	64	0	149887
128	55	64	0	150000
144	48	73	0	150041
144	36	63	0	150055
128	48	64	0	150172
128	36	64	0	150174
144	48	67	0	150577
144	36	70	0	150580
128	48	64	0	150727
144	60	55	0	150731
128	36	64	0	150733
144	55	59	0	150873
128	60	64	0	150899
128	55	64	0	150963
144	48	63	0	151063
144	36	69	0	151068
128	36	64	0	151187
128	48	64	0	151189
144	36	72	0	151532
144	48	75	0	151535
128	48	64	0	151661
144	60	55	0	151667
128	36	64	0	151678
144	54	66	0	151823
128	60	64	0	151851
128	54	64	0	151952
144	36	69	0	152001
144	48	66	0	152005
128	48	64	0	152132
128	36	64	0	152137
144	48	77	0	152492
144	36	72	0	152495
128	48	64	0	152625
128	36	64	0	152634
144	60	62	0	152660
144	55	62	0	152785
128	60	64	0	152810
128	55	64	0	152909
144	48	72	0	152942
144	36	68	0	152949
128	48	64	0	153070
128	36	64	0	153078
144	60	62	0	153123
144	55	62	0	153233
128	60	64	0	153259
128	55	64	0	153362
144	48	73	0	153409
144	36	70	0	153413
128	36	64	0	153562
128	48	64	0	153565
144	60	69	0	153591
144	54	68	0	153733
128	60	64	0	153765
128	54	64	0	153853
144	48	76	0	153892
144	36	72	0	153898
128	48	64	0	154058
128	36	64	0	154066
144	48	76	0	154423
144	36	75	0	154426
128	48	64	0	154544
144	60	56	0	154548
128	36	64	0	154556
144	55	49	0	154728
128	60	64	0	154760
128	55	64	0	154860
144	36	74	0	154892
144	48	77	0	154897
128	48	64	0	155019
128	36	64	0	155021
144	60	53	0	155078
144	55	68	0	155200
128	60	64	0	155214
128	55	64	0	155324
144	48	66	0	155362
144	36	65	0	155365
128	48	64	0	155505
128	36	64	0	155510
144	60	62	0	155554
144	54	65	0	155666
128	60	64	0	155701
128	54	64	0	155792
144	48	69	0	155838
144	36	68	0	155852
128	48	64	0	155986
128	36	64	0	155988
144	48	75	0	156365
144	36	70	0	156368
128	48	64	0	156506
128	36	64	0	156523
144	60	66	0	156539
144	55	62	0	156685
128	60	64	0	156712
128	55	64	0	156824
144	48	70	0	156827
144	36	69	0	156834
128	48	64	0	156966
128	36	64	0	156982
144	60	58	0	157017
144	55	51	0	157185
128	60	64	0	157210
128	55	64	0	157295
144	48	68	0	157313
144	36	66	0	157316
128	48	64	0	157444
128	36	64	0	157458
144	60	55	0	157483
144	55	58	0	157609
128	60	64	0	157688
144	36	74	0	157792
144	48	66	0	157801
128	55	64	0	157806
128	36	64	0	157939
128	48	64	0	157958
144	48	73	0	158313
144	36	69	0	158317
128	48	64	0	158444
128	36	64	0	158447
144	60	60	0	158450
144	55	58	0	158588
128	60	64	0	158628
128	55	64	0	158718
144	48	71	0	158750
144	36	70	0	158757
128	36	64	0	158903
128	48	64	0	158912
144	48	71	0	159273
144	36	66	0	159279
128	36	64	0	159393
144	60	62	0	159406
128	48	64	0	159409
144	55	49	0	159554
128	60	64	0	159606
144	36	64	0	159717
144	48	59	0	159720
144	54	68	0	159742
128	55	64	0	159745
128	48	64	0	159842
128	36	64	0	159846
128	54	64	0	159876
144	48	70	0	160176
144	36	66	0	160181
144	60	49	0	160312
128	36	64	0	160343
128	48	64	0	160348
128	60	64	0	160472
144	55	47	0	160488
128	55	64	0	160608
144	48	62	0	160656
144	36	58	0	160666
128	48	64	0	160804
128	36	64	0	160807
144	60	53	0	160824
144	55	42	0	160957
128	60	64	0	160970
128	55	64	0	161069
144	48	70	0	161110
144	36	64	0	161123
128	48	64	0	161242
128	36	64	0	161244
144	60	62	0	161286
144	55	48	0	161412
128	60	64	0	161425
144	48	65	0	161606
144	36	63	0	161612
144	54	69	0	161616
128	55	64	0	161619
128	48	64	0	161728
128	36	64	0	161738
128	54	64	0	161740
144	48	70	0	162079
144	36	66	0	162089
144	60	66	0	162230
128	36	64	0	162249
128	48	64	0	162267
128	60	64	0	162379
144	55	69	0	162382
128	55	64	0	162532
144	48	66	0	162575
144	36	66	0	162587
128	48	64	0	162712
128	36	64	0	162728
144	60	69	0	162757
144	55	70	0	162891
128	60	64	0	162918
128	55	64	0	163033
144	48	69	0	163058
144	36	70	0	163062
128	48	64	0	163188
128	36	64	0	163200
144	60	66	0	163235
144	55	60	0	163360
128	60	64	0	163382
144	48	70	0	163530
144	36	69	0	163534
144	54	81	0	163540
128	55	64	0	163571
128	48	64	0	163649
128	36	64	0	163662
128	54	64	0	163668
