192	0	67.16.76.8.0.7.0	0	569
998	0	108	0	575
998	32	0	0	580
999	0	0	0	580
192	0	67.16.76.8.1.7.0	0	586
997	0	108	0	586
997	32	0	0	586
899	19	0	0	591
192	0	67.16.76.2.1.0.1.24	0	591
192	0	67.16.76.2.1.32.0.0	0	591
998	7	100	0	591
998	91	9	0	598
998	93	0	0	598
192	0	67.16.76.3.1.0.123.8	0	604
192	0	67.16.76.3.1.12.0	0	604
192	0	67.16.76.3.1.11.5	0	622
997	7	0	0	630
997	91	64	0	630
192	0	67.16.76.8.1.12.0	0	635
192	0	67.16.76.8.1.13.114	0	641
998	7	88	0	646
997	7	74	0	646
192	0	67.16.76.3.1.16.127	0	651
192	0	67.16.76.8.0.89.64	0	651
176	0	0	0	652
144	55	84	0	1685
144	55	84	0	1691
128	55	64	0	1970
128	55	64	0	1976
144	59	81	0	2002
144	59	81	0	2007
128	59	64	0	2096
128	59	64	0	2101
144	62	87	0	2356
144	62	87	0	2361
144	63	79	0	2692
144	63	79	0	2697
128	62	64	0	2710
128	62	64	0	2715
128	63	64	0	2736
128	63	64	0	2741
144	62	97	0	3017
144	62	97	0	3017
144	60	79	0	3377
144	60	79	0	3382
128	62	64	0	3388
128	62	64	0	3393
128	60	64	0	3419
128	60	64	0	3419
144	59	95	0	3718
144	59	95	0	3723
128	59	64	0	4069
128	59	64	0	4074
144	55	99	0	4397
144	55	99	0	4402
128	55	64	0	4486
128	55	64	0	4491
144	62	70	0	4736
144	62	70	0	4741
128	62	64	0	4785
128	62	64	0	4790
144	62	93	0	5057
144	62	93	0	5062
128	62	64	0	5156
128	62	64	0	5161
144	63	84	0	5356
144	63	84	0	5361
128	63	64	0	5401
128	63	64	0	5406
144	65	94	0	5665
144	65	94	0	5671
128	65	64	0	5915
128	65	64	0	5915
144	66	80	0	5966
144	66	80	0	5971
128	66	64	0	6005
128	66	64	0	6011
144	65	60	0	6016
144	65	60	0	6021
128	65	64	0	6113
128	65	64	0	6119
144	63	69	0	6281
144	63	69	0	6286
144	62	82	0	6303
144	62	82	0	6308
128	63	64	0	6321
128	63	64	0	6327
128	62	64	0	6418
128	62	64	0	6419
144	62	82	0	6638
144	62	82	0	6638
128	62	64	0	6705
128	62	64	0	6705
144	55	89	0	7034
144	55	89	0	7034
128	55	64	0	7379
128	55	64	0	7379
144	62	65	0	7379
144	62	65	0	7385
144	60	65	0	7396
144	60	65	0	7396
128	62	64	0	7432
128	62	64	0	7438
128	60	64	0	7449
128	60	64	0	7455
144	60	100	0	7736
144	60	100	0	7736
144	63	83	0	8067
144	63	83	0	8067
128	60	64	0	8067
128	60	64	0	8074
128	63	64	0	8114
128	63	64	0	8114
144	62	102	0	8407
144	62	102	0	8407
128	62	64	0	8698
128	62	64	0	8698
144	55	76	0	8752
144	55	76	0	8757
128	55	64	0	8820
128	55	64	0	8825
144	59	99	0	9076
144	59	99	0	9076
144	62	82	0	9398
144	62	82	0	9398
128	59	64	0	9426
128	59	64	0	9432
128	62	64	0	9487
128	62	64	0	9492
144	55	99	0	9729
144	55	99	0	9729
144	59	90	0	10066
144	59	90	0	10071
128	55	64	0	10097
128	55	64	0	10102
128	59	64	0	10148
128	59	64	0	10153
144	58	96	0	10402
144	58	96	0	10407
144	59	80	0	10732
144	59	80	0	10737
128	58	64	0	10782
128	58	64	0	10782
128	59	64	0	10830
128	59	64	0	10835
144	55	106	0	11060
144	55	106	0	11060
144	62	66	0	11387
144	62	66	0	11392
128	55	64	0	11427
128	55	64	0	11432
128	62	64	0	11469
128	62	64	0	11474
144	55	87	0	11718
144	55	87	0	11718
128	55	64	0	12047
128	55	64	0	12052
144	67	68	0	12067
144	67	68	0	12072
128	67	64	0	12161
128	67	64	0	12167
144	62	78	0	12408
144	62	78	0	12413
144	64	81	0	12413
144	64	81	0	12413
128	62	64	0	12482
128	62	64	0	12487
128	64	64	0	12492
128	64	64	0	12498
144	62	89	0	12709
144	62	89	0	12709
128	62	64	0	12832
128	62	64	0	12837
144	67	62	0	12998
144	67	62	0	13003
144	69	55	0	13008
144	69	55	0	13014
144	62	77	0	13034
144	62	77	0	13039
128	69	64	0	13057
128	69	64	0	13062
128	67	64	0	13068
128	67	64	0	13073
128	62	64	0	13209
128	62	64	0	13214
144	66	78	0	13367
144	66	78	0	13372
128	66	64	0	13436
128	66	64	0	13441
144	67	85	0	13672
144	67	85	0	13677
144	62	65	0	14031
144	62	65	0	14037
128	67	64	0	14043
128	67	64	0	14043
128	62	64	0	14150
128	62	64	0	14150
144	69	74	0	14346
144	69	74	0	14351
128	69	64	0	14468
128	69	64	0	14469
144	71	78	0	14660
144	71	78	0	14660
128	71	64	0	14785
128	71	64	0	14785
144	62	82	0	14985
144	62	82	0	14985
128	62	64	0	15107
128	62	64	0	15107
144	62	82	0	15303
144	62	82	0	15303
128	62	64	0	15500
128	62	64	0	15500
144	67	68	0	15545
144	67	68	0	15545
144	62	72	0	15599
144	62	72	0	15599
128	67	64	0	15599
128	67	64	0	15599
128	62	64	0	15784
128	62	64	0	15784
144	64	81	0	15860
144	64	81	0	15860
144	62	81	0	15938
144	62	81	0	15938
128	64	64	0	15962
128	64	64	0	15962
128	62	64	0	16077
128	62	64	0	16077
144	63	76	0	16158
144	63	76	0	16158
128	63	64	0	16207
128	63	64	0	16207
144	64	90	0	16242
144	64	90	0	16242
128	64	64	0	16367
128	64	64	0	16367
144	62	89	0	16573
144	62	89	0	16578
128	62	64	0	16724
128	62	64	0	16729
144	60	97	0	16898
144	60	97	0	16903
144	59	90	0	17239
144	59	90	0	17244
128	60	64	0	17244
128	60	64	0	17244
128	59	64	0	17333
128	59	64	0	17333
144	55	102	0	17545
144	55	102	0	17545
128	55	64	0	17670
128	55	64	0	17670
144	62	85	0	17884
144	62	85	0	17884
128	62	64	0	17979
128	62	64	0	17984
144	63	94	0	18224
144	63	94	0	18224
144	65	82	0	18553
144	65	82	0	18553
128	63	64	0	18585
128	63	64	0	18585
128	65	64	0	18660
128	65	64	0	18660
144	55	111	0	18890
144	55	111	0	18890
144	62	84	0	19229
144	62	84	0	19229
128	55	64	0	19244
128	55	64	0	19244
128	62	64	0	19334
128	62	64	0	19334
144	60	105	0	19533
144	60	105	0	19533
144	59	84	0	19870
144	59	84	0	19875
128	60	64	0	19898
128	60	64	0	19898
128	59	64	0	19955
128	59	64	0	19955
144	55	105	0	20180
144	55	105	0	20180
144	56	80	0	20419
144	56	80	0	20425
128	55	64	0	20443
128	55	64	0	20443
144	59	80	0	20501
144	59	80	0	20501
128	56	64	0	20527
128	56	64	0	20527
128	59	64	0	20661
128	59	64	0	20661
144	53	80	0	20693
144	53	80	0	20699
144	55	77	0	20777
144	55	77	0	20777
128	53	64	0	20801
128	53	64	0	20801
128	55	64	0	21015
128	55	64	0	21015
144	56	78	0	21015
144	56	78	0	21021
128	56	64	0	21059
128	56	64	0	21059
144	53	73	0	21091
144	53	73	0	21091
128	53	64	0	21263
128	53	64	0	21264
144	51	68	0	21315
144	51	68	0	21315
128	51	64	0	21356
128	51	64	0	21356
144	50	96	0	21402
144	50	96	0	21402
128	50	64	0	21637
128	50	64	0	21642
144	51	89	0	21728
144	51	89	0	21728
128	51	64	0	21801
128	51	64	0	21806
144	47	102	0	22057
144	47	102	0	22063
144	48	85	0	22367
144	48	85	0	22367
128	47	64	0	22399
128	47	64	0	22399
128	48	64	0	22465
128	48	64	0	22465
144	43	102	0	22721
144	43	102	0	22721
128	43	64	0	22895
128	43	64	0	22900
144	55	69	0	23052
144	55	69	0	23052
128	55	64	0	23139
128	55	64	0	23139
144	59	80	0	23367
144	59	80	0	23373
128	59	64	0	23486
128	59	64	0	23486
144	55	81	0	23697
144	55	81	0	23703
128	55	64	0	23873
128	55	64	0	23879
144	62	65	0	24012
144	62	65	0	24013
144	64	59	0	24037
144	64	59	0	24038
128	64	64	0	24104
128	64	64	0	24104
128	62	64	0	24125
128	62	64	0	24125
144	63	75	0	24338
144	63	75	0	24344
128	63	64	0	24462
128	63	64	0	24462
144	65	90	0	24655
144	65	90	0	24655
128	65	64	0	24889
128	65	64	0	24889
144	66	80	0	24897
144	66	80	0	24897
128	66	64	0	24939
128	66	64	0	24939
144	65	74	0	24966
144	65	74	0	24972
128	65	64	0	25146
128	65	64	0	25151
144	63	80	0	25220
144	63	80	0	25220
144	62	80	0	25270
144	62	80	0	25270
128	63	64	0	25290
128	63	64	0	25290
128	62	64	0	25434
128	62	64	0	25434
144	67	80	0	25596
144	67	80	0	25601
128	67	64	0	25773
128	67	64	0	25778
144	59	99	0	25920
144	59	99	0	25920
144	62	77	0	26234
144	62	77	0	26234
128	59	64	0	26264
128	59	64	0	26264
128	62	64	0	26449
128	62	64	0	26455
144	63	84	0	26554
144	63	84	0	26560
144	62	62	0	26806
144	62	62	0	26806
128	63	64	0	26812
128	63	64	0	26817
128	62	64	0	26885
128	62	64	0	26891
144	60	80	0	26897
144	60	80	0	26897
128	60	64	0	27081
128	60	64	0	27081
144	59	80	0	27098
144	59	80	0	27098
144	57	55	0	27266
144	57	55	0	27266
128	59	64	0	27346
128	59	64	0	27346
144	55	72	0	27373
144	55	72	0	27373
128	55	64	0	27418
128	55	64	0	27418
128	57	64	0	27499
128	57	64	0	27499
144	59	93	0	27663
144	59	93	0	27668
144	55	98	0	27998
144	55	98	0	27998
128	59	64	0	28013
128	59	64	0	28018
128	55	64	0	28283
128	55	64	0	28283
144	59	80	0	28309
144	59	80	0	28315
144	54	92	0	28621
144	54	92	0	28621
128	59	64	0	28628
128	59	64	0	28628
144	59	69	0	28962
144	59	69	0	28962
128	54	64	0	28997
128	54	64	0	28997
144	52	92	0	29301
144	52	92	0	29301
128	59	64	0	29313
128	59	64	0	29313
144	59	78	0	29632
144	59	78	0	29637
128	52	64	0	29659
128	52	64	0	29659
144	57	77	0	29933
144	57	77	0	29933
128	59	64	0	29957
128	59	64	0	29957
144	55	80	0	30165
144	55	80	0	30165
128	57	64	0	30196
128	57	64	0	30196
144	54	83	0	30253
144	54	83	0	30253
128	55	64	0	30280
128	55	64	0	30280
128	54	64	0	30429
128	54	64	0	30429
144	52	76	0	30459
144	52	76	0	30465
144	50	72	0	30564
144	50	72	0	30564
128	52	64	0	30572
128	52	64	0	30577
144	48	43	0	30600
144	48	43	0	30605
128	48	64	0	30651
128	48	64	0	30656
144	55	80	0	30896
144	55	80	0	30901
128	50	64	0	30915
128	50	64	0	30920
144	53	68	0	31263
144	53	68	0	31269
128	55	64	0	31274
128	55	64	0	31279
128	53	64	0	31395
128	53	64	0	31400
144	55	82	0	31608
144	55	82	0	31608
128	55	64	0	31934
128	55	64	0	31939
144	50	95	0	31945
144	50	95	0	31945
144	55	75	0	32283
144	55	75	0	32288
128	50	64	0	32297
128	50	64	0	32302
128	55	64	0	32610
128	55	64	0	32615
144	48	89	0	32622
144	48	89	0	32627
128	48	64	0	32941
128	48	64	0	32946
144	55	75	0	32962
144	55	75	0	32962
144	50	89	0	33272
144	50	89	0	33278
128	55	64	0	33283
128	55	64	0	33288
128	50	64	0	33477
128	50	64	0	33483
144	52	75	0	33499
144	52	75	0	33504
144	50	73	0	33605
144	50	73	0	33610
128	52	64	0	33624
128	52	64	0	33630
128	50	64	0	33794
128	50	64	0	33794
144	48	72	0	33824
144	48	72	0	33824
144	47	80	0	33902
144	47	80	0	33902
128	48	64	0	33927
128	48	64	0	33927
128	47	64	0	34114
128	47	64	0	34120
144	48	49	0	34133
144	48	49	0	34138
144	47	82	0	34180
144	47	82	0	34185
128	48	64	0	34290
128	48	64	0	34290
144	45	64	0	34383
144	45	64	0	34388
128	47	64	0	34429
128	47	64	0	34434
144	43	102	0	34527
144	43	102	0	34527
128	45	64	0	34533
128	45	64	0	34533
128	43	64	0	34707
128	43	64	0	34707
144	55	78	0	34883
144	55	78	0	34888
128	55	64	0	34983
128	55	64	0	34983
144	59	84	0	35186
144	59	84	0	35186
128	59	64	0	35351
128	59	64	0	35357
144	62	58	0	35501
144	62	58	0	35501
128	62	64	0	35582
128	62	64	0	35588
144	63	90	0	35818
144	63	90	0	35823
144	62	81	0	36131
144	62	81	0	36131
128	63	64	0	36147
128	63	64	0	36153
144	63	72	0	36361
144	63	72	0	36366
128	62	64	0	36371
128	62	64	0	36377
128	63	64	0	36417
128	63	64	0	36417
144	65	85	0	36450
144	65	85	0	36455
144	66	68	0	36679
144	66	68	0	36684
128	65	64	0	36690
128	65	64	0	36695
128	66	64	0	36722
128	66	64	0	36727
144	65	68	0	36762
144	65	68	0	36767
128	65	64	0	36946
128	65	64	0	36946
144	63	64	0	36997
144	63	64	0	37002
128	63	64	0	37053
128	63	64	0	37053
144	62	84	0	37053
144	62	84	0	37060
128	62	64	0	37259
128	62	64	0	37259
144	67	86	0	37382
144	67	86	0	37387
128	67	64	0	37516
128	67	64	0	37521
144	60	99	0	37696
144	60	99	0	37696
144	62	77	0	37932
144	62	77	0	37937
128	60	64	0	37956
128	60	64	0	37956
144	63	81	0	38016
144	63	81	0	38016
128	62	64	0	38049
128	62	64	0	38049
144	62	67	0	38240
144	62	67	0	38245
128	63	64	0	38257
128	63	64	0	38262
128	62	64	0	38314
128	62	64	0	38314
144	60	89	0	38331
144	60	89	0	38331
128	60	64	0	38479
128	60	64	0	38479
144	59	96	0	38662
144	59	96	0	38662
128	59	64	0	38854
128	59	64	0	38854
144	62	92	0	38980
144	62	92	0	38980
144	55	85	0	39334
144	55	85	0	39340
128	62	64	0	39384
128	62	64	0	39384
128	55	64	0	39472
128	55	64	0	39472
144	58	92	0	39663
144	58	92	0	39663
144	59	80	0	39933
144	59	80	0	39933
128	58	64	0	39955
128	58	64	0	39955
128	59	64	0	40126
128	59	64	0	40126
144	55	105	0	40287
144	55	105	0	40287
128	55	64	0	40447
128	55	64	0	40447
144	62	75	0	40607
144	62	75	0	40607
128	62	64	0	40702
128	62	64	0	40702
144	67	96	0	40941
144	67	96	0	40941
128	67	64	0	41240
128	67	64	0	41240
144	62	85	0	41261
144	62	85	0	41261
128	62	64	0	41483
128	62	64	0	41488
144	67	76	0	41488
144	67	76	0	41488
144	71	90	0	41609
144	71	90	0	41614
128	67	64	0	41619
128	67	64	0	41619
128	71	64	0	41754
128	71	64	0	41754
144	62	81	0	41934
144	62	81	0	41939
128	62	64	0	42061
128	62	64	0	42061
144	70	89	0	42279
144	70	89	0	42285
144	71	86	0	42614
144	71	86	0	42619
128	70	64	0	42633
128	70	64	0	42633
128	71	64	0	42736
128	71	64	0	42736
144	67	98	0	42939
144	67	98	0	42944
128	67	64	0	43171
128	67	64	0	43171
144	67	59	0	43253
144	67	59	0	43258
144	65	46	0	43279
144	65	46	0	43279
128	65	64	0	43339
128	65	64	0	43339
128	67	64	0	43359
128	67	64	0	43359
144	67	96	0	43615
144	67	96	0	43615
128	67	64	0	43903
128	67	64	0	43903
144	66	73	0	43912
144	66	73	0	43912
128	66	64	0	44129
128	66	64	0	44134
144	67	71	0	44161
144	67	71	0	44161
144	64	78	0	44222
144	64	78	0	44222
128	67	64	0	44261
128	67	64	0	44261
144	67	85	0	44419
144	67	85	0	44424
128	64	64	0	44424
128	64	64	0	44430
144	63	79	0	44550
144	63	79	0	44550
128	67	64	0	44572
128	67	64	0	44572
128	63	64	0	44728
128	63	64	0	44728
144	64	19	0	44832
144	64	19	0	44832
144	61	92	0	44909
144	61	92	0	44909
128	64	64	0	44977
128	64	64	0	44977
128	61	64	0	45017
128	61	64	0	45017
144	62	65	0	45036
144	62	65	0	45041
128	62	64	0	45477
128	62	64	0	45482
144	62	82	0	45574
144	62	82	0	45579
128	62	64	0	45966
128	62	64	0	45966
144	67	71	0	46172
144	67	71	0	46172
144	62	85	0	46483
144	62	85	0	46483
128	67	64	0	46504
128	67	64	0	46504
144	71	80	0	46713
144	71	80	0	46713
128	62	64	0	46733
128	62	64	0	46733
144	70	79	0	46822
144	70	79	0	46822
128	71	64	0	46859
128	71	64	0	46859
128	70	64	0	47029
128	70	64	0	47029
144	71	76	0	47035
144	71	76	0	47035
144	74	67	0	47181
144	74	67	0	47181
128	71	64	0	47189
128	71	64	0	47189
144	72	61	0	47194
144	72	61	0	47194
128	72	64	0	47271
128	72	64	0	47271
128	74	64	0	47294
128	74	64	0	47294
144	73	87	0	47534
144	73	87	0	47539
144	74	64	0	47853
144	74	64	0	47853
128	73	64	0	47862
128	73	64	0	47862
128	74	64	0	47980
128	74	64	0	47985
144	76	95	0	48183
144	76	95	0	48183
144	75	81	0	48517
144	75	81	0	48517
128	76	64	0	48546
128	76	64	0	48551
128	75	64	0	48610
128	75	64	0	48615
144	74	94	0	48844
144	74	94	0	48844
128	74	64	0	48985
128	74	64	0	48985
144	74	71	0	49147
144	74	71	0	49147
144	71	79	0	49384
144	71	79	0	49384
128	74	64	0	49393
128	74	64	0	49393
128	71	64	0	49479
128	71	64	0	49484
144	67	80	0	49484
144	67	80	0	49484
128	67	64	0	49668
128	67	64	0	49673
144	74	68	0	49706
144	74	68	0	49706
144	71	77	0	49779
144	71	77	0	49779
128	74	64	0	49791
128	74	64	0	49791
128	71	64	0	49949
128	71	64	0	49949
144	67	78	0	50001
144	67	78	0	50001
144	70	80	0	50091
144	70	80	0	50091
128	67	64	0	50114
128	67	64	0	50119
128	70	64	0	50315
128	70	64	0	50315
144	71	82	0	50315
144	71	82	0	50322
144	74	85	0	50411
144	74	85	0	50411
128	71	64	0	50418
128	71	64	0	50423
128	74	64	0	50617
128	74	64	0	50622
144	67	90	0	50715
144	67	90	0	50715
128	67	64	0	51236
128	67	64	0	51236
144	70	84	0	51408
144	70	84	0	51408
128	70	64	0	51609
128	70	64	0	51609
144	67	81	0	51617
144	67	81	0	51617
128	67	64	0	51731
128	67	64	0	51731
144	66	76	0	51741
144	66	76	0	51746
128	66	64	0	51927
128	66	64	0	51927
144	67	68	0	51947
144	67	68	0	51947
144	65	81	0	52007
144	65	81	0	52007
128	67	64	0	52031
128	67	64	0	52031
128	65	64	0	52238
128	65	64	0	52238
144	67	75	0	52250
144	67	75	0	52255
144	66	37	0	52285
144	66	37	0	52290
128	66	64	0	52334
128	66	64	0	52340
144	64	60	0	52530
144	64	60	0	52536
128	67	64	0	52545
128	67	64	0	52550
144	63	84	0	52667
144	63	84	0	52667
128	64	64	0	52689
128	64	64	0	52689
144	62	87	0	52889
144	62	87	0	52889
128	63	64	0	52896
128	63	64	0	52896
128	62	64	0	53199
128	62	64	0	53199
144	67	66	0	53199
144	67	66	0	53204
144	60	93	0	53301
144	60	93	0	53301
128	67	64	0	53341
128	67	64	0	53341
144	62	85	0	53578
144	62	85	0	53584
128	60	64	0	53633
128	60	64	0	53638
144	63	85	0	53924
144	63	85	0	53929
128	62	64	0	53940
128	62	64	0	53946
128	63	64	0	53980
128	63	64	0	53986
144	60	88	0	53999
144	60	88	0	54004
144	59	89	0	54219
144	59	89	0	54224
128	60	64	0	54245
128	60	64	0	54251
144	62	77	0	54315
144	62	77	0	54315
128	59	64	0	54334
128	59	64	0	54339
144	59	96	0	54616
144	59	96	0	54616
128	62	64	0	54626
128	62	64	0	54631
144	56	81	0	54947
144	56	81	0	54952
128	59	64	0	54982
128	59	64	0	54988
128	56	64	0	55105
128	56	64	0	55110
144	62	61	0	55142
144	62	61	0	55147
144	60	66	0	55147
144	60	66	0	55153
128	60	64	0	55294
128	60	64	0	55299
144	59	65	0	55533
144	59	65	0	55538
144	60	66	0	55543
144	60	66	0	55548
128	62	64	0	55553
128	62	64	0	55559
128	60	64	0	55586
128	60	64	0	55591
144	56	86	0	55866
144	56	86	0	55871
128	59	64	0	55902
128	59	64	0	55907
144	55	95	0	55973
144	55	95	0	55978
128	56	64	0	55978
128	56	64	0	55978
128	55	64	0	56353
128	55	64	0	56358
144	56	98	0	56581
144	56	98	0	56581
128	56	64	0	56899
128	56	64	0	56904
144	53	96	0	56909
144	53	96	0	56914
144	55	81	0	57136
144	55	81	0	57141
128	53	64	0	57150
128	53	64	0	57155
144	56	90	0	57253
144	56	90	0	57258
128	55	64	0	57289
128	55	64	0	57289
144	55	90	0	57461
144	55	90	0	57467
128	56	64	0	57482
128	56	64	0	57487
144	53	108	0	57801
144	53	108	0	57806
128	55	64	0	57813
128	55	64	0	57818
144	55	79	0	58098
144	55	79	0	58103
128	53	64	0	58133
128	53	64	0	58138
144	51	90	0	58417
144	51	90	0	58423
128	55	64	0	58428
128	55	64	0	58433
144	53	93	0	58713
144	53	93	0	58718
128	51	64	0	58775
128	51	64	0	58780
144	50	96	0	59177
144	50	96	0	59183
128	53	64	0	59196
128	53	64	0	59202
144	53	87	0	59478
144	53	87	0	59478
128	50	64	0	59486
128	50	64	0	59492
144	55	78	0	59745
144	55	78	0	59751
128	53	64	0	59756
128	53	64	0	59761
144	56	90	0	59847
144	56	90	0	59853
128	55	64	0	59885
128	55	64	0	59891
144	47	90	0	60052
144	47	90	0	60058
128	56	64	0	60098
128	56	64	0	60098
144	53	89	0	60162
144	53	89	0	60162
128	47	64	0	60235
128	47	64	0	60235
144	50	92	0	60389
144	50	92	0	60395
128	53	64	0	60682
128	53	64	0	60688
128	50	64	0	60715
128	50	64	0	60715
144	55	93	0	60723
144	55	93	0	60729
144	51	87	0	60801
144	51	87	0	60807
128	55	64	0	60894
128	55	64	0	60900
144	53	81	0	61036
144	53	81	0	61042
128	51	64	0	61095
128	51	64	0	61095
144	50	81	0	61118
144	50	81	0	61118
128	53	64	0	61155
128	53	64	0	61155
144	51	85	0	61385
144	51	85	0	61385
128	50	64	0	61403
128	50	64	0	61403
144	48	72	0	61457
144	48	72	0	61457
128	51	64	0	61475
128	51	64	0	61475
144	50	79	0	61661
144	50	79	0	61667
128	48	64	0	61667
128	48	64	0	61667
144	47	87	0	61778
144	47	87	0	61778
128	50	64	0	61778
128	50	64	0	61784
128	47	64	0	62109
128	47	64	0	62109
144	50	97	0	62123
144	50	97	0	62123
128	50	64	0	62253
128	50	64	0	62253
144	43	72	0	62447
144	43	72	0	62452
144	45	80	0	62452
144	45	80	0	62452
128	45	64	0	62637
128	45	64	0	62642
144	55	99	0	62803
144	55	99	0	62808
128	43	64	0	62829
128	43	64	0	62829
128	55	64	0	62997
128	55	64	0	62997
144	50	87	0	63109
144	50	87	0	63109
144	59	82	0	63350
144	59	82	0	63350
144	43	78	0	63464
144	43	78	0	63464
128	50	64	0	63469
128	50	64	0	63469
128	59	64	0	63469
128	59	64	0	63469
144	62	79	0	63658
144	62	79	0	63658
128	43	64	0	63784
128	43	64	0	63784
144	50	85	0	63793
144	50	85	0	63793
128	62	64	0	63814
128	62	64	0	63814
144	63	85	0	64131
144	63	85	0	64131
128	50	64	0	64206
128	50	64	0	64206
128	63	64	0	64389
128	63	64	0	64389
144	43	58	0	64454
144	43	58	0	64454
144	41	72	0	64467
144	41	72	0	64467
128	41	64	0	64612
128	41	64	0	64612
144	59	90	0	64797
144	59	90	0	64797
144	50	83	0	64797
144	50	83	0	64804
128	43	64	0	64812
128	43	64	0	64812
128	50	64	0	64989
128	50	64	0	64989
128	59	64	0	64989
128	59	64	0	64995
144	55	87	0	65145
144	55	87	0	65150
144	43	74	0	65150
144	43	74	0	65150
144	50	78	0	65451
144	50	78	0	65456
128	43	64	0	65461
128	43	64	0	65461
144	62	80	0	65477
144	62	80	0	65477
128	55	64	0	65497
128	55	64	0	65497
128	50	64	0	65594
128	50	64	0	65600
128	62	64	0	65631
128	62	64	0	65631
144	43	87	0	65769
144	43	87	0	65769
144	59	96	0	65769
144	59	96	0	65777
128	43	64	0	66090
128	43	64	0	66095
144	50	77	0	66102
144	50	77	0	66107
144	62	81	0	66123
144	62	81	0	66128
128	59	64	0	66143
128	59	64	0	66148
128	50	64	0	66238
128	50	64	0	66243
128	62	64	0	66249
128	62	64	0	66254
144	56	89	0	66420
144	56	89	0	66420
144	43	82	0	66437
144	43	82	0	66442
128	43	64	0	66735
128	43	64	0	66735
144	50	75	0	66747
144	50	75	0	66747
144	62	81	0	66772
144	62	81	0	66772
128	56	64	0	66789
128	56	64	0	66789
128	50	64	0	66862
128	50	64	0	66862
128	62	64	0	66888
128	62	64	0	66888
144	43	98	0	67088
144	43	98	0	67088
144	55	102	0	67088
144	55	102	0	67095
128	55	64	0	67281
128	55	64	0	67281
128	43	64	0	67299
128	43	64	0	67299
144	62	102	0	67759
144	62	102	0	67764
128	62	64	0	68324
128	62	64	0	68324
144	63	89	0	68440
144	63	89	0	68440
144	62	78	0	68783
144	62	78	0	68784
128	63	64	0	68797
128	63	64	0	68797
128	62	64	0	68986
128	62	64	0	68986
144	63	74	0	69006
144	63	74	0	69006
128	63	64	0	69058
128	63	64	0	69058
144	60	78	0	69080
144	60	78	0	69080
128	60	64	0	69286
128	60	64	0	69286
144	62	71	0	69312
144	62	71	0	69313
144	60	59	0	69381
144	60	59	0	69381
128	62	64	0	69381
128	62	64	0	69387
128	60	64	0	69631
128	60	64	0	69631
144	59	87	0	69641
144	59	87	0	69647
144	60	51	0	69740
144	60	51	0	69740
144	62	66	0	69748
144	62	66	0	69754
128	59	64	0	69759
128	59	64	0	69764
128	60	64	0	69832
128	60	64	0	69832
128	62	64	0	70661
128	62	64	0	70666
144	55	93	0	71009
144	55	93	0	71010
128	55	64	0	71146
128	55	64	0	71152
144	62	81	0	71339
144	62	81	0	71345
128	62	64	0	71449
128	62	64	0	71449
144	63	80	0	71659
144	63	80	0	71659
128	63	64	0	71903
128	63	64	0	71903
144	65	74	0	71903
144	65	74	0	71909
144	66	70	0	71999
144	66	70	0	72004
128	65	64	0	72014
128	65	64	0	72019
128	66	64	0	72203
128	66	64	0	72203
144	65	71	0	72223
144	65	71	0	72229
144	63	79	0	72339
144	63	79	0	72339
128	65	64	0	72362
128	65	64	0	72367
144	65	79	0	72663
144	65	79	0	72663
128	63	64	0	72669
128	63	64	0	72674
128	65	64	0	72775
128	65	64	0	72781
144	62	97	0	73004
144	62	97	0	73009
128	62	64	0	73500
128	62	64	0	73506
144	55	102	0	73671
144	55	102	0	73677
128	55	64	0	73924
128	55	64	0	73924
144	59	93	0	74012
144	59	93	0	74012
128	59	64	0	74125
128	59	64	0	74131
144	62	87	0	74295
144	62	87	0	74295
128	62	64	0	74612
128	62	64	0	74612
144	63	83	0	74620
144	63	83	0	74620
144	62	72	0	74687
144	62	72	0	74692
128	63	64	0	74709
128	63	64	0	74715
128	62	64	0	74896
128	62	64	0	74902
144	60	76	0	74919
144	60	76	0	74924
144	59	89	0	74995
144	59	89	0	75000
128	60	64	0	75034
128	60	64	0	75039
128	59	64	0	75290
128	59	64	0	75290
144	62	75	0	75297
144	62	75	0	75302
144	55	81	0	76298
144	55	81	0	76298
144	53	81	0	76298
144	53	81	0	76305
128	62	64	0	76310
128	62	64	0	76310
128	53	64	0	76377
128	53	64	0	76382
128	55	64	0	76405
128	55	64	0	76410
144	62	89	0	76627
144	62	89	0	76632
128	62	64	0	76753
128	62	64	0	76753
144	63	85	0	76958
144	63	85	0	76958
144	65	80	0	77191
144	65	80	0	77191
128	63	64	0	77196
128	63	64	0	77196
144	66	73	0	77279
144	66	73	0	77279
128	65	64	0	77297
128	65	64	0	77302
128	66	64	0	77490
128	66	64	0	77490
144	65	68	0	77490
144	65	68	0	77498
144	63	77	0	77616
144	63	77	0	77616
128	65	64	0	77639
128	65	64	0	77644
144	65	85	0	77925
144	65	85	0	77930
128	63	64	0	77949
128	63	64	0	77954
128	65	64	0	78027
128	65	64	0	78027
144	62	79	0	78241
144	62	79	0	78246
144	67	78	0	78609
144	67	78	0	78614
128	62	64	0	78655
128	62	64	0	78660
128	67	64	0	78699
128	67	64	0	78699
144	71	95	0	78926
144	71	95	0	78931
128	71	64	0	79207
128	71	64	0	79212
144	67	86	0	79228
144	67	86	0	79228
144	71	72	0	79468
144	71	72	0	79473
128	67	64	0	79489
128	67	64	0	79494
144	70	85	0	79553
144	70	85	0	79553
128	71	64	0	79581
128	71	64	0	79581
144	71	73	0	79730
144	71	73	0	79735
128	70	64	0	79743
128	70	64	0	79749
144	74	76	0	79850
144	74	76	0	79851
144	76	75	0	79857
144	76	75	0	79863
128	71	64	0	79868
128	71	64	0	79873
128	76	64	0	79934
128	76	64	0	79934
128	74	64	0	79934
128	74	64	0	79940
144	67	101	0	80206
144	67	101	0	80206
144	71	84	0	80543
144	71	84	0	80549
128	67	64	0	80593
128	67	64	0	80599
128	71	64	0	80692
128	71	64	0	80698
144	70	80	0	80844
144	70	80	0	80844
144	71	74	0	81060
144	71	74	0	81066
128	70	64	0	81074
128	70	64	0	81080
144	74	88	0	81168
144	74	88	0	81174
128	71	64	0	81199
128	71	64	0	81204
128	74	64	0	81303
128	74	64	0	81303
144	71	104	0	81501
144	71	104	0	81501
144	74	80	0	81714
144	74	80	0	81714
128	71	64	0	81750
128	71	64	0	81750
144	76	79	0	81821
144	76	79	0	81821
128	74	64	0	81852
128	74	64	0	81852
128	76	64	0	82031
128	76	64	0	82031
144	77	79	0	82050
144	77	79	0	82050
144	76	74	0	82146
144	76	74	0	82146
128	77	64	0	82193
128	77	64	0	82193
144	74	82	0	82376
144	74	82	0	82376
128	76	64	0	82376
128	76	64	0	82382
144	73	89	0	82499
144	73	89	0	82499
128	74	64	0	82514
128	74	64	0	82520
128	73	64	0	82792
128	73	64	0	82798
144	74	104	0	82798
144	74	104	0	82804
128	74	64	0	83084
128	74	64	0	83090
144	79	74	0	83137
144	79	74	0	83137
144	77	58	0	83169
144	77	58	0	83169
128	77	64	0	83238
128	77	64	0	83238
128	79	64	0	83267
128	79	64	0	83272
144	79	95	0	83458
144	79	95	0	83458
144	81	84	0	83777
144	81	84	0	83782
128	79	64	0	83791
128	79	64	0	83791
128	81	64	0	83878
128	81	64	0	83884
144	83	104	0	84086
144	83	104	0	84092
128	83	64	0	84404
128	83	64	0	84410
144	81	68	0	84418
144	81	68	0	84423
144	79	52	0	84443
144	79	52	0	84448
128	79	64	0	84507
128	79	64	0	84512
128	81	64	0	84586
128	81	64	0	84592
144	83	71	0	84615
144	83	71	0	84620
144	79	95	0	84733
144	79	95	0	84733
128	83	64	0	84733
128	83	64	0	84733
128	79	64	0	84942
128	79	64	0	84942
144	83	81	0	84981
144	83	81	0	84981
144	81	85	0	85027
144	81	85	0	85032
128	83	64	0	85054
128	83	64	0	85060
128	81	64	0	85240
128	81	64	0	85240
144	79	67	0	85264
144	79	67	0	85270
144	78	85	0	85351
144	78	85	0	85356
128	79	64	0	85361
128	79	64	0	85367
128	78	64	0	85500
128	78	64	0	85505
144	81	74	0	85578
144	81	74	0	85583
144	79	90	0	85670
144	79	90	0	85670
128	81	64	0	85721
128	81	64	0	85721
144	78	82	0	85896
144	78	82	0	85896
128	79	64	0	85906
128	79	64	0	85906
128	78	64	0	85948
128	78	64	0	85948
144	76	90	0	85977
144	76	90	0	85982
128	76	64	0	86205
128	76	64	0	86210
144	79	76	0	86216
144	79	76	0	86221
144	78	82	0	86257
144	78	82	0	86262
128	79	64	0	86268
128	79	64	0	86273
128	78	64	0	86461
128	78	64	0	86466
144	76	69	0	86491
144	76	69	0	86496
144	74	86	0	86571
144	74	86	0	86576
128	76	64	0	86607
128	76	64	0	86612
128	74	64	0	86848
128	74	64	0	86848
144	78	84	0	86867
144	78	84	0	86867
128	78	64	0	87081
128	78	64	0	87086
144	74	83	0	87185
144	74	83	0	87185
144	72	89	0	87537
144	72	89	0	87537
128	74	64	0	87545
128	74	64	0	87545
128	72	64	0	87650
128	72	64	0	87650
144	76	96	0	87851
144	76	96	0	87851
144	71	95	0	88197
144	71	95	0	88197
128	76	64	0	88207
128	76	64	0	88207
128	71	64	0	88354
128	71	64	0	88359
144	71	74	0	88556
144	71	74	0	88561
144	72	74	0	88561
144	72	74	0	88562
128	72	64	0	88640
128	72	64	0	88645
144	72	68	0	88884
144	72	68	0	88889
128	71	64	0	88926
128	71	64	0	88932
128	72	64	0	89095
128	72	64	0	89100
144	74	95	0	89245
144	74	95	0	89245
128	74	64	0	90352
128	74	64	0	90352
144	72	80	0	90378
144	72	80	0	90383
128	72	64	0	90566
128	72	64	0	90566
144	74	71	0	90575
144	74	71	0	90581
144	75	82	0	90689
144	75	82	0	90695
128	74	64	0	90701
128	74	64	0	90707
144	74	80	0	91689
144	74	80	0	91695
128	75	64	0	91700
128	75	64	0	91705
128	74	64	0	91895
128	74	64	0	91901
144	75	73	0	91947
144	75	73	0	91953
128	75	64	0	91995
128	75	64	0	92001
144	74	78	0	92019
144	74	78	0	92025
144	73	73	0	92323
144	73	73	0	92329
128	74	64	0	92334
128	74	64	0	92339
128	73	64	0	92509
128	73	64	0	92515
144	74	82	0	92529
144	74	82	0	92535
144	75	74	0	92629
144	75	74	0	92635
128	74	64	0	92646
128	74	64	0	92651
128	75	64	0	92845
128	75	64	0	92851
144	74	79	0	92851
144	74	79	0	92856
144	73	80	0	92971
144	73	80	0	92976
128	74	64	0	92982
128	74	64	0	92987
128	73	64	0	93135
128	73	64	0	93135
144	74	76	0	93157
144	74	76	0	93163
144	73	61	0	93261
144	73	61	0	93267
128	74	64	0	93305
128	74	64	0	93310
144	72	71	0	93514
144	72	71	0	93519
128	73	64	0	93519
128	73	64	0	93519
144	71	82	0	93599
144	71	82	0	93604
128	72	64	0	93629
128	72	64	0	93635
128	71	64	0	93799
128	71	64	0	93805
144	70	79	0	93839
144	70	79	0	93844
128	70	64	0	93893
128	70	64	0	93898
144	69	74	0	93909
144	69	74	0	93914
144	68	83	0	94245
144	68	83	0	94250
128	69	64	0	94264
128	69	64	0	94269
128	68	64	0	94294
128	68	64	0	94294
144	67	101	0	94581
144	67	101	0	94586
144	74	65	0	94911
144	74	65	0	94916
128	67	64	0	94929
128	67	64	0	94934
144	67	74	0	95127
144	67	74	0	95132
128	74	64	0	95137
128	74	64	0	95142
144	62	90	0	95240
144	62	90	0	95240
128	67	64	0	95288
128	67	64	0	95294
128	62	64	0	95422
128	62	64	0	95422
144	67	74	0	95555
144	67	74	0	95560
128	67	64	0	95808
128	67	64	0	95813
144	63	81	0	95876
144	63	81	0	95881
128	63	64	0	96087
128	63	64	0	96093
144	67	76	0	96098
144	67	76	0	96103
144	62	69	0	96169
144	62	69	0	96174
128	67	64	0	96188
128	67	64	0	96193
128	62	64	0	96379
128	62	64	0	96384
144	67	64	0	96401
144	67	64	0	96401
144	60	76	0	96448
144	60	76	0	96453
128	67	64	0	96458
128	67	64	0	96463
144	59	87	0	96781
144	59	87	0	96786
128	60	64	0	96797
128	60	64	0	96802
128	59	64	0	96899
128	59	64	0	96905
144	55	99	0	97089
144	55	99	0	97094
144	59	73	0	97466
144	59	73	0	97471
128	55	64	0	97476
128	55	64	0	97476
128	59	64	0	97538
128	59	64	0	97543
144	60	62	0	97804
144	60	62	0	97809
144	62	69	0	97809
144	62	69	0	97809
128	60	64	0	98155
128	60	64	0	98160
144	63	79	0	98500
144	63	79	0	98505
128	62	64	0	98519
128	62	64	0	98524
144	62	68	0	98836
144	62	68	0	98841
128	63	64	0	98841
128	63	64	0	98846
144	60	73	0	99052
144	60	73	0	99057
128	62	64	0	99073
128	62	64	0	99078
144	59	88	0	99148
144	59	88	0	99153
128	60	64	0	99158
128	60	64	0	99163
144	55	78	0	99494
144	55	78	0	99499
128	59	64	0	99513
128	59	64	0	99518
128	55	64	0	99547
128	55	64	0	99552
144	55	92	0	99802
144	55	92	0	99807
128	55	64	0	100125
128	55	64	0	100130
144	59	69	0	100146
144	59	69	0	100151
144	57	63	0	100156
144	57	63	0	100161
128	57	64	0	100258
128	57	64	0	100263
128	59	64	0	100296
128	59	64	0	100301
144	60	82	0	100464
144	60	82	0	100464
128	60	64	0	100683
128	60	64	0	100683
144	62	77	0	100787
144	62	77	0	100787
128	62	64	0	100936
128	62	64	0	100936
144	55	84	0	101120
144	55	84	0	101125
144	62	76	0	101465
144	62	76	0	101465
128	55	64	0	101494
128	55	64	0	101499
128	62	64	0	101546
128	62	64	0	101546
144	63	81	0	101770
144	63	81	0	101770
144	62	74	0	102130
144	62	74	0	102130
128	63	64	0	102142
128	63	64	0	102142
128	62	64	0	102234
128	62	64	0	102234
144	55	60	0	102445
144	55	60	0	102445
144	57	68	0	102455
144	57	68	0	102455
128	55	64	0	102681
128	55	64	0	102681
128	57	64	0	102702
128	57	64	0	102702
144	62	75	0	102794
144	62	75	0	102794
128	62	64	0	102942
128	62	64	0	102942
144	63	72	0	103099
144	63	72	0	103099
128	63	64	0	103387
128	63	64	0	103392
144	65	59	0	103412
144	65	59	0	103417
128	65	64	0	103555
128	65	64	0	103560
144	66	85	0	103747
144	66	85	0	103753
128	66	64	0	103991
128	66	64	0	103996
144	65	74	0	104008
144	65	74	0	104014
128	65	64	0	104227
128	65	64	0	104227
144	63	75	0	104263
144	63	75	0	104263
128	63	64	0	104315
128	63	64	0	104315
144	62	69	0	104315
144	62	69	0	104322
128	62	64	0	104809
128	62	64	0	104809
144	67	81	0	104917
144	67	81	0	104917
128	67	64	0	105201
128	67	64	0	105201
144	60	81	0	105221
144	60	81	0	105221
128	60	64	0	105420
128	60	64	0	105420
144	67	77	0	105427
144	67	77	0	105427
144	62	79	0	105525
144	62	79	0	105531
128	67	64	0	105557
128	67	64	0	105563
128	62	64	0	105741
128	62	64	0	105746
144	59	75	0	105765
144	59	75	0	105770
144	67	74	0	105842
144	67	74	0	105847
128	59	64	0	105864
128	59	64	0	105869
128	67	64	0	106063
128	67	64	0	106068
144	62	72	0	106074
144	62	72	0	106079
128	62	64	0	106137
128	62	64	0	106137
144	59	70	0	106157
144	59	70	0	106157
144	56	76	0	106453
144	56	76	0	106458
128	59	64	0	106464
128	59	64	0	106469
128	56	64	0	106549
128	56	64	0	106549
144	55	99	0	106763
144	55	99	0	106768
128	55	64	0	107206
128	55	64	0	107211
144	62	80	0	107376
144	62	80	0	107376
144	60	69	0	107594
144	60	69	0	107594
128	62	64	0	107635
128	62	64	0	107640
144	59	75	0	107681
144	59	75	0	107681
128	60	64	0	107777
128	60	64	0	107782
128	59	64	0	107926
128	59	64	0	107926
144	56	70	0	107931
144	56	70	0	107937
128	56	64	0	107973
128	56	64	0	107978
144	55	87	0	108004
144	55	87	0	108009
128	55	64	0	108181
128	55	64	0	108186
144	60	55	0	108253
144	60	55	0	108253
144	59	35	0	108264
144	59	35	0	108269
144	55	80	0	108317
144	55	80	0	108322
128	60	64	0	108327
128	60	64	0	108333
128	59	64	0	108338
128	59	64	0	108338
128	55	64	0	108503
128	55	64	0	108508
144	56	80	0	108534
144	56	80	0	108539
144	53	84	0	108648
144	53	84	0	108653
128	56	64	0	108653
128	56	64	0	108658
128	53	64	0	108832
128	53	64	0	108832
144	55	58	0	108913
144	55	58	0	108918
144	56	46	0	108923
144	56	46	0	108923
128	56	64	0	108976
128	56	64	0	108981
128	55	64	0	108986
128	55	64	0	108986
144	53	75	0	108986
144	53	75	0	108993
128	53	64	0	109047
128	53	64	0	109052
144	55	90	0	109223
144	55	90	0	109223
144	51	94	0	109342
144	51	94	0	109347
128	55	64	0	109357
128	55	64	0	109362
144	50	93	0	109647
144	50	93	0	109647
128	51	64	0	109652
128	51	64	0	109652
128	50	64	0	109746
128	50	64	0	109746
144	55	99	0	109970
144	55	99	0	109970
128	55	64	0	110304
128	55	64	0	110304
144	50	83	0	110304
144	50	83	0	110311
128	50	64	0	110426
128	50	64	0	110426
144	55	66	0	110533
144	55	66	0	110538
144	57	80	0	110605
144	57	80	0	110605
128	55	64	0	110646
128	55	64	0	110646
144	59	80	0	110928
144	59	80	0	110928
128	57	64	0	110942
128	57	64	0	110942
128	59	64	0	111042
128	59	64	0	111047
144	62	84	0	111270
144	62	84	0	111276
144	59	67	0	111603
144	59	67	0	111604
128	62	64	0	111622
128	62	64	0	111622
128	59	64	0	111791
128	59	64	0	111791
144	57	69	0	111827
144	57	69	0	111827
144	55	78	0	111903
144	55	78	0	111903
128	57	64	0	111936
128	57	64	0	111941
128	55	64	0	112205
128	55	64	0	112210
144	54	69	0	112226
144	54	69	0	112226
128	54	64	0	112519
128	54	64	0	112519
144	52	87	0	112538
144	52	87	0	112538
144	55	67	0	112848
144	55	67	0	112848
128	52	64	0	112865
128	52	64	0	112865
144	54	74	0	113177
144	54	74	0	113177
128	55	64	0	113193
128	55	64	0	113193
144	52	68	0	113458
144	52	68	0	113458
128	54	64	0	113467
128	54	64	0	113467
128	52	64	0	113784
128	52	64	0	113784
144	50	81	0	113793
144	50	81	0	113793
144	54	69	0	114105
144	54	69	0	114105
128	50	64	0	114135
128	50	64	0	114135
144	47	73	0	114458
144	47	73	0	114458
128	54	64	0	114464
128	54	64	0	114464
144	54	79	0	114820
144	54	79	0	114820
128	47	64	0	114846
128	47	64	0	114846
128	54	64	0	114976
128	54	64	0	114981
144	43	87	0	115130
144	43	87	0	115135
128	43	64	0	115436
128	43	64	0	115436
144	44	73	0	115477
144	44	73	0	115477
128	44	64	0	115666
128	44	64	0	115666
144	45	72	0	115688
144	45	72	0	115688
144	46	81	0	115794
144	46	81	0	115794
128	45	64	0	115806
128	45	64	0	115806
128	46	64	0	116012
128	46	64	0	116017
144	47	77	0	116035
144	47	77	0	116035
144	48	75	0	116131
144	48	75	0	116131
128	47	64	0	116159
128	47	64	0	116164
144	49	75	0	116373
144	49	75	0	116378
128	48	64	0	116379
128	48	64	0	116379
128	49	64	0	116432
128	49	64	0	116432
144	50	87	0	116455
144	50	87	0	116455
128	50	64	0	116609
128	50	64	0	116614
144	50	97	0	116785
144	50	97	0	116790
128	50	64	0	116914
128	50	64	0	116919
144	50	93	0	117101
144	50	93	0	117101
144	43	85	0	117447
144	43	85	0	117447
128	50	64	0	117473
128	50	64	0	117473
128	43	64	0	117596
128	43	64	0	117601
144	50	99	0	117796
144	50	99	0	117796
128	50	64	0	117951
128	50	64	0	117957
144	50	93	0	118153
144	50	93	0	118153
128	50	64	0	118353
128	50	64	0	118358
144	51	81	0	118358
144	51	81	0	118358
128	51	64	0	118439
128	51	64	0	118439
144	52	89	0	118462
144	52	89	0	118468
128	52	64	0	118655
128	52	64	0	118655
144	53	68	0	118655
144	53	68	0	118661
144	54	84	0	118767
144	54	84	0	118767
128	53	64	0	118801
128	53	64	0	118801
128	54	64	0	118971
128	54	64	0	118971
144	55	79	0	118989
144	55	79	0	118994
144	56	83	0	119096
144	56	83	0	119096
128	55	64	0	119129
128	55	64	0	119134
128	56	64	0	119290
128	56	64	0	119290
144	57	81	0	119308
144	57	81	0	119313
144	56	59	0	119402
144	56	59	0	119407
128	57	64	0	119427
128	57	64	0	119432
128	56	64	0	119606
128	56	64	0	119606
144	55	75	0	119638
144	55	75	0	119643
128	55	64	0	119725
128	55	64	0	119725
144	54	83	0	119725
144	54	83	0	119731
128	54	64	0	120413
128	54	64	0	120413
144	55	106	0	120436
144	55	106	0	120436
128	55	64	0	120613
128	55	64	0	120613
144	59	84	0	120782
144	59	84	0	120782
128	59	64	0	120980
128	59	64	0	120980
144	62	85	0	121090
144	62	85	0	121095
128	62	64	0	121297
128	62	64	0	121302
144	62	64	0	121442
144	62	64	0	121442
144	63	50	0	121460
144	63	50	0	121465
128	62	64	0	121507
128	62	64	0	121512
128	63	64	0	121521
128	63	64	0	121526
144	63	89	0	121765
144	63	89	0	121765
128	63	64	0	122120
128	63	64	0	122125
144	62	88	0	122137
144	62	88	0	122142
128	62	64	0	122289
128	62	64	0	122294
144	61	85	0	122475
144	61	85	0	122475
144	60	62	0	122830
144	60	62	0	122835
128	61	64	0	122865
128	61	64	0	122865
128	60	64	0	122974
128	60	64	0	122979
144	62	92	0	123160
144	62	92	0	123160
144	63	75	0	123509
144	63	75	0	123515
128	62	64	0	123526
128	62	64	0	123531
128	63	64	0	123602
128	63	64	0	123602
144	62	88	0	123833
144	62	88	0	123838
128	62	64	0	124177
128	62	64	0	124182
144	61	73	0	124182
144	61	73	0	124182
128	61	64	0	124246
128	61	64	0	124251
144	62	90	0	124524
144	62	90	0	124524
128	62	64	0	125195
128	62	64	0	125195
144	59	90	0	125201
144	59	90	0	125201
144	53	73	0	125215
144	53	73	0	125215
144	55	72	0	125221
144	55	72	0	125221
128	53	64	0	125365
128	53	64	0	125365
128	59	64	0	125869
128	59	64	0	125869
128	55	64	0	125893
128	55	64	0	125893
144	67	92	0	125930
144	67	92	0	125930
128	67	64	0	126219
128	67	64	0	126225
144	55	84	0	126225
144	55	84	0	126225
144	59	78	0	126234
144	59	78	0	126239
144	67	76	0	126418
144	67	76	0	126418
128	59	64	0	126460
128	59	64	0	126465
128	55	64	0	126473
128	55	64	0	126473
144	69	79	0	126510
144	69	79	0	126510
128	67	64	0	126537
128	67	64	0	126537
144	70	85	0	126773
144	70	85	0	126773
128	69	64	0	126783
128	69	64	0	126783
144	69	75	0	126873
144	69	75	0	126873
128	70	64	0	126890
128	70	64	0	126890
144	67	88	0	127082
144	67	88	0	127082
128	69	64	0	127090
128	69	64	0	127090
144	55	81	0	127161
144	55	81	0	127161
144	59	81	0	127172
144	59	81	0	127172
128	67	64	0	127182
128	67	64	0	127182
128	59	64	0	127485
128	59	64	0	127490
144	67	88	0	127498
144	67	88	0	127498
128	55	64	0	127498
128	55	64	0	127505
144	69	83	0	127813
144	69	83	0	127813
128	67	64	0	127842
128	67	64	0	127842
144	70	83	0	128043
144	70	83	0	128043
128	69	64	0	128056
128	69	64	0	128056
144	69	74	0	128164
144	69	74	0	128170
128	70	64	0	128170
128	70	64	0	128170
128	69	64	0	128399
128	69	64	0	128404
144	55	93	0	128421
144	55	93	0	128426
144	59	96	0	128433
144	59	96	0	128433
144	67	88	0	128807
144	67	88	0	128807
128	59	64	0	129103
128	59	64	0	129103
128	55	64	0	129111
128	55	64	0	129111
144	69	86	0	129144
144	69	86	0	129144
128	67	64	0	129156
128	67	64	0	129156
128	69	64	0	129389
128	69	64	0	129389
144	70	85	0	129389
144	70	85	0	129395
144	69	65	0	129536
144	69	65	0	129536
128	70	64	0	129585
128	70	64	0	129585
144	55	83	0	129780
144	55	83	0	129780
144	59	94	0	129786
144	59	94	0	129786
128	69	64	0	129825
128	69	64	0	129832
144	67	90	0	130197
144	67	90	0	130197
128	55	64	0	130432
128	55	64	0	130437
128	59	64	0	130437
128	59	64	0	130437
144	69	77	0	130511
144	69	77	0	130511
128	67	64	0	130525
128	67	64	0	130525
128	69	64	0	130763
128	69	64	0	130763
144	70	84	0	130784
144	70	84	0	130784
144	69	81	0	130886
144	69	81	0	130886
128	70	64	0	130917
128	70	64	0	130917
144	55	87	0	131056
144	55	87	0	131056
144	59	87	0	131065
144	59	87	0	131065
128	69	64	0	131085
128	69	64	0	131085
144	62	87	0	131426
144	62	87	0	131426
128	59	64	0	131515
128	59	64	0	131520
128	55	64	0	131530
128	55	64	0	131530
144	65	82	0	131530
144	65	82	0	131537
128	62	64	0	131585
128	62	64	0	131585
144	66	85	0	131766
144	66	85	0	131771
128	65	64	0	131784
128	65	64	0	131784
144	65	76	0	131859
144	65	76	0	131859
128	66	64	0	131891
128	66	64	0	131891
144	62	90	0	132145
144	62	90	0	132145
128	65	64	0	132156
128	65	64	0	132156
144	55	68	0	132474
144	55	68	0	132474
128	62	64	0	132474
128	62	64	0	132474
144	57	70	0	132482
144	57	70	0	132482
144	59	78	0	132488
144	59	78	0	132488
128	57	64	0	132694
128	57	64	0	132694
144	62	80	0	132742
144	62	80	0	132742
128	55	64	0	132770
128	55	64	0	132770
144	65	79	0	132802
144	65	79	0	132802
128	59	64	0	132813
128	59	64	0	132813
128	62	64	0	132851
128	62	64	0	132856
144	66	85	0	133027
144	66	85	0	133027
128	65	64	0	133051
128	65	64	0	133051
144	65	74	0	133134
144	65	74	0	133139
128	66	64	0	133171
128	66	64	0	133171
144	62	93	0	133351
144	62	93	0	133356
128	65	64	0	133374
128	65	64	0	133374
144	59	90	0	133671
144	59	90	0	133676
144	55	87	0	133676
144	55	87	0	133676
128	62	64	0	133696
128	62	64	0	133696
144	62	87	0	134055
144	62	87	0	134055
128	59	64	0	134166
128	59	64	0	134166
128	55	64	0	134177
128	55	64	0	134177
144	65	86	0	134378
144	65	86	0	134378
128	62	64	0	134420
128	62	64	0	134421
144	66	84	0	134630
144	66	84	0	134630
128	65	64	0	134636
128	65	64	0	134636
144	65	72	0	134735
144	65	72	0	134741
128	66	64	0	134746
128	66	64	0	134746
144	59	91	0	134942
144	59	91	0	134948
144	55	87	0	134948
144	55	87	0	134948
128	65	64	0	134984
128	65	64	0	134984
144	62	75	0	135245
144	62	75	0	135245
128	59	64	0	135361
128	59	64	0	135361
144	65	80	0	135361
144	65	80	0	135369
128	55	64	0	135369
128	55	64	0	135369
128	62	64	0	135412
128	62	64	0	135412
128	65	64	0	135607
128	65	64	0	135607
144	66	81	0	135607
144	66	81	0	135613
144	65	74	0	135702
144	65	74	0	135702
128	66	64	0	135721
128	66	64	0	135721
144	62	96	0	135931
144	62	96	0	135931
128	65	64	0	135950
128	65	64	0	135950
128	62	64	0	136381
128	62	64	0	136381
144	67	93	0	136461
144	67	93	0	136467
144	55	84	0	136467
144	55	84	0	136467
144	59	82	0	136475
144	59	82	0	136475
128	59	64	0	136647
128	59	64	0	136652
128	55	64	0	136652
128	55	64	0	136652
128	67	64	0	136659
128	67	64	0	136659
144	67	77	0	136765
144	67	77	0	136765
144	69	56	0	137018
144	69	56	0	137018
128	67	64	0	137027
128	67	64	0	137027
144	55	76	0	137088
144	55	76	0	137093
144	59	77	0	137093
144	59	77	0	137093
144	70	85	0	137108
144	70	85	0	137108
128	69	64	0	137139
128	69	64	0	137144
128	59	64	0	137261
128	59	64	0	137267
128	55	64	0	137267
128	55	64	0	137272
128	70	64	0	137425
128	70	64	0	137425
144	71	96	0	137425
144	71	96	0	137430
128	71	64	0	137573
128	71	64	0	137578
144	55	89	0	137777
144	55	89	0	137777
144	59	89	0	137783
144	59	89	0	137783
144	74	86	0	137791
144	74	86	0	137791
128	74	64	0	138084
128	74	64	0	138084
144	71	88	0	138101
144	71	88	0	138101
128	55	64	0	138151
128	55	64	0	138156
128	59	64	0	138174
128	59	64	0	138174
128	71	64	0	138340
128	71	64	0	138340
144	74	71	0	138361
144	74	71	0	138361
144	55	83	0	138423
144	55	83	0	138423
144	59	80	0	138429
144	59	80	0	138429
144	75	85	0	138436
144	75	85	0	138436
128	74	64	0	138474
128	74	64	0	138479
144	77	86	0	138763
144	77	86	0	138763
128	75	64	0	138783
128	75	64	0	138783
128	59	64	0	138840
128	59	64	0	138840
128	55	64	0	138852
128	55	64	0	138852
128	77	64	0	138895
128	77	64	0	138895
144	59	94	0	139104
144	59	94	0	139104
144	55	93	0	139111
144	55	93	0	139111
144	78	93	0	139111
144	78	93	0	139117
144	77	79	0	139341
144	77	79	0	139341
128	78	64	0	139351
128	78	64	0	139351
128	55	64	0	139396
128	55	64	0	139396
128	59	64	0	139431
128	59	64	0	139431
144	75	89	0	139492
144	75	89	0	139497
128	77	64	0	139497
128	77	64	0	139497
128	75	64	0	139703
128	75	64	0	139703
144	74	103	0	139703
144	74	103	0	139710
144	59	93	0	139732
144	59	93	0	139732
144	55	90	0	139732
144	55	90	0	139740
128	74	64	0	140047
128	74	64	0	140047
144	75	82	0	140058
144	75	82	0	140058
128	55	64	0	140104
128	55	64	0	140104
128	59	64	0	140116
128	59	64	0	140116
144	74	80	0	140147
144	74	80	0	140152
128	75	64	0	140159
128	75	64	0	140159
128	74	64	0	140384
128	74	64	0	140384
144	73	85	0	140384
144	73	85	0	140391
144	55	95	0	140471
144	55	95	0	140471
144	59	96	0	140471
144	59	96	0	140478
144	74	86	0	140764
144	74	86	0	140769
128	73	64	0	140793
128	73	64	0	140799
128	55	64	0	140944
128	55	64	0	140950
128	59	64	0	140978
128	59	64	0	140984
144	55	94	0	141193
144	55	94	0	141198
144	59	89	0	141204
144	59	89	0	141209
128	59	64	0	141753
128	59	64	0	141759
128	55	64	0	141759
128	55	64	0	141759
128	74	64	0	141883
128	74	64	0	141883
144	67	89	0	141919
144	67	89	0	141924
144	55	87	0	141930
144	55	87	0	141935
144	59	85	0	141940
144	59	85	0	141946
128	59	64	0	142052
128	59	64	0	142057
128	55	64	0	142065
128	55	64	0	142070
128	67	64	0	142097
128	67	64	0	142098
144	55	57	0	142266
144	55	57	0	142271
144	74	81	0	142284
144	74	81	0	142289
144	62	75	0	142295
144	62	75	0	142300
128	55	64	0	142489
128	55	64	0	142494
128	62	64	0	142494
128	62	64	0	142500
144	67	83	0	142544
144	67	83	0	142549
128	74	64	0	142556
128	74	64	0	142561
144	71	81	0	142614
144	71	81	0	142619
128	67	64	0	142643
128	67	64	0	142648
144	55	91	0	142836
144	55	91	0	142836
144	62	85	0	142841
144	62	85	0	142846
144	67	92	0	142852
144	67	92	0	142852
128	71	64	0	142858
128	71	64	0	142863
128	55	64	0	143183
128	55	64	0	143189
128	62	64	0	143194
128	62	64	0	143194
144	73	81	0	143194
144	73	81	0	143194
128	67	64	0	143199
128	67	64	0	143199
144	72	85	0	143297
144	72	85	0	143297
128	73	64	0	143307
128	73	64	0	143312
144	55	90	0	143337
144	55	90	0	143337
144	62	81	0	143343
144	62	81	0	143348
144	67	85	0	143550
144	67	85	0	143555
128	72	64	0	143555
128	72	64	0	143555
128	62	64	0	143600
128	62	64	0	143606
128	55	64	0	143611
128	55	64	0	143611
144	72	63	0	143653
144	72	63	0	143653
128	67	64	0	143689
128	67	64	0	143694
128	72	64	0	143919
128	72	64	0	143919
144	67	82	0	143924
144	67	82	0	143929
144	62	80	0	143937
144	62	80	0	143942
144	55	89	0	143947
144	55	89	0	143953
144	72	80	0	144036
144	72	80	0	144041
128	67	64	0	144078
128	67	64	0	144083
144	71	90	0	144286
144	71	90	0	144286
128	62	64	0	144292
128	62	64	0	144292
128	72	64	0	144324
128	72	64	0	144329
128	55	64	0	144335
128	55	64	0	144340
128	71	64	0	144687
128	71	64	0	144692
144	62	84	0	144698
144	62	84	0	144703
144	55	91	0	144708
144	55	91	0	144713
144	67	86	0	144999
144	67	86	0	145004
128	55	64	0	145144
128	55	64	0	145149
128	62	64	0	145178
128	62	64	0	145183
128	67	64	0	145248
128	67	64	0	145253
144	71	81	0	145262
144	71	81	0	145262
144	55	84	0	145324
144	55	84	0	145324
144	62	82	0	145334
144	62	82	0	145334
128	71	64	0	145548
128	71	64	0	145548
144	67	85	0	145556
144	67	85	0	145561
128	55	64	0	145661
128	55	64	0	145666
128	62	64	0	145672
128	62	64	0	145677
144	70	85	0	145684
144	70	85	0	145689
128	67	64	0	145717
128	67	64	0	145722
144	55	90	0	145884
144	55	90	0	145889
144	62	82	0	145894
144	62	82	0	145894
128	70	64	0	146204
128	70	64	0	146209
144	67	86	0	146209
144	67	86	0	146209
128	55	64	0	146267
128	55	64	0	146272
128	62	64	0	146286
128	62	64	0	146291
144	69	78	0	146297
144	69	78	0	146302
128	67	64	0	146345
128	67	64	0	146350
144	55	93	0	146562
144	55	93	0	146567
144	62	86	0	146573
144	62	86	0	146578
144	67	92	0	146761
144	67	92	0	146761
128	69	64	0	146781
128	69	64	0	146786
128	55	64	0	147051
128	55	64	0	147056
128	62	64	0	147071
128	62	64	0	147076
128	67	64	0	147359
128	67	64	0	147364
144	62	86	0	147428
144	62	86	0	147433
144	55	87	0	147438
144	55	87	0	147443
128	62	64	0	147750
128	62	64	0	147755
128	55	64	0	147775
128	55	64	0	147780
144	67	89	0	147787
144	67	89	0	147793
144	55	82	0	148035
144	55	82	0	148040
144	62	80	0	148045
144	62	80	0	148050
128	67	64	0	148075
128	67	64	0	148080
144	74	85	0	148321
144	74	85	0	148326
128	62	64	0	148417
128	62	64	0	148422
128	55	64	0	148435
128	55	64	0	148435
144	55	83	0	148629
144	55	83	0	148635
144	62	82	0	148640
144	62	82	0	148645
128	74	64	0	148706
128	74	64	0	148711
144	67	88	0	148767
144	67	88	0	148772
128	62	64	0	148877
128	62	64	0	148877
128	55	64	0	148894
128	55	64	0	148894
128	67	64	0	149080
128	67	64	0	149080
144	79	92	0	149095
144	79	92	0	149095
144	55	75	0	149434
144	55	75	0	149439
144	62	72	0	149459
144	62	72	0	149465
144	77	83	0	149672
144	77	83	0	149678
128	62	64	0	149683
128	62	64	0	149688
128	55	64	0	149694
128	55	64	0	149694
128	79	64	0	149694
128	79	64	0	149694
144	75	82	0	149996
144	75	82	0	150002
128	77	64	0	150040
128	77	64	0	150045
144	55	78	0	150097
144	55	78	0	150103
144	61	83	0	150108
144	61	83	0	150113
128	75	64	0	150245
128	75	64	0	150251
144	77	90	0	150417
144	77	90	0	150423
128	55	64	0	150536
128	55	64	0	150541
128	61	64	0	150547
128	61	64	0	150553
128	77	64	0	150689
128	77	64	0	150689
144	61	84	0	150761
144	61	84	0	150767
144	55	81	0	150772
144	55	81	0	150777
144	79	92	0	150942
144	79	92	0	150943
128	55	64	0	151161
128	55	64	0	151161
128	61	64	0	151199
128	61	64	0	151204
144	80	87	0	151230
144	80	87	0	151236
128	79	64	0	151264
128	79	64	0	151270
144	55	91	0	151376
144	55	91	0	151376
144	61	86	0	151382
144	61	86	0	151388
144	82	84	0	151637
144	82	84	0	151637
128	80	64	0	151653
128	80	64	0	151659
128	55	64	0	151904
128	55	64	0	151904
128	61	64	0	151916
128	61	64	0	151922
144	61	66	0	152019
144	61	66	0	152019
144	55	73	0	152024
144	55	73	0	152029
128	82	64	0	152220
128	82	64	0	152226
144	83	94	0	152226
144	83	94	0	152226
128	55	64	0	152527
128	55	64	0	152527
128	61	64	0	152583
128	61	64	0	152583
144	55	94	0	152789
144	55	94	0	152789
144	60	93	0	152796
144	60	93	0	152796
128	83	64	0	152837
128	83	64	0	152842
128	60	64	0	153075
128	60	64	0	153075
128	55	64	0	153111
128	55	64	0	153116
144	84	95	0	153138
144	84	95	0	153143
144	87	89	0	153375
144	87	89	0	153375
128	84	64	0	153389
128	84	64	0	153389
144	55	88	0	153470
144	55	88	0	153470
144	60	87	0	153470
144	60	87	0	153477
144	84	69	0	153737
144	84	69	0	153737
128	87	64	0	153752
128	87	64	0	153752
144	86	50	0	153770
144	86	50	0	153776
128	60	64	0	153776
128	60	64	0	153776
128	55	64	0	153795
128	55	64	0	153795
128	86	64	0	153849
128	86	64	0	153854
144	83	82	0	153875
144	83	82	0	153875
128	84	64	0	153942
128	84	64	0	153947
144	55	96	0	154208
144	55	96	0	154213
144	60	97	0	154213
144	60	97	0	154213
144	86	96	0	154219
144	86	96	0	154219
128	83	64	0	154241
128	83	64	0	154241
128	55	64	0	154546
128	55	64	0	154546
144	83	94	0	154565
144	83	94	0	154565
128	60	64	0	154565
128	60	64	0	154565
128	86	64	0	154573
128	86	64	0	154573
144	79	101	0	154778
144	79	101	0	154783
128	83	64	0	154783
128	83	64	0	154783
144	60	86	0	154868
144	60	86	0	154868
144	55	90	0	154868
144	55	90	0	154875
128	60	64	0	155388
128	60	64	0	155388
128	55	64	0	155394
128	55	64	0	155394
128	79	64	0	155435
128	79	64	0	155435
144	55	89	0	155530
144	55	89	0	155530
144	60	92	0	155540
144	60	92	0	155540
128	60	64	0	155821
128	60	64	0	155821
144	84	95	0	155884
144	84	95	0	155884
128	55	64	0	155896
128	55	64	0	155896
144	87	97	0	156124
144	87	97	0	156129
144	60	87	0	156156
144	60	87	0	156161
128	84	64	0	156161
128	84	64	0	156161
144	55	76	0	156167
144	55	76	0	156167
144	90	92	0	156456
144	90	92	0	156456
128	87	64	0	156479
128	87	64	0	156479
128	60	64	0	156577
128	60	64	0	156577
128	55	64	0	156608
128	55	64	0	156613
144	87	91	0	156794
144	87	91	0	156794
128	90	64	0	156813
128	90	64	0	156813
144	84	101	0	156909
144	84	101	0	156909
144	60	78	0	156915
144	60	78	0	156920
144	55	80	0	156920
144	55	80	0	156920
128	87	64	0	156929
128	87	64	0	156929
128	84	64	0	157186
128	84	64	0	157186
128	55	64	0	157235
128	55	64	0	157235
144	87	88	0	157260
144	87	88	0	157260
128	60	64	0	157293
128	60	64	0	157293
144	84	81	0	157478
144	84	81	0	157478
128	87	64	0	157500
128	87	64	0	157500
144	55	86	0	157578
144	55	86	0	157583
144	60	84	0	157583
144	60	84	0	157583
144	81	88	0	157592
144	81	88	0	157592
128	84	64	0	157622
128	84	64	0	157627
128	81	64	0	157802
128	81	64	0	157802
144	84	80	0	157817
144	84	80	0	157817
128	60	64	0	157897
128	60	64	0	157897
144	81	71	0	157908
144	81	71	0	157913
128	84	64	0	157919
128	84	64	0	157919
128	55	64	0	157955
128	55	64	0	157955
128	81	64	0	158147
128	81	64	0	158152
144	78	82	0	158152
144	78	82	0	158152
128	78	64	0	158262
128	78	64	0	158262
144	55	93	0	158268
144	55	93	0	158268
144	60	91	0	158268
144	60	91	0	158276
144	79	105	0	158276
144	79	105	0	158276
128	79	64	0	158529
128	79	64	0	158529
128	55	64	0	158585
128	55	64	0	158585
128	60	64	0	158601
128	60	64	0	158601
144	79	65	0	158623
144	79	65	0	158623
144	77	62	0	158647
144	77	62	0	158647
128	77	64	0	158716
128	77	64	0	158716
128	79	64	0	158855
128	79	64	0	158860
144	74	86	0	158860
144	74	86	0	158860
144	60	89	0	158948
144	60	89	0	158953
144	55	90	0	158953
144	55	90	0	158959
144	79	67	0	158975
144	79	67	0	158975
128	74	64	0	159004
128	74	64	0	159004
144	78	81	0	159180
144	78	81	0	159180
128	79	64	0	159239
128	79	64	0	159239
144	75	88	0	159291
144	75	88	0	159297
128	78	64	0	159340
128	78	64	0	159340
128	60	64	0	159340
128	60	64	0	159347
128	55	64	0	159361
128	55	64	0	159361
128	75	64	0	159502
128	75	64	0	159502
144	72	90	0	159510
144	72	90	0	159510
144	60	83	0	159626
144	60	83	0	159626
144	55	84	0	159632
144	55	84	0	159632
144	69	92	0	159637
144	69	92	0	159637
128	72	64	0	159686
128	72	64	0	159691
128	69	64	0	159897
128	69	64	0	159902
144	72	94	0	159963
144	72	94	0	159963
128	55	64	0	160099
128	55	64	0	160099
128	60	64	0	160119
128	60	64	0	160120
128	72	64	0	160145
128	72	64	0	160146
144	60	100	0	160315
144	60	100	0	160315
144	55	100	0	160322
144	55	100	0	160322
144	75	91	0	160339
144	75	91	0	160339
144	74	89	0	160683
144	74	89	0	160688
128	75	64	0	160721
128	75	64	0	160727
128	60	64	0	160753
128	60	64	0	160759
128	55	64	0	160759
128	55	64	0	160759
128	74	64	0	160936
128	74	64	0	160941
144	55	90	0	160992
144	55	90	0	160993
144	62	89	0	161002
144	62	89	0	161002
144	75	84	0	161346
144	75	84	0	161346
128	62	64	0	161521
128	62	64	0	161527
128	55	64	0	161527
128	55	64	0	161527
144	72	77	0	161559
144	72	77	0	161559
128	75	64	0	161559
128	75	64	0	161559
144	69	88	0	161673
144	69	88	0	161673
144	55	83	0	161700
144	55	83	0	161700
144	62	82	0	161708
144	62	82	0	161708
128	72	64	0	161714
128	72	64	0	161714
128	69	64	0	161915
128	69	64	0	161915
144	72	92	0	161930
144	72	92	0	161930
144	69	82	0	162065
144	69	82	0	162071
128	62	64	0	162071
128	62	64	0	162071
128	55	64	0	162095
128	55	64	0	162101
128	72	64	0	162101
128	72	64	0	162101
144	68	94	0	162348
144	68	94	0	162354
128	69	64	0	162374
128	69	64	0	162374
144	55	92	0	162459
144	55	92	0	162459
144	62	90	0	162465
144	62	90	0	162465
144	67	98	0	162488
144	67	98	0	162488
128	68	64	0	162518
128	68	64	0	162523
128	67	64	0	162790
128	67	64	0	162791
144	67	85	0	162858
144	67	85	0	162863
128	55	64	0	163024
128	55	64	0	163024
128	62	64	0	163052
128	62	64	0	163052
128	67	64	0	163078
128	67	64	0	163083
144	71	80	0	163083
144	71	80	0	163089
144	67	80	0	163194
144	67	80	0	163194
144	62	69	0	163214
144	62	69	0	163214
128	71	64	0	163214
128	71	64	0	163220
144	55	68	0	163220
144	55	68	0	163226
144	66	78	0	163458
144	66	78	0	163458
128	67	64	0	163466
128	67	64	0	163466
128	66	64	0	163505
128	66	64	0	163505
144	67	82	0	163536
144	67	82	0	163536
128	62	64	0	163607
128	62	64	0	163612
128	55	64	0	163612
128	55	64	0	163612
128	67	64	0	163766
128	67	64	0	163766
144	66	81	0	163777
144	66	81	0	163777
128	66	64	0	163831
128	66	64	0	163836
144	67	91	0	163873
144	67	91	0	163873
144	55	80	0	163884
144	55	80	0	163884
144	61	86	0	163890
144	61	86	0	163890
128	67	64	0	164078
128	67	64	0	164083
128	61	64	0	164106
128	61	64	0	164111
128	55	64	0	164123
128	55	64	0	164123
144	67	89	0	164226
144	67	89	0	164226
128	67	64	0	164402
128	67	64	0	164402
144	67	88	0	164574
144	67	88	0	164580
144	61	91	0	164585
144	61	91	0	164585
144	55	87	0	164585
144	55	87	0	164585
128	67	64	0	164716
128	67	64	0	164721
144	67	85	0	164883
144	67	85	0	164888
128	55	64	0	164962
128	55	64	0	164968
128	61	64	0	165037
128	61	64	0	165042
128	67	64	0	165107
128	67	64	0	165107
144	66	77	0	165113
144	66	77	0	165119
144	67	92	0	165245
144	67	92	0	165251
144	55	83	0	165256
144	55	83	0	165261
144	60	87	0	165266
144	60	87	0	165272
128	66	64	0	165277
128	66	64	0	165282
128	67	64	0	165413
128	67	64	0	165413
144	67	80	0	165576
144	67	80	0	165576
128	60	64	0	165752
128	60	64	0	165752
128	55	64	0	165758
128	55	64	0	165758
128	67	64	0	165824
128	67	64	0	165830
144	69	65	0	165830
144	69	65	0	165835
144	60	90	0	165902
144	60	90	0	165902
144	55	87	0	165908
144	55	87	0	165914
144	70	80	0	165919
144	70	80	0	165924
128	69	64	0	165956
128	69	64	0	165956
144	71	83	0	166250
144	71	83	0	166255
128	70	64	0	166261
128	70	64	0	166266
128	60	64	0	166311
128	60	64	0	166311
128	55	64	0	166316
128	55	64	0	166322
128	71	64	0	166380
128	71	64	0	166380
144	55	93	0	166580
144	55	93	0	166586
144	59	89	0	166591
144	59	89	0	166596
144	71	102	0	166608
144	71	102	0	166608
144	72	81	0	166918
144	72	81	0	166924
128	71	64	0	166933
128	71	64	0	166938
144	71	83	0	167117
144	71	83	0	167122
128	55	64	0	167128
128	55	64	0	167133
128	59	64	0	167138
128	59	64	0	167138
128	72	64	0	167138
128	72	64	0	167138
144	72	74	0	167225
144	72	74	0	167225
144	59	81	0	167263
144	59	81	0	167263
144	55	86	0	167269
144	55	86	0	167269
128	71	64	0	167281
128	71	64	0	167281
144	74	74	0	167489
144	74	74	0	167489
128	72	64	0	167505
128	72	64	0	167505
144	75	79	0	167617
144	75	79	0	167617
128	74	64	0	167624
128	74	64	0	167624
128	59	64	0	167654
128	59	64	0	167654
128	55	64	0	167654
128	55	64	0	167659
144	74	81	0	167818
144	74	81	0	167818
128	75	64	0	167828
128	75	64	0	167828
144	55	89	0	167898
144	55	89	0	167898
144	59	84	0	167898
144	59	84	0	167904
128	55	64	0	168430
128	55	64	0	168430
128	59	64	0	168452
128	59	64	0	168452
144	59	71	0	168561
144	59	71	0	168561
144	55	73	0	168580
144	55	73	0	168580
128	59	64	0	169028
128	59	64	0	169033
128	55	64	0	169033
128	55	64	0	169033
128	74	64	0	169149
128	74	64	0	169149
144	55	78	0	169202
144	55	78	0	169202
144	59	68	0	169202
144	59	68	0	169210
144	67	79	0	169210
144	67	79	0	169216
128	67	64	0	169457
128	67	64	0	169457
128	55	64	0	169518
128	55	64	0	169518
128	59	64	0	169523
128	59	64	0	169523
144	71	75	0	169529
144	71	75	0	169529
128	71	64	0	169733
128	71	64	0	169733
144	74	63	0	169775
144	74	63	0	169775
144	55	68	0	169826
144	55	68	0	169826
144	59	50	0	169853
144	59	50	0	169853
144	75	81	0	169871
144	75	81	0	169871
128	74	64	0	169907
128	74	64	0	169907
128	59	64	0	169982
128	59	64	0	169982
128	75	64	0	169990
128	75	64	0	169990
128	55	64	0	170002
128	55	64	0	170002
144	67	82	0	170193
144	67	82	0	170193
128	67	64	0	170371
128	67	64	0	170371
144	55	82	0	170519
144	55	82	0	170524
144	71	86	0	170529
144	71	86	0	170529
144	59	84	0	170529
144	59	84	0	170536
128	71	64	0	170804
128	71	64	0	170804
144	74	71	0	170819
144	74	71	0	170819
144	75	79	0	170878
144	75	79	0	170878
128	59	64	0	170907
128	59	64	0	170907
128	55	64	0	170917
128	55	64	0	170917
128	74	64	0	170926
128	74	64	0	170926
128	75	64	0	170984
128	75	64	0	170984
144	67	89	0	171139
144	67	89	0	171139
144	55	86	0	171204
144	55	86	0	171204
144	59	80	0	171213
144	59	80	0	171218
128	55	64	0	171720
128	55	64	0	171725
128	59	64	0	171747
128	59	64	0	171747
128	67	64	0	171784
128	67	64	0	171784
144	55	84	0	171906
144	55	84	0	171906
144	59	81	0	171912
144	59	81	0	171912
144	67	85	0	171919
144	67	85	0	171919
128	67	64	0	172071
128	67	64	0	172071
128	59	64	0	172078
128	59	64	0	172083
128	55	64	0	172099
128	55	64	0	172104
144	71	86	0	172288
144	71	86	0	172293
128	71	64	0	172516
128	71	64	0	172521
144	74	68	0	172549
144	74	68	0	172554
144	55	86	0	172593
144	55	86	0	172598
144	59	78	0	172603
144	59	78	0	172608
144	75	80	0	172655
144	75	80	0	172660
128	74	64	0	172700
128	74	64	0	172705
128	59	64	0	172842
128	59	64	0	172847
128	75	64	0	172852
128	75	64	0	172858
128	55	64	0	172884
128	55	64	0	172889
144	67	53	0	172962
144	67	53	0	172967
128	67	64	0	173159
128	67	64	0	173159
144	55	80	0	173323
144	55	80	0	173323
144	59	78	0	173328
144	59	78	0	173328
144	71	81	0	173328
144	71	81	0	173334
128	71	64	0	173577
128	71	64	0	173577
144	74	61	0	173577
144	74	61	0	173584
128	55	64	0	173663
128	55	64	0	173663
128	59	64	0	173663
128	59	64	0	173663
144	75	69	0	173710
144	75	69	0	173715
128	74	64	0	173750
128	74	64	0	173755
128	75	64	0	173837
128	75	64	0	173842
144	67	74	0	173877
144	67	74	0	173882
144	55	73	0	173920
144	55	73	0	173925
144	59	72	0	173932
144	59	72	0	173937
144	77	80	0	174214
144	77	80	0	174219
128	67	64	0	174256
128	67	64	0	174261
128	55	64	0	174580
128	55	64	0	174585
128	77	64	0	174610
128	77	64	0	174610
128	59	64	0	174610
128	59	64	0	174616
144	78	80	0	174622
144	78	80	0	174622
144	55	72	0	174745
144	55	72	0	174745
144	79	86	0	174754
144	79	86	0	174754
128	78	64	0	174764
128	78	64	0	174764
144	59	72	0	174772
144	59	72	0	174772
128	79	64	0	174969
128	79	64	0	174969
128	59	64	0	174985
128	59	64	0	174985
128	55	64	0	175025
128	55	64	0	175025
144	79	85	0	175123
144	79	85	0	175123
144	55	75	0	175425
144	55	75	0	175425
144	59	76	0	175426
144	59	76	0	175433
144	71	73	0	175433
144	71	73	0	175433
128	79	64	0	175449
128	79	64	0	175449
128	71	64	0	175682
128	71	64	0	175682
144	79	87	0	175687
144	79	87	0	175687
128	59	64	0	175750
128	59	64	0	175750
128	55	64	0	175774
128	55	64	0	175774
128	79	64	0	175864
128	79	64	0	175864
144	79	81	0	176013
144	79	81	0	176018
144	71	63	0	176091
144	71	63	0	176096
144	55	69	0	176117
144	55	69	0	176117
144	59	67	0	176124
144	59	67	0	176124
128	79	64	0	176143
128	79	64	0	176143
128	71	64	0	176454
128	71	64	0	176454
144	69	78	0	176464
144	69	78	0	176470
128	59	64	0	176507
128	59	64	0	176507
128	55	64	0	176530
128	55	64	0	176530
144	78	73	0	176669
144	78	73	0	176674
128	69	64	0	176674
128	69	64	0	176681
144	55	70	0	176815
144	55	70	0	176815
144	59	69	0	176815
144	59	69	0	176821
128	78	64	0	176920
128	78	64	0	176920
128	59	64	0	177044
128	59	64	0	177045
144	69	85	0	177061
144	69	85	0	177061
128	55	64	0	177080
128	55	64	0	177080
128	69	64	0	177244
128	69	64	0	177244
144	69	77	0	177380
144	69	77	0	177380
144	55	68	0	177500
144	55	68	0	177505
144	59	78	0	177505
144	59	78	0	177505
144	68	85	0	177532
144	68	85	0	177532
144	53	53	0	177543
144	53	53	0	177543
128	69	64	0	177562
128	69	64	0	177567
128	53	64	0	177610
128	53	64	0	177610
144	77	73	0	177830
144	77	73	0	177830
128	68	64	0	177841
128	68	64	0	177841
128	59	64	0	177916
128	59	64	0	177916
128	55	64	0	177940
128	55	64	0	177940
128	77	64	0	178030
128	77	64	0	178030
144	55	77	0	178171
144	55	77	0	178171
144	59	60	0	178195
144	59	60	0	178195
144	60	51	0	178224
144	60	51	0	178224
144	68	87	0	178224
144	68	87	0	178232
128	60	64	0	178290
128	60	64	0	178290
144	77	85	0	178404
144	77	85	0	178404
128	68	64	0	178430
128	68	64	0	178430
128	55	64	0	178523
128	55	64	0	178523
128	59	64	0	178561
128	59	64	0	178561
144	68	81	0	178702
144	68	81	0	178702
128	77	64	0	178733
128	77	64	0	178738
144	55	68	0	178825
144	55	68	0	178825
144	59	68	0	178836
144	59	68	0	178836
144	67	79	0	178870
144	67	79	0	178870
128	68	64	0	178885
128	68	64	0	178885
144	76	77	0	179008
144	76	77	0	179008
128	67	64	0	179050
128	67	64	0	179050
144	67	69	0	179121
144	67	69	0	179121
128	76	64	0	179133
128	76	64	0	179134
128	55	64	0	179165
128	55	64	0	179165
128	59	64	0	179165
128	59	64	0	179165
144	66	88	0	179212
144	66	88	0	179212
128	67	64	0	179244
128	67	64	0	179244
144	75	83	0	179352
144	75	83	0	179352
128	66	64	0	179364
128	66	64	0	179364
144	55	61	0	179480
144	55	61	0	179480
144	66	58	0	179488
144	66	58	0	179488
144	59	57	0	179511
144	59	57	0	179511
128	75	64	0	179520
128	75	64	0	179520
144	65	79	0	179560
144	65	79	0	179560
128	66	64	0	179590
128	66	64	0	179590
144	74	81	0	179670
144	74	81	0	179675
128	65	64	0	179689
128	65	64	0	179689
144	65	59	0	179779
144	65	59	0	179785
128	74	64	0	179802
128	74	64	0	179807
128	55	64	0	179813
128	55	64	0	179813
128	59	64	0	179846
128	59	64	0	179846
144	64	88	0	179873
144	64	88	0	179879
128	65	64	0	179914
128	65	64	0	179914
144	72	70	0	180004
144	72	70	0	180004
128	64	64	0	180016
128	64	64	0	180017
144	63	94	0	180167
144	63	94	0	180167
128	72	64	0	180173
128	72	64	0	180179
144	59	60	0	180335
144	59	60	0	180335
144	73	89	0	180341
144	73	89	0	180346
144	55	66	0	180352
144	55	66	0	180357
128	63	64	0	180362
128	63	64	0	180362
144	63	64	0	180684
144	63	64	0	180689
128	73	64	0	180755
128	73	64	0	180760
128	55	64	0	180810
128	55	64	0	180810
128	59	64	0	180845
128	59	64	0	180851
144	73	68	0	181003
144	73	68	0	181009
128	63	64	0	181014
128	63	64	0	181014
144	55	72	0	181065
144	55	72	0	181070
144	59	68	0	181076
144	59	68	0	181076
144	63	63	0	181366
144	63	63	0	181371
128	73	64	0	181377
128	73	64	0	181382
128	55	64	0	181516
128	55	64	0	181521
128	59	64	0	181580
128	59	64	0	181585
144	73	66	0	181622
144	73	66	0	181627
128	63	64	0	181674
128	63	64	0	181679
144	55	72	0	181744
144	55	72	0	181744
128	73	64	0	181751
128	73	64	0	181756
144	74	73	0	181762
144	74	73	0	181767
144	59	77	0	181772
144	59	77	0	181778
144	62	74	0	181795
144	62	74	0	181800
144	64	73	0	181806
144	64	73	0	181806
128	64	64	0	182246
128	64	64	0	182246
128	55	64	0	182325
128	55	64	0	182325
128	59	64	0	182374
128	59	64	0	182374
144	55	65	0	182522
144	55	65	0	182527
144	59	66	0	182533
144	59	66	0	182538
128	62	64	0	182863
128	62	64	0	182863
128	74	64	0	182975
128	74	64	0	182975
128	55	64	0	183092
128	55	64	0	183097
128	59	64	0	183132
128	59	64	0	183138
144	63	75	0	183222
144	63	75	0	183227
144	59	66	0	183232
144	59	66	0	183232
144	55	79	0	183232
144	55	79	0	183239
144	73	79	0	183596
144	73	79	0	183596
128	63	64	0	183649
128	63	64	0	183654
128	59	64	0	183696
128	59	64	0	183701
128	55	64	0	183707
128	55	64	0	183707
144	63	86	0	183938
144	63	86	0	183938
144	55	71	0	183944
144	55	71	0	183949
144	59	67	0	183949
144	59	67	0	183949
128	73	64	0	183949
128	73	64	0	183955
144	73	89	0	184189
144	73	89	0	184194
128	63	64	0	184230
128	63	64	0	184236
128	73	64	0	184410
128	73	64	0	184416
144	73	46	0	184470
144	73	46	0	184470
144	63	80	0	184521
144	63	80	0	184521
128	55	64	0	184554
128	55	64	0	184554
128	73	64	0	184564
128	73	64	0	184564
128	59	64	0	184620
128	59	64	0	184620
128	63	64	0	184684
128	63	64	0	184689
144	62	62	0	184741
144	62	62	0	184741
144	55	75	0	184741
144	55	75	0	184748
144	59	72	0	184748
144	59	72	0	184748
144	74	63	0	184759
144	74	63	0	184759
144	64	51	0	184767
144	64	51	0	184767
128	64	64	0	184832
128	64	64	0	184832
128	55	64	0	185364
128	55	64	0	185364
128	59	64	0	185379
128	59	64	0	185379
144	59	53	0	185487
144	59	53	0	185487
144	55	51	0	185496
144	55	51	0	185496
128	55	64	0	186059
128	55	64	0	186064
128	59	64	0	186105
128	59	64	0	186110
128	74	64	0	186180
128	74	64	0	186180
128	62	64	0	186221
128	62	64	0	186221
144	55	69	0	186279
144	55	69	0	186284
144	59	69	0	186295
144	59	69	0	186295
128	59	64	0	186397
128	59	64	0	186402
128	55	64	0	186402
128	55	64	0	186402
144	62	80	0	186663
144	62	80	0	186663
144	67	64	0	186900
144	67	64	0	186905
128	62	64	0	186920
128	62	64	0	186925
144	66	80	0	186999
144	66	80	0	186999
128	67	64	0	187038
128	67	64	0	187038
144	65	66	0	187233
144	65	66	0	187233
128	66	64	0	187233
128	66	64	0	187233
144	63	87	0	187354
144	63	87	0	187354
128	65	64	0	187367
128	65	64	0	187367
128	63	64	0	187550
128	63	64	0	187550
144	62	53	0	187583
144	62	53	0	187583
144	60	44	0	187622
144	60	44	0	187622
128	62	64	0	187669
128	62	64	0	187669
128	60	64	0	187956
128	60	64	0	187956
144	62	79	0	187964
144	62	79	0	187965
128	62	64	0	188099
128	62	64	0	188099
144	63	84	0	188320
144	63	84	0	188321
144	62	81	0	188633
144	62	81	0	188633
128	63	64	0	188644
128	63	64	0	188644
128	62	64	0	188774
128	62	64	0	188779
144	55	95	0	188985
144	55	95	0	188985
144	59	85	0	189346
144	59	85	0	189346
128	55	64	0	189352
128	55	64	0	189352
128	59	64	0	189490
128	59	64	0	189490
144	60	55	0	189676
144	60	55	0	189676
144	62	66	0	189683
144	62	66	0	189683
128	62	64	0	189934
128	62	64	0	189934
128	60	64	0	189982
128	60	64	0	189982
144	62	68	0	190007
144	62	68	0	190007
128	62	64	0	190232
128	62	64	0	190232
144	63	86	0	190413
144	63	86	0	190413
128	63	64	0	190695
128	63	64	0	190695
144	62	75	0	190716
144	62	75	0	190721
144	63	69	0	190885
144	63	69	0	190885
128	62	64	0	190885
128	62	64	0	190890
128	63	64	0	190998
128	63	64	0	191003
144	65	80	0	191019
144	65	80	0	191019
128	65	64	0	191236
128	65	64	0	191236
144	66	69	0	191252
144	66	69	0	191252
128	66	64	0	191307
128	66	64	0	191307
144	65	71	0	191346
144	65	71	0	191346
128	65	64	0	191550
128	65	64	0	191550
144	63	79	0	191598
144	63	79	0	191603
144	62	89	0	191685
144	62	89	0	191685
128	63	64	0	191721
128	63	64	0	191726
128	62	64	0	191850
128	62	64	0	191850
144	55	84	0	192027
144	55	84	0	192032
128	55	64	0	192136
128	55	64	0	192136
144	59	82	0	192369
144	59	82	0	192369
144	60	83	0	192694
144	60	83	0	192694
128	59	64	0	192712
128	59	64	0	192712
128	60	64	0	192827
128	60	64	0	192827
144	62	89	0	193045
144	62	89	0	193045
128	62	64	0	193346
128	62	64	0	193346
144	55	73	0	193416
144	55	73	0	193416
128	55	64	0	193502
128	55	64	0	193502
144	59	82	0	193743
144	59	82	0	193743
144	57	62	0	194090
144	57	62	0	194090
128	59	64	0	194103
128	59	64	0	194108
128	57	64	0	194144
128	57	64	0	194144
144	54	94	0	194415
144	54	94	0	194415
144	57	72	0	194746
144	57	72	0	194746
128	54	64	0	194752
128	54	64	0	194757
128	57	64	0	194870
128	57	64	0	194870
144	55	92	0	195097
144	55	92	0	195097
144	54	74	0	195431
144	54	74	0	195431
128	55	64	0	195441
128	55	64	0	195447
128	54	64	0	195495
128	54	64	0	195500
144	52	93	0	195745
144	52	93	0	195751
144	55	75	0	196041
144	55	75	0	196047
128	52	64	0	196047
128	52	64	0	196047
128	55	64	0	196169
128	55	64	0	196169
144	54	86	0	196402
144	54	86	0	196402
144	52	80	0	196727
144	52	80	0	196733
128	54	64	0	196745
128	54	64	0	196745
128	52	64	0	196862
128	52	64	0	196862
144	50	90	0	197061
144	50	90	0	197066
128	50	64	0	197401
128	50	64	0	197407
144	54	77	0	197413
144	54	77	0	197418
128	54	64	0	197462
128	54	64	0	197467
144	48	88	0	197748
144	48	88	0	197753
144	54	80	0	198079
144	54	80	0	198084
128	48	64	0	198107
128	48	64	0	198112
128	54	64	0	198131
128	54	64	0	198136
144	47	95	0	198423
144	47	95	0	198428
144	54	85	0	198757
144	54	85	0	198762
128	47	64	0	198791
128	47	64	0	198796
128	54	64	0	198870
128	54	64	0	198875
144	44	86	0	199096
144	44	86	0	199101
144	54	75	0	199423
144	54	75	0	199428
128	44	64	0	199455
128	44	64	0	199460
128	54	64	0	199549
128	54	64	0	199554
144	43	55	0	199744
144	43	55	0	199749
128	43	64	0	200081
128	43	64	0	200086
144	55	75	0	200105
144	55	75	0	200110
128	55	64	0	200236
128	55	64	0	200241
144	53	44	0	200475
144	53	44	0	200480
144	55	45	0	200487
144	55	45	0	200492
128	53	64	0	200667
128	53	64	0	200672
128	55	64	0	200710
128	55	64	0	200715
144	59	64	0	200755
144	59	64	0	200760
128	59	64	0	201003
128	59	64	0	201008
144	62	63	0	201081
144	62	63	0	201086
128	62	64	0	201365
128	62	64	0	201370
144	63	66	0	201402
144	63	66	0	201402
128	63	64	0	201686
128	63	64	0	201691
144	62	51	0	201733
144	62	51	0	201738
128	62	64	0	202080
128	62	64	0	202085
144	60	54	0	202090
144	60	54	0	202095
128	60	64	0	202173
128	60	64	0	202178
144	59	87	0	202390
144	59	87	0	202390
128	59	64	0	202598
128	59	64	0	202603
144	60	62	0	202634
144	60	62	0	202639
128	60	64	0	202728
128	60	64	0	202733
144	62	53	0	202733
144	62	53	0	202733
128	62	64	0	202909
128	62	64	0	202914
144	63	60	0	202944
144	63	60	0	202944
128	63	64	0	202996
128	63	64	0	203001
144	65	81	0	203047
144	65	81	0	203052
128	65	64	0	203251
128	65	64	0	203256
144	66	64	0	203274
144	66	64	0	203274
128	66	64	0	203327
128	66	64	0	203332
144	65	62	0	203374
144	65	62	0	203374
128	65	64	0	203521
128	65	64	0	203526
144	63	68	0	203605
144	63	68	0	203610
128	63	64	0	203686
128	63	64	0	203691
144	62	78	0	203696
144	62	78	0	203701
128	62	64	0	203866
128	62	64	0	203871
144	67	69	0	204004
144	67	69	0	204009
144	69	48	0	204044
144	69	48	0	204049
128	69	64	0	204101
128	69	64	0	204101
128	67	64	0	204151
128	67	64	0	204156
144	60	82	0	204345
144	60	82	0	204350
144	59	75	0	204658
144	59	75	0	204663
128	60	64	0	204669
128	60	64	0	204674
128	59	64	0	204732
128	59	64	0	204737
144	55	89	0	204986
144	55	89	0	204991
144	59	71	0	205325
144	59	71	0	205330
128	55	64	0	205346
128	55	64	0	205346
128	59	64	0	205440
128	59	64	0	205445
144	60	66	0	205670
144	60	66	0	205676
144	62	75	0	205676
144	62	75	0	205676
128	60	64	0	206012
128	60	64	0	206017
128	62	64	0	206138
128	62	64	0	206143
144	63	87	0	206380
144	63	87	0	206386
128	63	64	0	206714
128	63	64	0	206719
144	62	75	0	206724
144	62	75	0	206729
128	62	64	0	206793
128	62	64	0	206798
144	63	80	0	206959
144	63	80	0	206965
144	62	84	0	207018
144	62	84	0	207024
128	63	64	0	207051
128	63	64	0	207051
128	62	64	0	207236
128	62	64	0	207242
144	60	83	0	207247
144	60	83	0	207247
144	59	83	0	207342
144	59	83	0	207348
128	60	64	0	207360
128	60	64	0	207366
128	59	64	0	207462
128	59	64	0	207468
144	55	95	0	207706
144	55	95	0	207706
144	59	66	0	208063
144	59	66	0	208069
128	55	64	0	208077
128	55	64	0	208077
128	59	64	0	208184
128	59	64	0	208190
144	60	77	0	208360
144	60	77	0	208365
128	60	64	0	208661
128	60	64	0	208667
144	62	70	0	208731
144	62	70	0	208736
128	62	64	0	208859
128	62	64	0	208864
144	63	86	0	209043
144	63	86	0	209049
128	63	64	0	209289
128	63	64	0	209295
144	65	72	0	209306
144	65	72	0	209312
144	66	74	0	209350
144	66	74	0	209355
128	65	64	0	209361
128	65	64	0	209366
128	66	64	0	209575
128	66	64	0	209575
144	65	72	0	209587
144	65	72	0	209592
144	63	75	0	209683
144	63	75	0	209688
128	65	64	0	209705
128	65	64	0	209710
128	63	64	0	209882
128	63	64	0	209882
144	62	69	0	209909
144	62	69	0	209915
128	62	64	0	209966
128	62	64	0	209966
144	63	64	0	209966
144	63	64	0	209972
128	63	64	0	210207
128	63	64	0	210207
144	62	69	0	210207
144	62	69	0	210212
128	62	64	0	210271
128	62	64	0	210276
144	60	78	0	210281
144	60	78	0	210286
128	60	64	0	210332
128	60	64	0	210332
144	62	81	0	210601
144	62	81	0	210601
128	62	64	0	210665
128	62	64	0	210665
144	59	93	0	210933
144	59	93	0	210933
144	62	69	0	211239
144	62	69	0	211239
128	59	64	0	211251
128	59	64	0	211256
128	62	64	0	211297
128	62	64	0	211302
144	56	84	0	211568
144	56	84	0	211573
128	56	64	0	211864
128	56	64	0	211869
144	62	69	0	211874
144	62	69	0	211879
144	60	68	0	212091
144	60	68	0	212096
128	62	64	0	212112
128	62	64	0	212117
144	59	79	0	212177
144	59	79	0	212177
128	60	64	0	212210
128	60	64	0	212215
144	56	76	0	212415
144	56	76	0	212420
128	59	64	0	212425
128	59	64	0	212425
128	56	64	0	212461
128	56	64	0	212466
144	55	75	0	212490
144	55	75	0	212495
128	55	64	0	212661
128	55	64	0	212661
144	53	69	0	212701
144	53	69	0	212706
144	51	87	0	212805
144	51	87	0	212810
128	53	64	0	212816
128	53	64	0	212821
128	51	64	0	212907
128	51	64	0	212907
144	53	97	0	213126
144	53	97	0	213131
128	53	64	0	213365
128	53	64	0	213365
144	55	78	0	213440
144	55	78	0	213440
144	56	81	0	213750
144	56	81	0	213755
128	55	64	0	213761
128	55	64	0	213766
128	56	64	0	213861
128	56	64	0	213866
144	57	90	0	214085
144	57	90	0	214085
128	57	64	0	214253
128	57	64	0	214253
144	56	70	0	214279
144	56	70	0	214284
128	56	64	0	214348
128	56	64	0	214353
144	55	77	0	214364
144	55	77	0	214369
128	55	64	0	214563
128	55	64	0	214563
144	54	67	0	214584
144	54	67	0	214590
128	54	64	0	214631
128	54	64	0	214631
144	53	65	0	214692
144	53	65	0	214692
128	53	64	0	214941
128	53	64	0	214941
144	52	78	0	215019
144	52	78	0	215024
128	52	64	0	215197
128	52	64	0	215202
144	51	80	0	215213
144	51	80	0	215218
128	51	64	0	215551
128	51	64	0	215551
144	50	93	0	215560
144	50	93	0	215565
128	50	64	0	215819
128	50	64	0	215825
144	50	81	0	215892
144	50	81	0	215897
128	50	64	0	216062
128	50	64	0	216062
144	50	87	0	216234
144	50	87	0	216239
128	50	64	0	216451
128	50	64	0	216451
144	47	85	0	216472
144	47	85	0	216477
144	50	84	0	216772
144	50	84	0	216777
128	47	64	0	216827
128	47	64	0	216832
144	43	70	0	216865
144	43	70	0	216865
128	50	64	0	216870
128	50	64	0	216870
128	43	64	0	217105
128	43	64	0	217111
144	43	58	0	217275
144	43	58	0	217280
128	43	64	0	217344
128	43	64	0	217344
144	43	81	0	217608
144	43	81	0	217608
128	43	64	0	217746
128	43	64	0	217746
144	39	76	0	217839
144	39	76	0	217844
128	39	64	0	218106
128	39	64	0	218111
144	43	66	0	218150
144	43	66	0	218155
144	38	81	0	218247
144	38	81	0	218253
128	43	64	0	218289
128	43	64	0	218294
128	38	64	0	218363
128	38	64	0	218368
144	38	74	0	218594
144	38	74	0	218594
128	38	64	0	218658
128	38	64	0	218658
144	38	77	0	218916
144	38	77	0	218916
128	38	64	0	219100
128	38	64	0	219100
144	35	53	0	219119
144	35	53	0	219119
128	35	64	0	219381
128	35	64	0	219386
144	38	68	0	219409
144	38	68	0	219409
144	31	76	0	219530
144	31	76	0	219535
128	38	64	0	219569
128	38	64	0	219574
128	31	64	0	219614
128	31	64	0	219619
144	74	82	0	222058
144	74	82	0	222064
144	79	77	0	222069
144	79	77	0	222069
144	83	86	0	222074
144	83	86	0	222074
144	86	71	0	222075
144	86	71	0	222075
128	86	64	0	222117
128	86	64	0	222117
128	79	64	0	222144
128	79	64	0	222149
128	83	64	0	222154
128	83	64	0	222160
128	74	64	0	222165
128	74	64	0	222165
