144	69	52	0	2908
176	64	127	0	3278
128	69	64	0	3547
144	69	56	0	5022
144	57	51	0	5397
144	60	51	0	5419
144	64	47	0	5429
176	64	0	0	5528
176	64	127	0	5709
128	69	64	0	5869
128	64	64	0	5892
128	57	64	0	5962
128	60	64	0	5965
144	76	59	0	6354
128	76	64	0	7067
144	64	52	0	7694
144	57	53	0	7713
176	64	0	0	8047
128	64	64	0	8065
144	69	61	0	8069
128	57	64	0	8083
144	76	50	0	8087
144	72	65	0	8092
176	64	127	0	8227
128	76	64	0	8729
128	69	64	0	8751
128	72	64	0	8798
144	57	58	0	9162
144	81	65	0	9165
144	64	58	0	9168
128	64	64	0	9541
128	57	64	0	9567
128	81	64	0	9816
144	52	45	0	11182
144	57	58	0	11214
128	52	64	0	11328
128	57	64	0	11345
144	64	51	0	11575
144	60	49	0	11578
176	64	0	0	11588
144	57	41	0	11595
144	52	53	0	11599
176	64	127	0	11708
128	52	64	0	11804
128	57	64	0	11830
128	60	64	0	11833
128	64	64	0	11847
144	52	49	0	12556
144	60	49	0	12559
144	64	38	0	12562
144	69	54	0	12572
128	69	64	0	12890
128	64	64	0	12892
128	52	64	0	12913
128	60	64	0	12938
144	67	68	0	13428
144	64	61	0	13432
144	60	51	0	13435
144	52	54	0	13438
128	60	64	0	13762
128	52	64	0	13815
128	67	64	0	14066
128	64	64	0	14072
144	52	47	0	14233
144	57	58	0	14256
144	67	61	0	14720
144	64	62	0	14724
128	57	64	0	14822
128	52	64	0	14840
128	64	64	0	14978
128	67	64	0	14993
144	52	42	0	15193
144	60	62	0	15196
144	57	54	0	15213
144	65	52	0	15217
176	64	0	0	15307
176	64	127	0	15429
128	52	64	0	15629
128	60	64	0	15673
128	57	64	0	15691
128	65	64	0	15779
144	64	57	0	18034
144	57	58	0	18050
144	52	39	0	18059
128	57	64	0	18573
128	52	64	0	18639
144	60	64	0	18815
128	64	64	0	18849
128	60	64	0	19153
144	64	58	0	19166
144	52	61	0	19525
144	45	59	0	19529
176	64	0	0	19539
176	64	127	0	19628
128	64	64	0	19668
128	52	64	0	19827
128	45	64	0	19847
144	60	60	0	20238
144	52	55	0	20243
144	57	58	0	20250
144	48	55	0	20255
144	45	64	0	20266
128	60	64	0	20540
128	48	64	0	20545
128	57	64	0	20558
128	52	64	0	20560
128	45	64	0	20605
144	64	66	0	20976
128	64	64	0	21593
144	60	46	0	21633
144	64	49	0	21944
128	60	64	0	21984
128	64	64	0	22250
144	45	38	0	22254
144	57	67	0	22258
144	52	40	0	22264
144	48	52	0	22267
128	45	64	0	22594
128	48	64	0	22599
128	52	64	0	22607
128	57	64	0	22676
144	45	60	0	22958
144	52	55	0	22965
144	60	51	0	22991
128	52	64	0	23191
128	45	64	0	23196
128	60	64	0	23258
144	52	61	0	23683
144	45	65	0	23687
144	64	67	0	23690
144	59	62	0	23692
176	64	0	0	23710
176	64	127	0	23798
144	60	56	0	24379
128	59	64	0	24391
128	64	64	0	24441
128	45	64	0	24621
128	52	64	0	24703
144	64	60	0	24726
128	60	64	0	24734
144	52	65	0	25047
144	45	71	0	25057
144	59	68	0	25060
176	64	0	0	25088
176	64	127	0	25177
144	60	64	0	25799
128	64	64	0	25802
128	59	64	0	25822
128	45	64	0	25828
128	52	64	0	25873
128	60	64	0	26108
144	64	26	0	26165
144	59	66	0	26478
144	45	63	0	26481
144	52	69	0	26491
128	64	64	0	26505
176	64	0	0	26557
176	64	127	0	26678
144	60	43	0	27310
128	45	64	0	27367
128	59	64	0	27408
128	52	64	0	27458
128	60	64	0	27590
144	64	36	0	27616
144	45	51	0	28002
144	59	58	0	28025
144	52	53	0	28032
176	64	0	0	28117
176	64	127	0	28236
128	64	64	0	28736
128	45	64	0	28887
128	52	64	0	28897
128	59	64	0	28953
144	76	57	0	31384
144	57	55	0	31388
144	64	58	0	31391
128	76	64	0	32042
144	72	54	0	32070
128	57	64	0	32340
128	64	64	0	32349
144	76	67	0	32378
128	72	64	0	32425
144	57	57	0	32723
144	60	69	0	32729
144	69	63	0	32738
144	72	69	0	33497
128	76	64	0	33546
128	69	64	0	33557
128	57	64	0	33610
128	60	64	0	33659
128	72	64	0	33852
144	75	69	0	34557
144	64	62	0	34570
144	60	66	0	34576
144	57	51	0	34580
144	76	79	0	34639
128	75	64	0	34678
128	76	64	0	35260
144	72	64	0	35272
144	76	57	0	35577
128	57	64	0	35595
128	72	64	0	35616
128	64	64	0	35619
128	60	64	0	35640
144	69	76	0	36075
144	64	51	0	36077
144	60	64	0	36080
128	76	64	0	36083
144	57	57	0	36086
144	72	80	0	36870
128	69	64	0	36913
128	72	64	0	37003
128	64	64	0	37036
128	57	64	0	37038
128	60	64	0	37049
144	75	40	0	38763
144	64	54	0	38767
144	59	55	0	38776
144	56	63	0	38784
144	76	83	0	38797
128	75	64	0	38829
128	76	64	0	39411
144	72	64	0	39420
128	56	64	0	39689
128	64	64	0	39702
128	59	64	0	39706
128	72	64	0	39710
144	76	56	0	39721
128	76	64	0	40118
144	64	56	0	40136
144	56	60	0	40139
144	71	79	0	40144
144	59	71	0	40147
144	72	51	0	40788
128	71	64	0	40796
128	56	64	0	40819
128	64	64	0	40878
128	59	64	0	40885
128	72	64	0	41094
144	76	52	0	41108
128	76	64	0	41441
144	71	61	0	41460
144	64	44	0	41465
144	59	55	0	41482
144	56	50	0	41485
144	72	39	0	42176
128	71	64	0	42183
128	56	64	0	42231
128	64	64	0	42258
128	59	64	0	42260
128	72	64	0	42480
144	76	48	0	42494
128	76	64	0	42786
144	56	35	0	42818
144	64	24	0	42840
144	71	57	0	42858
144	59	51	0	42887
128	56	64	0	43538
128	64	64	0	43578
128	59	64	0	43588
128	71	64	0	43775
144	76	52	0	45633
144	60	51	0	45638
144	53	46	0	45641
144	57	58	0	45645
144	77	74	0	45700
128	76	64	0	45709
176	64	0	0	45756
176	64	127	0	45848
144	72	63	0	46296
128	77	64	0	46300
128	72	64	0	46585
144	77	57	0	46591
128	53	64	0	46695
128	57	64	0	46716
128	60	64	0	46719
128	77	64	0	46927
144	69	62	0	46931
144	57	46	0	46959
144	60	49	0	46964
144	53	42	0	46970
144	72	62	0	47580
128	69	64	0	47637
128	60	64	0	47744
128	53	64	0	47811
128	57	64	0	47853
144	57	51	0	48166
144	53	64	0	48170
144	77	66	0	48177
144	60	60	0	48186
128	72	64	0	48188
128	77	64	0	48955
144	72	52	0	48967
128	53	64	0	49170
128	60	64	0	49197
128	57	64	0	49260
144	77	51	0	49288
128	72	64	0	49327
144	60	59	0	49726
144	69	68	0	49728
144	57	58	0	49738
144	53	53	0	49745
144	72	81	0	50505
128	77	64	0	50541
128	69	64	0	50545
128	72	64	0	50794
128	60	64	0	50881
128	53	64	0	50895
128	57	64	0	50897
144	76	62	0	51579
144	60	65	0	51593
144	57	63	0	51601
144	53	63	0	51609
144	77	80	0	51634
128	76	64	0	51691
176	64	0	0	51726
176	64	127	0	51785
128	77	64	0	52260
144	72	61	0	52264
128	60	64	0	52352
128	53	64	0	52374
128	57	64	0	52388
128	72	64	0	52562
144	77	54	0	52577
144	53	46	0	52910
144	59	50	0	52913
144	56	59	0	52916
128	77	64	0	52937
144	71	61	0	52939
176	64	0	0	52955
176	64	127	0	53045
128	59	64	0	53336
128	56	64	0	53363
128	53	64	0	53383
128	71	64	0	53564
144	60	56	0	53628
144	72	56	0	53634
144	53	42	0	53640
144	57	55	0	53645
176	64	0	0	53649
176	64	127	0	53737
144	77	57	0	53916
128	72	64	0	53929
128	60	64	0	53967
128	57	64	0	53990
128	53	64	0	54010
144	53	42	0	54226
144	59	52	0	54230
144	71	58	0	54232
128	77	64	0	54237
176	64	0	0	54246
144	56	64	0	54253
176	64	127	0	54364
128	56	64	0	54597
128	59	64	0	54600
128	53	64	0	54632
128	71	64	0	54779
144	60	58	0	54883
144	53	40	0	54888
144	72	46	0	54892
144	57	59	0	54895
176	64	0	0	54935
176	64	127	0	55025
144	77	55	0	55210
128	60	64	0	55214
128	72	64	0	55224
128	57	64	0	55249
128	53	64	0	55267
128	77	64	0	55534
144	53	42	0	55537
144	59	55	0	55539
144	56	65	0	55543
144	71	64	0	55554
176	64	0	0	55565
176	64	127	0	55716
128	53	64	0	56270
128	56	64	0	56316
128	59	64	0	56358
128	71	64	0	56405
144	60	44	0	58321
144	52	50	0	58332
144	57	58	0	58336
144	76	64	0	58365
176	64	0	0	58414
176	64	127	0	58535
128	76	64	0	58953
144	72	56	0	58960
128	52	64	0	59082
128	60	64	0	59089
128	57	64	0	59133
144	76	57	0	59266
128	72	64	0	59271
144	60	55	0	59573
144	52	51	0	59584
144	57	62	0	59593
144	69	68	0	59618
128	76	64	0	59620
128	69	64	0	59954
144	64	84	0	60256
128	57	64	0	60283
128	60	64	0	60311
128	52	64	0	60354
128	64	64	0	60409
144	60	56	0	60921
144	52	54	0	60926
176	64	0	0	60934
144	72	77	0	60942
144	57	59	0	60948
176	64	127	0	61025
128	72	64	0	61430
144	71	57	0	61450
144	69	64	0	61568
128	71	64	0	61591
128	52	64	0	61735
128	60	64	0	61784
128	57	64	0	61792
128	69	64	0	61859
144	64	62	0	61911
128	64	64	0	62210
144	52	47	0	62219
144	57	57	0	62223
144	60	35	0	62225
144	65	59	0	62239
176	64	0	0	62285
176	64	127	0	62373
128	65	64	0	62879
144	64	62	0	62911
128	64	64	0	63088
128	60	64	0	63095
128	52	64	0	63120
128	57	64	0	63126
144	60	62	0	63556
144	52	64	0	63562
144	72	74	0	63569
144	57	69	0	63572
176	64	0	0	63634
176	64	127	0	63664
144	71	60	0	64116
128	60	64	0	64129
128	72	64	0	64133
128	52	64	0	64147
128	57	64	0	64153
144	69	72	0	64228
128	71	64	0	64253
128	69	64	0	64534
144	64	69	0	64565
144	60	52	0	64878
144	52	51	0	64884
128	64	64	0	64886
144	57	61	0	64888
144	65	63	0	64905
176	64	0	0	64954
176	64	127	0	65013
128	65	64	0	65232
144	67	58	0	65239
144	64	66	0	65570
128	67	64	0	65574
128	60	64	0	65762
128	52	64	0	65765
128	57	64	0	65780
128	64	64	0	65816
144	60	55	0	66224
144	52	62	0	66227
144	57	65	0	66231
144	72	68	0	66243
176	64	0	0	66305
176	64	127	0	66394
128	72	64	0	66793
144	71	50	0	66796
128	52	64	0	66900
144	69	61	0	66917
128	60	64	0	66920
128	57	64	0	66930
128	71	64	0	66941
128	69	64	0	67168
144	64	57	0	67227
128	64	64	0	67557
144	52	58	0	67561
144	60	49	0	67563
144	65	61	0	67568
144	57	58	0	67572
128	65	64	0	67912
144	62	49	0	67924
128	62	64	0	68253
144	64	58	0	68285
128	52	64	0	68424
128	60	64	0	68444
128	57	64	0	68463
128	64	64	0	68913
144	52	57	0	68934
144	60	42	0	68937
144	57	55	0	68955
144	65	52	0	68961
128	65	64	0	69308
144	68	63	0	69311
128	52	64	0	69578
128	60	64	0	69633
128	57	64	0	69646
144	64	57	0	69658
128	68	64	0	69660
144	57	55	0	70278
144	60	51	0	70281
144	52	55	0	70283
176	64	0	0	70323
144	65	53	0	70334
128	64	64	0	70367
176	64	127	0	70445
144	62	56	0	70634
128	65	64	0	70699
144	64	66	0	70999
128	62	64	0	71027
128	60	64	0	71071
128	57	64	0	71090
128	52	64	0	71092
144	60	48	0	71648
144	57	59	0	71663
144	65	65	0	71674
144	52	58	0	71677
128	64	64	0	71691
176	64	0	0	71705
176	64	127	0	71826
144	67	63	0	72012
128	65	64	0	72017
144	64	66	0	72343
128	67	64	0	72357
128	52	64	0	72393
128	60	64	0	72445
128	57	64	0	72453
144	60	53	0	72986
144	52	59	0	72994
144	57	50	0	73000
144	65	57	0	73042
176	64	0	0	73053
128	64	64	0	73104
176	64	127	0	73205
144	63	58	0	73380
128	65	64	0	73383
128	52	64	0	73666
128	60	64	0	73695
128	57	64	0	73710
128	63	64	0	73717
144	64	60	0	73725
144	52	58	0	74364
144	72	68	0	74377
144	57	58	0	74382
128	64	64	0	74384
144	60	33	0	74391
176	64	0	0	74464
176	64	127	0	74524
128	72	64	0	74973
144	71	55	0	74978
128	52	64	0	75063
128	57	64	0	75097
128	60	64	0	75104
144	69	58	0	75112
128	71	64	0	75122
128	69	64	0	75389
144	64	49	0	75456
144	52	52	0	75740
144	60	43	0	75743
144	57	53	0	75747
144	65	42	0	75778
128	64	64	0	75780
176	64	0	0	75784
176	64	127	0	75904
144	63	55	0	76111
128	65	64	0	76122
128	60	64	0	76419
128	52	64	0	76421
128	63	64	0	76423
128	57	64	0	76443
144	64	53	0	76448
144	60	57	0	76779
128	64	64	0	76786
144	52	59	0	77079
128	60	64	0	77102
144	63	63	0	77110
176	64	0	0	77225
176	64	127	0	77283
144	59	51	0	77416
128	63	64	0	77432
128	59	64	0	77734
144	60	51	0	77737
128	52	64	0	77885
128	60	64	0	78037
144	57	59	0	78062
144	52	50	0	78368
144	59	52	0	78388
128	57	64	0	78398
176	64	0	0	78423
176	64	127	0	78544
144	56	49	0	78712
128	59	64	0	78723
128	52	64	0	78868
128	56	64	0	79028
144	57	57	0	79071
128	57	64	0	79265
144	45	65	0	79821
144	52	54	0	79838
176	64	0	0	79983
176	64	127	0	80012
144	64	44	0	80513
144	69	48	0	80517
128	52	64	0	80554
128	45	64	0	80570
128	64	64	0	80967
128	69	64	0	80993
144	45	58	0	81039
144	52	54	0	81043
144	76	65	0	81227
144	69	37	0	81959
128	45	64	0	81988
128	52	64	0	82025
144	60	58	0	82619
144	57	56	0	82623
128	69	64	0	82636
128	76	64	0	82701
128	57	64	0	83202
128	60	64	0	83225
144	69	42	0	83278
144	72	58	0	83301
128	69	64	0	83730
128	72	64	0	83742
144	60	49	0	83769
144	64	53	0	83772
144	57	45	0	83779
144	69	54	0	83962
144	76	54	0	83974
128	76	64	0	84093
128	69	64	0	84123
144	81	57	0	84633
144	69	48	0	84636
128	57	64	0	84643
128	60	64	0	84655
128	64	64	0	84663
128	69	64	0	84804
128	81	64	0	84806
144	65	54	0	85320
144	79	63	0	85346
144	62	58	0	85349
144	69	51	0	85357
144	57	49	0	85374
176	64	0	0	85413
176	64	127	0	85445
128	69	64	0	85929
128	79	64	0	85935
144	79	59	0	86036
144	69	55	0	86040
128	79	64	0	86208
128	69	64	0	86257
144	69	50	0	86462
144	77	59	0	86466
128	77	64	0	86546
128	69	64	0	86576
144	69	64	0	86669
144	76	65	0	86679
128	69	64	0	86923
128	76	64	0	86967
144	69	65	0	87302
144	74	71	0	87305
128	57	64	0	87507
128	69	64	0	87517
128	74	64	0	87534
128	62	64	0	87539
128	65	64	0	87556
144	65	46	0	87955
144	62	55	0	87966
144	57	57	0	87975
144	77	74	0	87978
176	64	0	0	87996
144	69	58	0	88000
176	64	127	0	88112
144	74	57	0	88318
128	77	64	0	88345
128	74	64	0	88534
128	69	64	0	88574
144	69	67	0	88664
144	74	63	0	88682
128	69	64	0	88896
128	74	64	0	88926
144	76	52	0	89023
128	76	64	0	89152
144	69	69	0	89365
144	72	72	0	89380
128	57	64	0	89468
128	65	64	0	89487
128	62	64	0	89490
128	69	64	0	89568
128	72	64	0	89598
144	64	59	0	90069
144	60	64	0	90071
144	69	55	0	90087
144	57	39	0	90095
144	74	61	0	90099
128	57	64	0	90302
128	64	64	0	90325
128	60	64	0	90327
128	69	64	0	90333
128	74	64	0	90349
144	57	54	0	90779
144	64	57	0	90785
144	60	64	0	90789
144	69	68	0	90794
144	72	74	0	90805
176	64	0	0	90843
176	64	127	0	90964
128	69	64	0	90969
128	72	64	0	91129
144	69	61	0	91145
128	69	64	0	91355
144	67	57	0	91501
128	67	64	0	91801
144	69	36	0	91838
128	60	64	0	91847
128	64	64	0	91866
128	57	64	0	91899
144	57	53	0	92169
144	60	51	0	92179
144	65	57	0	92183
128	69	64	0	92198
128	65	64	0	92508
144	69	36	0	92539
144	64	69	0	92874
128	69	64	0	92884
128	64	64	0	93056
128	60	64	0	93089
128	57	64	0	93105
144	64	62	0	93586
144	57	60	0	93601
144	60	66	0	93605
144	72	74	0	93618
176	64	0	0	93632
176	64	127	0	93723
144	69	58	0	93983
128	72	64	0	94018
128	69	64	0	94304
144	67	50	0	94330
128	64	64	0	94463
128	60	64	0	94552
128	57	64	0	94570
128	67	64	0	94606
144	69	35	0	94641
144	60	47	0	94977
144	57	49	0	94995
128	69	64	0	95002
144	65	58	0	95023
128	65	64	0	95342
144	69	43	0	95345
128	57	64	0	95419
128	60	64	0	95440
128	69	64	0	95699
144	57	37	0	95709
144	60	53	0	95717
144	64	58	0	95722
128	60	64	0	95910
128	57	64	0	95913
128	64	64	0	95976
144	55	58	0	96452
144	59	54	0	96465
144	69	63	0	96470
128	69	64	0	97030
144	67	57	0	97039
128	67	64	0	97194
144	62	53	0	97213
128	59	64	0	97674
128	55	64	0	97697
128	62	64	0	97742
144	69	53	0	97910
144	59	55	0	97930
144	55	62	0	97935
128	69	64	0	98499
144	67	44	0	98526
144	62	59	0	98676
128	67	64	0	98680
128	59	64	0	99019
128	55	64	0	99026
128	62	64	0	99318
144	53	38	0	99480
144	59	59	0	99497
144	67	55	0	99539
128	67	64	0	100098
144	65	46	0	100121
144	60	65	0	100317
128	65	64	0	100322
128	59	64	0	100690
128	53	64	0	100711
128	60	64	0	100857
144	53	48	0	101062
144	57	64	0	101066
144	65	61	0	101100
144	62	55	0	101865
128	65	64	0	101885
128	53	64	0	102214
128	57	64	0	102250
128	62	64	0	102256
144	60	60	0	102279
144	52	57	0	102843
144	56	63	0	102883
144	59	55	0	102886
128	60	64	0	102897
176	64	0	0	102962
176	64	127	0	102994
128	56	64	0	103317
128	52	64	0	103388
128	59	64	0	103512
144	59	56	0	103600
128	59	64	0	103797
144	47	59	0	104275
144	59	56	0	104279
144	52	38	0	104290
128	52	64	0	104485
128	47	64	0	104513
128	59	64	0	104585
144	59	60	0	104994
144	44	64	0	105016
128	44	64	0	105276
144	47	44	0	105325
128	59	64	0	105395
128	47	64	0	105655
144	40	52	0	105669
144	59	56	0	105726
128	40	64	0	105843
128	59	64	0	105931
144	52	55	0	106374
144	59	60	0	106414
128	52	64	0	106538
128	59	64	0	106590
144	56	61	0	107075
144	59	54	0	107109
128	56	64	0	107227
144	52	49	0	107418
128	59	64	0	107514
128	52	64	0	107710
144	48	53	0	107753
144	59	53	0	107765
128	48	64	0	108090
128	59	64	0	108105
144	52	49	0	108121
128	52	64	0	108422
144	47	51	0	108479
144	59	52	0	108487
128	47	64	0	108854
128	59	64	0	108948
144	48	51	0	109138
144	60	58	0	109146
128	60	64	0	109446
128	48	64	0	109457
144	52	43	0	109482
144	64	13	0	109515
128	64	64	0	109801
144	59	50	0	109804
128	52	64	0	109811
144	47	54	0	109833
128	47	64	0	110094
128	59	64	0	110204
144	48	41	0	110495
144	60	49	0	110498
128	60	64	0	110794
128	48	64	0	110819
144	64	50	0	110826
144	52	50	0	110842
128	52	64	0	111093
128	64	64	0	111171
144	59	54	0	111197
144	47	27	0	111231
128	47	64	0	111315
144	44	55	0	111520
128	44	64	0	111585
128	59	64	0	111843
144	40	61	0	111855
144	60	55	0	111879
128	40	64	0	112148
128	60	64	0	112180
144	64	55	0	112196
128	64	64	0	112470
144	47	41	0	112524
144	40	49	0	112536
144	59	53	0	112544
128	40	64	0	112805
128	47	64	0	112839
128	59	64	0	112904
144	40	36	0	113230
144	47	31	0	113233
144	60	45	0	113271
128	40	64	0	113486
128	47	64	0	113492
128	60	64	0	113582
144	64	41	0	113607
144	48	29	0	113912
144	40	33	0	113916
144	45	49	0	113925
128	64	64	0	113927
144	57	51	0	113937
176	64	0	0	113974
176	64	127	0	114000
128	40	64	0	114353
128	48	64	0	114367
128	45	64	0	114384
144	48	37	0	114641
144	40	47	0	114644
144	45	46	0	114650
144	64	49	0	114653
128	57	64	0	114731
128	40	64	0	114962
128	48	64	0	114973
128	45	64	0	115021
128	64	64	0	115085
144	45	51	0	115290
144	69	59	0	115303
144	40	42	0	115308
144	48	26	0	115311
128	48	64	0	115664
128	40	64	0	115684
128	45	64	0	115695
128	69	64	0	115785
144	64	61	0	115800
144	45	57	0	115931
144	60	66	0	115939
144	40	51	0	115942
144	48	44	0	115945
128	64	64	0	115954
128	40	64	0	116292
144	64	57	0	116303
128	60	64	0	116313
128	48	64	0	116328
128	45	64	0	116351
144	45	58	0	116591
144	48	44	0	116599
144	40	51	0	116602
176	64	0	0	116612
128	64	64	0	116624
144	57	65	0	116638
176	64	127	0	116701
128	40	64	0	117036
128	48	64	0	117047
128	45	64	0	117053
128	57	64	0	117297
144	48	47	0	117312
144	45	52	0	117324
144	40	55	0	117327
144	60	55	0	117336
128	60	64	0	117526
128	48	64	0	117544
128	40	64	0	117545
128	45	64	0	117566
144	48	46	0	117935
144	40	53	0	117943
144	45	63	0	117951
144	69	58	0	117971
128	40	64	0	118281
128	48	64	0	118293
128	45	64	0	118323
144	64	53	0	118561
128	69	64	0	118563
144	48	48	0	118575
144	45	62	0	118581
144	40	52	0	118584
144	60	63	0	118701
128	64	64	0	118710
128	40	64	0	119007
128	48	64	0	119014
128	60	64	0	119027
144	64	49	0	119032
128	45	64	0	119043
144	45	57	0	119360
144	48	44	0	119371
144	40	32	0	119377
144	59	64	0	119380
128	64	64	0	119382
128	48	64	0	119744
128	40	64	0	119760
128	45	64	0	119762
144	40	51	0	120036
144	48	41	0	120041
144	45	57	0	120051
144	60	53	0	120072
128	59	64	0	120086
128	48	64	0	120221
128	45	64	0	120257
128	40	64	0	120266
128	60	64	0	120364
144	64	50	0	120376
144	40	48	0	120667
144	47	49	0	120670
144	44	64	0	120691
144	59	64	0	120702
128	64	64	0	120704
128	47	64	0	121039
128	44	64	0	121046
128	40	64	0	121068
144	40	45	0	121320
144	48	50	0	121340
144	45	53	0	121346
144	60	62	0	121355
128	59	64	0	121387
128	40	64	0	121640
128	48	64	0	121652
128	45	64	0	121655
128	60	64	0	121694
144	64	52	0	121701
128	64	64	0	122010
144	50	51	0	122024
144	47	66	0	122036
144	40	58	0	122046
144	62	64	0	122051
176	64	0	0	122133
176	64	127	0	122160
128	50	64	0	122399
128	40	64	0	122423
128	47	64	0	122455
144	48	58	0	122731
128	62	64	0	122747
144	45	59	0	122759
144	60	62	0	122762
144	40	40	0	122773
128	48	64	0	123000
128	40	64	0	123004
128	45	64	0	123034
128	60	64	0	123059
144	64	43	0	123086
144	47	55	0	123390
144	40	33	0	123407
128	64	64	0	123408
144	44	64	0	123413
144	59	62	0	123420
176	64	0	0	123450
176	64	127	0	123511
128	47	64	0	123723
128	40	64	0	123729
128	44	64	0	123755
144	40	44	0	124078
144	44	56	0	124104
144	47	46	0	124108
128	44	64	0	124315
128	47	64	0	124335
128	40	64	0	124337
128	59	64	0	124383
144	48	31	0	124761
144	45	51	0	124769
144	40	48	0	124803
144	60	28	0	124815
176	64	0	0	124830
176	64	127	0	124861
128	48	64	0	125219
128	40	64	0	125221
128	45	64	0	125232
128	60	64	0	125399
144	64	59	0	125599
144	40	64	0	125661
144	48	63	0	125663
144	45	70	0	125672
128	64	64	0	126287
144	60	58	0	126309
128	40	64	0	126440
128	48	64	0	126487
128	45	64	0	126523
144	64	60	0	126645
128	60	64	0	126661
144	48	38	0	126974
144	45	58	0	126992
144	57	75	0	127009
128	64	64	0	127013
144	40	32	0	127040
128	40	64	0	127613
128	45	64	0	127664
128	48	64	0	127689
144	60	75	0	127749
128	57	64	0	127781
128	60	64	0	127882
144	48	64	0	128730
144	45	58	0	128734
144	52	52	0	128746
176	64	0	0	128880
176	64	127	0	128910
144	64	69	0	129188
128	64	64	0	129766
144	60	60	0	129771
128	45	64	0	129973
128	52	64	0	129981
128	48	64	0	130042
128	60	64	0	130088
144	64	57	0	130091
144	45	51	0	130404
144	48	58	0	130451
144	52	31	0	130454
128	64	64	0	130469
144	57	65	0	130476
144	60	71	0	131140
128	57	64	0	131208
128	45	64	0	131319
128	60	64	0	131322
128	52	64	0	131326
128	48	64	0	131341
144	63	63	0	131821
144	45	60	0	131847
144	52	45	0	131856
144	48	66	0	131857
144	64	81	0	131919
176	64	0	0	131973
128	63	64	0	131977
176	64	127	0	132029
144	60	54	0	132683
128	64	64	0	132700
128	45	64	0	132999
128	60	64	0	133054
128	48	64	0	133067
128	52	64	0	133069
144	64	48	0	133072
144	45	40	0	133712
144	51	69	0	133722
128	64	64	0	133747
144	59	67	0	133749
128	45	64	0	134191
128	51	64	0	134201
128	59	64	0	134368
144	52	59	0	134450
144	45	58	0	134457
144	60	60	0	134462
144	64	62	0	134784
128	60	64	0	134793
128	52	64	0	134795
128	45	64	0	134815
176	64	0	0	135089
128	64	64	0	135096
144	59	71	0	135099
144	45	62	0	135104
144	51	71	0	135107
176	64	127	0	135181
128	45	64	0	135513
128	51	64	0	135540
128	59	64	0	135699
144	52	67	0	135770
144	45	67	0	135776
144	60	62	0	135789
128	52	64	0	136064
128	60	64	0	136083
128	45	64	0	136093
144	64	51	0	136106
144	45	73	0	136439
176	64	0	0	136443
144	51	76	0	136451
144	59	79	0	136453
128	64	64	0	136456
176	64	127	0	136529
128	45	64	0	137390
128	51	64	0	137455
128	59	64	0	137515
144	52	72	0	138162
144	45	69	0	138165
144	64	80	0	138184
176	64	0	0	138239
176	64	127	0	138357
144	60	61	0	138896
128	64	64	0	138909
144	64	64	0	139210
128	45	64	0	139243
128	60	64	0	139246
128	52	64	0	139272
144	45	64	0	139532
144	52	69	0	139548
144	57	80	0	139583
128	64	64	0	139612
128	57	64	0	139833
128	52	64	0	139894
128	45	64	0	139912
144	45	65	0	140261
144	52	68	0	140264
144	69	76	0	140274
128	52	64	0	140438
128	45	64	0	140446
128	69	64	0	140456
144	63	66	0	140906
144	52	64	0	140920
144	45	49	0	140945
144	64	87	0	140986
176	64	0	0	140998
128	63	64	0	141023
176	64	127	0	141059
128	64	64	0	141593
144	60	51	0	141617
144	64	52	0	141977
128	60	64	0	141984
144	57	73	0	142316
128	64	64	0	142329
128	57	64	0	142541
128	52	64	0	142558
128	45	64	0	142820
144	69	79	0	142932
128	69	64	0	143110
144	63	58	0	143624
144	52	69	0	143639
144	45	64	0	143650
144	64	84	0	143692
128	63	64	0	143738
128	64	64	0	144287
144	60	75	0	144304
128	45	64	0	144603
128	52	64	0	144620
128	60	64	0	144649
144	64	60	0	144652
128	64	64	0	144930
176	64	0	0	144958
144	45	75	0	144964
144	51	76	0	144975
144	59	81	0	144993
176	64	127	0	145047
128	51	64	0	145388
128	45	64	0	145388
128	59	64	0	145408
144	45	69	0	145637
144	52	72	0	145640
144	60	78	0	145656
176	64	0	0	145679
176	64	127	0	145708
128	60	64	0	145960
144	64	62	0	145965
128	45	64	0	145983
128	52	64	0	146015
176	64	0	0	146278
144	45	76	0	146285
128	64	64	0	146294
144	51	76	0	146300
144	59	83	0	146302
176	64	127	0	146337
128	51	64	0	146672
128	45	64	0	146676
128	59	64	0	146717
176	64	0	0	146938
144	45	75	0	146959
144	52	77	0	146962
144	60	77	0	146968
176	64	127	0	147027
128	52	64	0	147225
128	60	64	0	147247
128	45	64	0	147250
144	64	53	0	147273
128	64	64	0	147340
144	45	81	0	147644
144	51	81	0	147647
144	59	90	0	147658
144	66	88	0	147663
144	63	87	0	147666
176	64	0	0	147689
176	64	127	0	147748
128	66	64	0	148061
128	45	64	0	148076
128	59	64	0	148085
128	51	64	0	148095
128	63	64	0	148108
144	69	86	0	148368
144	59	87	0	148370
144	63	81	0	148373
128	63	64	0	148615
128	69	64	0	148624
128	59	64	0	148632
144	45	81	0	149021
144	59	83	0	149024
144	71	87	0	149028
144	51	80	0	149030
144	63	89	0	149033
176	64	0	0	149069
176	64	127	0	149128
128	59	64	0	149533
128	71	64	0	149562
128	63	64	0	149576
144	71	65	0	149713
144	59	67	0	149726
144	63	59	0	149736
128	71	64	0	149911
128	63	64	0	149919
128	59	64	0	149934
144	69	68	0	150029
144	59	52	0	150036
144	63	37	0	150056
128	63	64	0	150142
128	45	64	0	150151
128	69	64	0	150162
128	51	64	0	150176
128	59	64	0	150178
144	59	64	0	150359
144	51	64	0	150362
144	67	68	0	150367
144	45	58	0	150370
144	63	29	0	150469
128	63	64	0	150675
128	67	64	0	150677
128	59	64	0	150694
144	66	64	0	150995
144	59	67	0	151009
144	63	70	0	151014
128	45	64	0	151202
128	66	64	0	151215
128	51	64	0	151220
128	63	64	0	151232
128	59	64	0	151242
144	45	78	0	151626
144	71	85	0	151637
144	59	81	0	151641
144	51	80	0	151645
144	63	79	0	151647
176	64	0	0	151655
176	64	127	0	151680
128	59	64	0	152101
128	71	64	0	152122
128	63	64	0	152142
144	71	71	0	152319
144	59	58	0	152331
144	63	64	0	152339
128	71	64	0	152501
128	59	64	0	152529
128	63	64	0	152534
144	69	74	0	152661
144	59	62	0	152684
144	63	53	0	152705
128	63	64	0	152777
128	69	64	0	152810
128	59	64	0	152816
144	59	66	0	152989
144	63	66	0	153001
144	67	68	0	153004
128	67	64	0	153193
128	63	64	0	153231
128	59	64	0	153252
144	66	77	0	153611
144	59	74	0	153627
144	63	78	0	153631
128	59	64	0	153781
128	63	64	0	153793
128	66	64	0	153807
128	51	64	0	153867
128	45	64	0	153893
144	70	73	0	154220
144	51	74	0	154239
144	45	71	0	154247
144	71	89	0	154284
128	70	64	0	154354
128	71	64	0	154687
144	71	85	0	154850
128	45	64	0	155085
128	51	64	0	155122
144	69	63	0	155157
128	71	64	0	155186
144	45	64	0	155441
144	51	68	0	155453
144	67	77	0	155484
128	69	64	0	155529
128	67	64	0	155837
144	69	62	0	155842
128	45	64	0	155888
128	51	64	0	155909
144	67	46	0	155956
128	69	64	0	155973
144	51	67	0	156136
144	45	63	0	156141
128	67	64	0	156166
144	66	71	0	156169
128	66	64	0	156442
144	67	57	0	156472
128	45	64	0	156515
128	51	64	0	156549
144	66	63	0	156612
128	67	64	0	156614
144	51	63	0	156788
144	45	64	0	156791
128	66	64	0	156795
144	64	72	0	156818
128	45	64	0	157122
128	51	64	0	157163
144	51	50	0	157463
144	45	57	0	157466
144	63	66	0	157474
128	64	64	0	157485
176	64	0	0	157500
176	64	127	0	157621
128	45	64	0	157879
128	51	64	0	157907
144	45	58	0	158194
144	51	49	0	158198
128	63	64	0	158203
144	59	60	0	158218
128	45	64	0	158553
128	51	64	0	158586
144	45	42	0	158906
144	51	56	0	158925
128	45	64	0	159104
128	51	64	0	159124
128	59	64	0	159207
176	64	0	0	159719
144	47	62	0	159735
144	66	75	0	159740
144	51	58	0	159745
176	64	127	0	159750
128	66	64	0	160137
128	47	64	0	160156
128	51	64	0	160179
144	47	62	0	160443
144	51	63	0	160452
144	69	53	0	160474
144	67	56	0	160476
128	69	64	0	160763
128	51	64	0	160777
128	47	64	0	160779
128	67	64	0	160788
144	63	44	0	160902
128	63	64	0	161010
144	47	65	0	161196
144	67	74	0	161205
144	51	66	0	161208
144	63	64	0	161551
128	67	64	0	161576
128	47	64	0	161621
128	51	64	0	161663
128	63	64	0	161848
144	51	60	0	161886
144	47	57	0	161895
144	66	68	0	161904
128	47	64	0	162238
128	51	64	0	162249
128	66	64	0	162311
144	47	64	0	162573
144	51	67	0	162577
144	67	72	0	162581
144	59	44	0	162951
128	67	64	0	162958
128	47	64	0	162960
144	60	45	0	162970
128	51	64	0	162995
128	60	64	0	163068
128	59	64	0	163238
144	47	59	0	163295
144	51	58	0	163311
144	63	62	0	163324
128	47	64	0	163612
128	51	64	0	163620
128	63	64	0	163648
144	66	54	0	163656
176	64	0	0	163947
144	45	49	0	163961
144	51	61	0	163979
128	66	64	0	163993
144	59	64	0	164008
176	64	127	0	164037
128	45	64	0	164417
128	51	64	0	164439
144	45	46	0	164675
144	51	51	0	164686
128	59	64	0	164715
128	45	64	0	164907
128	51	64	0	164928
144	47	61	0	165318
144	51	68	0	165327
144	66	76	0	165345
128	47	64	0	165732
128	51	64	0	165798
144	47	60	0	166000
144	51	54	0	166007
144	67	54	0	166013
128	66	64	0	166027
128	47	64	0	166304
144	63	59	0	166334
128	51	64	0	166345
128	67	64	0	166379
176	64	0	0	166587
176	64	127	0	166619
144	47	51	0	166645
144	51	58	0	166649
144	66	67	0	166667
128	63	64	0	166680
128	47	64	0	166997
128	51	64	0	167061
128	66	64	0	167294
144	47	56	0	167313
144	67	50	0	167318
144	51	64	0	167356
128	47	64	0	167614
128	51	64	0	167670
144	63	61	0	167679
128	67	64	0	167760
144	51	63	0	167993
144	47	62	0	168002
144	66	68	0	168031
128	63	64	0	168048
144	67	59	0	168352
128	47	64	0	168372
128	66	64	0	168376
128	51	64	0	168409
144	51	59	0	168691
144	47	55	0	168694
144	63	67	0	168710
128	67	64	0	168723
144	66	64	0	169021
128	63	64	0	169035
128	47	64	0	169080
128	51	64	0	169099
144	51	53	0	169394
144	59	70	0	169398
144	47	58	0	169403
128	66	64	0	169412
128	47	64	0	169942
128	51	64	0	169949
144	51	51	0	170143
144	47	46	0	170155
128	59	64	0	170222
128	51	64	0	170283
128	47	64	0	170309
144	51	69	0	170888
144	47	51	0	170893
144	66	73	0	170896
128	47	64	0	171277
128	51	64	0	171301
144	47	56	0	171534
144	62	75	0	171537
128	66	64	0	171539
144	51	68	0	171549
144	63	59	0	171883
128	47	64	0	171902
128	62	64	0	171928
128	51	64	0	171941
144	47	62	0	172205
144	51	68	0	172220
144	59	72	0	172237
128	63	64	0	172251
128	47	64	0	172588
128	51	64	0	172611
128	59	64	0	172748
144	51	68	0	172897
144	66	71	0	172900
144	47	65	0	172903
128	47	64	0	173219
128	51	64	0	173245
144	47	53	0	173557
144	50	63	0	173567
128	66	64	0	173581
144	62	60	0	173596
128	47	64	0	173928
144	66	52	0	173939
128	62	64	0	173945
128	50	64	0	173988
128	66	64	0	174224
144	47	47	0	174251
144	50	48	0	174259
144	59	62	0	174264
128	50	64	0	174508
128	47	64	0	174519
128	59	64	0	174733
144	54	63	0	174945
144	47	58	0	174958
144	59	59	0	174961
144	62	62	0	174982
128	47	64	0	175665
128	54	64	0	175704
128	59	64	0	175734
128	62	64	0	175786
144	54	60	0	176635
144	78	58	0	176652
144	47	61	0	176658
144	50	56	0	176671
128	78	64	0	177258
144	74	56	0	177265
128	47	64	0	177514
128	50	64	0	177560
128	54	64	0	177573
144	78	52	0	177618
128	74	64	0	177629
144	54	65	0	177923
144	47	55	0	177931
144	71	68	0	177935
144	50	50	0	177940
128	78	64	0	177942
144	74	74	0	178648
128	71	64	0	178696
128	74	64	0	178804
128	47	64	0	178814
128	50	64	0	178847
128	54	64	0	178871
144	77	68	0	179230
144	54	60	0	179242
144	47	51	0	179275
144	50	45	0	179284
144	78	82	0	179332
176	64	0	0	179336
128	77	64	0	179374
176	64	127	0	179426
128	78	64	0	179929
144	74	62	0	179952
128	47	64	0	180126
128	50	64	0	180135
128	54	64	0	180163
128	74	64	0	180285
144	78	43	0	180299
144	47	54	0	180619
144	54	58	0	180623
144	50	56	0	180651
128	78	64	0	180660
144	71	68	0	180664
144	74	71	0	181441
128	71	64	0	181453
128	47	64	0	181737
128	50	64	0	181747
128	54	64	0	181760
144	54	64	0	182128
144	47	66	0	182135
128	74	64	0	182137
144	50	66	0	182152
144	78	77	0	182156
128	54	64	0	182482
128	47	64	0	182489
128	50	64	0	182491
128	78	64	0	182797
144	47	62	0	182800
144	54	61	0	182803
144	50	64	0	182829
144	74	65	0	182833
128	47	64	0	183040
128	50	64	0	183048
128	54	64	0	183063
144	78	56	0	183120
128	74	64	0	183166
144	49	73	0	183437
144	54	70	0	183446
144	73	73	0	183469
128	78	64	0	183493
128	73	64	0	183698
128	49	64	0	183729
128	54	64	0	183734
144	74	71	0	184082
144	50	70	0	184087
144	54	74	0	184094
128	50	64	0	184386
144	78	60	0	184389
128	54	64	0	184406
128	74	64	0	184434
128	78	64	0	184697
144	49	73	0	184710
144	54	69	0	184729
144	73	76	0	184732
128	49	64	0	184953
128	54	64	0	184983
128	73	64	0	185037
144	54	70	0	185347
144	50	60	0	185354
144	74	71	0	185376
128	50	64	0	185515
128	54	64	0	185569
144	78	55	0	185668
128	74	64	0	185669
128	78	64	0	185763
144	46	49	0	186063
144	54	62	0	186075
176	64	0	0	186088
144	49	74	0	186094
144	73	67	0	186112
176	64	127	0	186175
128	46	64	0	186794
128	49	64	0	186853
128	54	64	0	186872
128	73	64	0	186903
144	50	59	0	188043
144	54	57	0	188050
144	71	64	0	188055
144	74	61	0	188057
144	47	53	0	188060
128	74	64	0	188530
128	71	64	0	188549
144	66	56	0	188743
128	47	64	0	188984
144	71	58	0	189017
128	66	64	0	189024
128	54	64	0	189029
128	50	64	0	189041
144	54	58	0	189342
144	50	53	0	189353
144	62	63	0	189360
144	47	35	0	189363
128	71	64	0	189444
128	62	64	0	189768
144	66	77	0	190003
128	66	64	0	190121
128	50	64	0	190170
128	47	64	0	190187
128	54	64	0	190190
144	70	58	0	190555
144	54	57	0	190577
144	50	57	0	190580
144	47	54	0	190594
176	64	0	0	190618
144	71	82	0	190634
128	70	64	0	190667
176	64	127	0	190705
128	71	64	0	191290
144	66	59	0	191293
128	50	64	0	191387
128	47	64	0	191391
128	54	64	0	191403
128	66	64	0	191562
144	71	43	0	191577
144	54	55	0	191926
144	47	46	0	191940
144	50	55	0	191944
144	62	64	0	191968
128	71	64	0	192060
144	66	67	0	192668
128	62	64	0	192680
128	66	64	0	192811
128	47	64	0	192830
128	50	64	0	192838
128	54	64	0	192873
144	70	46	0	193232
144	50	58	0	193267
144	54	49	0	193270
144	47	49	0	193280
144	71	74	0	193298
176	64	0	0	193314
128	70	64	0	193321
176	64	127	0	193374
128	47	64	0	193733
128	50	64	0	193752
128	54	64	0	193755
128	71	64	0	193969
144	66	58	0	193981
144	54	46	0	194008
144	50	55	0	194014
144	47	51	0	194019
128	54	64	0	194256
128	50	64	0	194283
128	66	64	0	194285
128	47	64	0	194295
144	71	50	0	194298
128	71	64	0	194544
144	65	61	0	194677
128	65	64	0	195149
144	66	60	0	195298
128	66	64	0	195575
144	71	59	0	195598
128	71	64	0	195836
144	65	58	0	195938
128	65	64	0	196167
144	66	46	0	196570
128	66	64	0	196862
144	71	52	0	196885
144	62	46	0	197183
128	71	64	0	197190
144	65	59	0	197201
128	65	64	0	197474
128	62	64	0	197498
144	63	54	0	197876
144	66	51	0	197885
128	63	64	0	198060
128	66	64	0	198148
144	71	46	0	198188
128	71	64	0	198453
144	62	55	0	198515
144	65	52	0	198518
128	62	64	0	198677
128	65	64	0	198742
144	66	52	0	199156
144	59	46	0	199162
128	59	64	0	199412
128	66	64	0	199416
144	71	39	0	199471
128	71	64	0	199701
144	65	50	0	199795
144	58	56	0	199827
128	58	64	0	199937
128	65	64	0	200019
144	59	51	0	200450
144	66	61	0	200458
128	59	64	0	200716
128	66	64	0	200722
144	71	48	0	200755
128	71	64	0	200970
144	65	55	0	201101
144	58	58	0	201108
128	58	64	0	201247
128	65	64	0	201335
144	66	53	0	201769
144	54	49	0	201772
128	54	64	0	201901
128	66	64	0	202002
144	71	50	0	202047
128	71	64	0	202292
144	53	52	0	202370
144	65	55	0	202395
128	53	64	0	202565
128	65	64	0	202644
144	66	58	0	203109
144	51	45	0	203124
128	51	64	0	203296
128	66	64	0	203331
144	71	39	0	203384
128	71	64	0	203548
144	65	54	0	203787
144	50	40	0	203790
128	50	64	0	203942
128	65	64	0	203997
144	50	37	0	208995
144	59	41	0	209005
144	54	58	0	209015
144	71	48	0	209024
128	71	64	0	209693
144	66	50	0	209704
128	66	64	0	209971
144	71	56	0	209974
144	62	58	0	210348
128	71	64	0	210467
128	62	64	0	210864
144	66	64	0	211021
128	50	64	0	211168
128	54	64	0	211181
128	59	64	0	211186
128	66	64	0	211194
144	50	51	0	211695
144	54	65	0	211709
144	59	43	0	211713
144	69	65	0	211736
128	69	64	0	212356
144	66	57	0	212359
128	66	64	0	212648
144	69	44	0	212671
144	62	58	0	213021
128	69	64	0	213047
144	66	66	0	213746
128	62	64	0	213777
128	66	64	0	213898
128	50	64	0	213918
128	59	64	0	213921
128	54	64	0	213933
144	68	56	0	214337
144	54	51	0	214343
144	50	53	0	214349
144	59	41	0	214360
176	64	0	0	214433
144	69	66	0	214443
128	68	64	0	214463
176	64	127	0	214554
128	69	64	0	215011
144	67	60	0	215021
128	50	64	0	215290
128	67	64	0	215298
144	69	50	0	215310
128	59	64	0	215338
128	54	64	0	215349
144	50	42	0	215631
144	59	44	0	215634
144	54	61	0	215641
144	66	67	0	215678
128	69	64	0	215721
176	64	0	0	215724
176	64	127	0	215754
128	50	64	0	215988
128	59	64	0	216022
128	54	64	0	216033
144	68	58	0	216193
128	66	64	0	216232
144	54	54	0	216241
144	50	53	0	216244
144	59	44	0	216264
128	68	64	0	216291
144	69	72	0	216294
128	69	64	0	216584
144	67	58	0	216598
128	50	64	0	216648
128	59	64	0	216674
128	54	64	0	216685
176	64	0	0	216924
144	54	55	0	216930
144	50	61	0	216942
144	59	45	0	216947
144	66	67	0	216950
128	67	64	0	216981
176	64	127	0	216985
128	66	64	0	217174
128	50	64	0	217253
128	59	64	0	217295
128	54	64	0	217297
144	63	61	0	217472
144	54	53	0	217505
144	59	48	0	217507
144	50	56	0	217517
128	63	64	0	217554
144	64	63	0	217570
176	64	0	0	217614
176	64	127	0	217643
128	64	64	0	217896
144	63	57	0	217906
128	59	64	0	217952
128	50	64	0	217954
128	54	64	0	217976
128	63	64	0	218163
144	62	62	0	218216
144	54	52	0	218223
144	59	44	0	218242
144	50	55	0	218244
176	64	0	0	218273
176	64	127	0	218333
128	50	64	0	218696
128	54	64	0	218722
128	59	64	0	218727
144	59	31	0	218947
144	54	56	0	218954
144	50	47	0	218957
128	62	64	0	218984
128	50	64	0	219122
128	54	64	0	219147
128	59	64	0	219155
144	59	52	0	219602
144	54	65	0	219606
144	50	64	0	219610
144	69	63	0	219646
128	69	64	0	220285
144	66	59	0	220295
144	69	56	0	220564
128	66	64	0	220607
128	50	64	0	220642
128	54	64	0	220669
128	59	64	0	220696
144	62	64	0	220939
128	69	64	0	220948
144	66	73	0	221609
128	62	64	0	221647
128	66	64	0	221749
144	68	66	0	222157
144	50	57	0	222170
144	54	62	0	222173
144	59	52	0	222184
176	64	0	0	222201
144	69	73	0	222255
128	68	64	0	222279
176	64	127	0	222322
144	66	60	0	222910
128	69	64	0	222914
144	69	52	0	223209
128	66	64	0	223211
144	62	70	0	223550
128	69	64	0	223570
144	66	64	0	224179
128	62	64	0	224202
128	50	64	0	224288
128	59	64	0	224301
128	54	64	0	224322
128	66	64	0	224339
144	68	46	0	224705
144	54	61	0	224746
144	50	60	0	224748
144	59	53	0	224751
176	64	0	0	224782
144	69	76	0	224802
128	68	64	0	224838
176	64	127	0	224872
128	50	64	0	225189
128	59	64	0	225219
128	54	64	0	225240
128	69	64	0	225422
144	54	51	0	225437
144	59	48	0	225443
144	66	66	0	225447
144	50	54	0	225450
144	69	51	0	225751
128	66	64	0	225767
128	50	64	0	225810
128	59	64	0	225828
128	54	64	0	225861
128	69	64	0	226065
144	62	68	0	226093
144	54	55	0	226103
144	50	59	0	226103
144	59	52	0	226106
128	62	64	0	226351
128	50	64	0	226371
128	59	64	0	226378
128	54	64	0	226387
144	63	51	0	226591
144	54	53	0	226632
144	59	44	0	226638
144	50	57	0	226643
176	64	0	0	226674
144	64	69	0	226680
128	63	64	0	226688
176	64	127	0	226792
144	62	57	0	226966
128	64	64	0	226981
128	50	64	0	226986
128	59	64	0	226995
128	54	64	0	227007
144	59	47	0	227316
144	54	53	0	227320
144	61	66	0	227326
176	64	0	0	227333
128	62	64	0	227337
144	50	65	0	227342
176	64	127	0	227454
128	61	64	0	227502
128	50	64	0	227573
128	59	64	0	227589
128	54	64	0	227610
144	54	52	0	227973
144	50	52	0	227978
144	59	45	0	227981
144	62	51	0	227995
176	64	0	0	228021
176	64	127	0	228081
128	54	64	0	228231
128	50	64	0	228241
128	59	64	0	228246
128	62	64	0	228264
144	61	56	0	228290
128	61	64	0	228515
144	50	49	0	228630
144	54	61	0	228651
144	59	60	0	228653
128	54	64	0	228965
128	50	64	0	229004
128	59	64	0	229205
144	54	68	0	229981
144	47	69	0	229991
144	59	68	0	229995
144	63	66	0	229998
176	64	0	0	230001
176	64	127	0	230092
128	47	64	0	230414
128	59	64	0	230420
128	54	64	0	230435
128	63	64	0	230494
144	54	65	0	230627
144	59	66	0	230634
144	47	62	0	230646
144	63	69	0	230653
128	59	64	0	230807
128	63	64	0	230817
144	63	55	0	230917
144	59	57	0	230944
128	47	64	0	230986
128	54	64	0	230989
128	59	64	0	231102
128	63	64	0	231104
144	54	63	0	231318
144	59	60	0	231321
144	62	62	0	231324
144	47	53	0	231332
176	64	0	0	231381
176	64	127	0	231472
128	47	64	0	231646
128	54	64	0	231698
144	54	44	0	231959
144	47	35	0	231983
128	54	64	0	232171
128	59	64	0	232182
128	47	64	0	232186
128	62	64	0	232208
144	55	36	0	232586
144	47	49	0	232589
144	59	42	0	232594
144	62	49	0	232599
128	47	64	0	232975
128	55	64	0	233002
128	59	64	0	233013
128	62	64	0	233043
144	55	55	0	233289
144	62	50	0	233307
144	59	51	0	233310
144	47	53	0	233312
128	59	64	0	233415
128	62	64	0	233431
128	55	64	0	233465
128	47	64	0	233518
144	59	44	0	233584
144	62	31	0	233604
128	62	64	0	233691
128	59	64	0	233693
176	64	0	0	233935
144	54	47	0	233955
144	46	70	0	233967
144	61	60	0	233986
144	58	55	0	234019
176	64	127	0	234024
128	54	64	0	234380
128	46	64	0	234382
144	46	48	0	234645
144	54	43	0	234656
128	46	64	0	234802
128	54	64	0	234830
128	61	64	0	234891
128	58	64	0	234920
144	55	55	0	235279
144	47	59	0	235282
144	59	59	0	235299
144	62	57	0	235302
176	64	0	0	235402
176	64	127	0	235463
128	47	64	0	235619
128	55	64	0	235624
128	59	64	0	235654
128	62	64	0	235687
144	55	54	0	235940
144	47	54	0	235956
144	59	51	0	235967
144	62	50	0	235973
128	62	64	0	236080
128	59	64	0	236087
128	55	64	0	236103
128	47	64	0	236109
144	59	51	0	236252
144	62	49	0	236262
128	62	64	0	236356
128	59	64	0	236367
144	46	61	0	236599
176	64	0	0	236603
144	61	63	0	236616
144	54	58	0	236624
176	64	127	0	236632
144	58	62	0	236639
128	46	64	0	236786
128	54	64	0	236794
128	58	64	0	236796
128	61	64	0	236816
144	47	49	0	237200
144	55	57	0	237210
144	62	51	0	237218
144	59	58	0	237230
176	64	0	0	237322
176	64	127	0	237380
128	55	64	0	237449
128	47	64	0	237456
128	62	64	0	237482
144	64	59	0	237525
128	59	64	0	237642
128	64	64	0	237672
176	64	0	0	237833
144	46	64	0	237879
144	54	49	0	237882
144	59	46	0	237891
144	61	60	0	237896
176	64	127	0	237921
128	46	64	0	238046
128	54	64	0	238069
128	61	64	0	238079
128	59	64	0	238096
144	47	54	0	238486
144	55	52	0	238492
144	62	55	0	238503
144	59	57	0	238508
176	64	0	0	238552
176	64	127	0	238611
128	59	64	0	238683
128	47	64	0	238685
128	62	64	0	238687
128	55	64	0	238690
144	64	55	0	238855
144	59	21	0	238891
128	59	64	0	238960
128	64	64	0	238961
176	64	0	0	239212
144	46	56	0	239239
144	59	53	0	239249
144	54	57	0	239264
176	64	127	0	239272
144	61	56	0	239277
128	54	64	0	240385
128	46	64	0	240395
128	59	64	0	240431
128	61	64	0	240439
144	54	54	0	241107
144	46	60	0	241118
144	61	62	0	241136
144	58	61	0	241138
176	64	0	0	241159
176	64	127	0	241250
128	61	64	0	241643
128	58	64	0	241646
144	58	42	0	241779
144	61	45	0	241787
128	46	64	0	241878
128	58	64	0	241882
128	61	64	0	241884
128	54	64	0	241904
144	61	42	0	242093
144	58	48	0	242099
128	61	64	0	242180
128	58	64	0	242187
144	47	51	0	242423
144	55	51	0	242429
144	62	50	0	242444
144	59	50	0	242458
128	55	64	0	242606
128	62	64	0	242614
128	47	64	0	242622
128	59	64	0	242636
144	54	59	0	243037
144	64	57	0	243053
144	61	58	0	243061
128	61	64	0	243168
128	54	64	0	243175
128	64	64	0	243212
144	46	63	0	243710
144	54	58	0	243718
144	61	63	0	243733
176	64	0	0	243740
144	58	61	0	243748
176	64	127	0	243801
128	58	64	0	244208
128	61	64	0	244231
144	61	59	0	244401
144	58	54	0	244404
128	46	64	0	244407
128	54	64	0	244430
128	58	64	0	244492
128	61	64	0	244524
144	61	38	0	244655
144	58	44	0	244690
128	61	64	0	244759
128	58	64	0	244766
144	55	48	0	245022
144	47	60	0	245024
144	62	51	0	245030
144	59	63	0	245032
128	62	64	0	245215
128	55	64	0	245216
128	47	64	0	245219
128	59	64	0	245235
144	54	63	0	245663
144	64	57	0	245677
144	61	62	0	245690
128	54	64	0	245750
128	61	64	0	245762
128	64	64	0	245809
144	46	59	0	246338
144	54	61	0	246341
144	61	59	0	246344
144	64	56	0	246348
128	61	64	0	246788
128	64	64	0	246793
144	59	57	0	247007
144	62	58	0	247011
128	62	64	0	247138
128	59	64	0	247165
144	61	61	0	247329
144	58	50	0	247345
128	46	64	0	247355
128	54	64	0	247371
128	61	64	0	247404
128	58	64	0	247405
144	46	58	0	247651
144	54	49	0	247659
144	57	51	0	247664
144	61	61	0	247668
128	61	64	0	247934
128	57	64	0	247942
128	54	64	0	247978
128	46	64	0	247988
144	46	57	0	248305
144	54	53	0	248319
144	59	58	0	248321
144	62	58	0	248332
128	62	64	0	248484
128	54	64	0	248496
128	46	64	0	248500
128	59	64	0	248504
144	61	57	0	248638
128	61	64	0	248804
144	46	38	0	248964
144	54	42	0	248988
144	57	60	0	248991
128	54	64	0	249308
128	46	64	0	249325
128	57	64	0	249381
144	46	50	0	249670
144	55	47	0	249683
128	46	64	0	249934
128	55	64	0	249978
144	54	50	0	250358
144	46	51	0	250363
128	46	64	0	250552
128	54	64	0	250657
144	52	54	0	251110
144	46	48	0	251113
128	46	64	0	251209
128	52	64	0	251359
144	33	46	0	252369
144	45	40	0	252387
144	50	59	0	252415
176	64	0	0	252470
176	64	127	0	252563
128	45	64	0	252907
128	33	64	0	252921
128	50	64	0	253083
144	33	50	0	253190
144	54	54	0	253193
144	45	36	0	253195
128	45	64	0	253417
128	33	64	0	253448
128	54	64	0	253460
144	50	51	0	253515
128	50	64	0	253814
144	33	42	0	253830
144	45	25	0	253834
144	57	52	0	253866
128	57	64	0	254004
128	45	64	0	254059
128	33	64	0	254078
144	33	49	0	254436
144	45	36	0	254446
144	62	50	0	254473
128	45	64	0	254739
128	33	64	0	254746
144	57	57	0	254766
128	62	64	0	254769
144	45	24	0	255082
144	33	40	0	255087
128	57	64	0	255113
144	66	55	0	255143
128	45	64	0	255347
128	33	64	0	255371
144	33	43	0	255751
144	45	29	0	255754
128	66	64	0	255756
144	64	52	0	255788
128	45	64	0	256050
128	33	64	0	256081
144	45	33	0	256403
128	64	64	0	256420
144	33	44	0	256424
144	62	55	0	256441
128	33	64	0	256715
128	45	64	0	256726
128	62	64	0	256875
144	45	27	0	257093
144	33	52	0	257119
144	61	58	0	257148
128	33	64	0	257430
128	45	64	0	257433
128	61	64	0	257661
144	45	25	0	257784
144	33	55	0	257813
144	62	62	0	257823
176	64	0	0	257840
176	64	127	0	257932
128	45	64	0	258163
128	33	64	0	258172
128	62	64	0	258295
144	45	51	0	258498
144	33	53	0	258521
144	60	53	0	258530
128	45	64	0	258805
128	33	64	0	258809
128	60	64	0	258864
144	59	44	0	258889
144	33	57	0	259222
144	45	44	0	259224
144	57	62	0	259246
128	59	64	0	259250
176	64	0	0	259281
176	64	127	0	259309
128	45	64	0	259523
128	33	64	0	259525
128	57	64	0	259710
144	59	53	0	259728
144	45	44	0	259795
144	33	45	0	259805
144	57	55	0	259873
128	59	64	0	259881
128	45	64	0	260096
128	33	64	0	260104
128	57	64	0	260190
144	55	57	0	260201
144	45	35	0	260507
144	33	55	0	260512
128	55	64	0	260533
176	64	0	0	260540
144	54	60	0	260547
176	64	127	0	260660
128	45	64	0	260853
128	33	64	0	260854
144	33	42	0	261201
144	45	23	0	261206
128	54	64	0	261216
144	50	60	0	261240
128	45	64	0	261546
128	33	64	0	261557
128	50	64	0	261693
144	45	42	0	261949
144	33	47	0	261960
128	33	64	0	262414
128	45	64	0	262429
144	45	34	0	262697
144	33	53	0	262700
128	33	64	0	262881
128	45	64	0	262902
144	33	51	0	263409
144	45	38	0	263413
144	69	58	0	263433
128	45	64	0	263771
128	33	64	0	263783
144	45	25	0	264055
128	69	64	0	264068
144	33	49	0	264081
144	66	56	0	264096
128	45	64	0	264329
128	33	64	0	264335
144	69	48	0	264386
128	66	64	0	264391
144	45	35	0	264731
144	33	44	0	264744
128	69	64	0	264755
144	62	53	0	264777
128	33	64	0	265376
128	45	64	0	265439
144	66	59	0	265501
128	62	64	0	265553
128	66	64	0	265666
144	45	51	0	266173
144	69	48	0	266187
144	54	53	0	266191
128	54	64	0	266481
128	45	64	0	266506
128	69	64	0	266824
144	45	42	0	266832
144	66	58	0	266862
144	54	49	0	266866
128	54	64	0	267094
128	45	64	0	267102
128	66	64	0	267129
144	69	46	0	267133
144	54	53	0	267466
128	69	64	0	267469
144	45	44	0	267477
144	62	59	0	267498
128	54	64	0	267701
128	45	64	0	267738
128	62	64	0	267858
144	57	22	0	268146
144	54	43	0	268171
144	66	61	0	268175
144	50	57	0	268184
144	45	29	0	268204
128	66	64	0	268379
128	54	64	0	268427
128	45	64	0	268434
128	57	64	0	268449
128	50	64	0	268454
144	68	59	0	268713
144	57	24	0	268760
176	64	0	0	268764
144	50	49	0	268773
144	54	54	0	268778
144	45	55	0	268783
144	69	71	0	268812
128	68	64	0	268845
176	64	127	0	268882
128	54	64	0	269179
128	45	64	0	269183
128	50	64	0	269211
128	57	64	0	269213
128	69	64	0	269415
144	66	61	0	269437
144	50	53	0	269462
144	57	29	0	269469
144	54	60	0	269472
144	45	60	0	269474
128	54	64	0	269774
128	45	64	0	269796
128	66	64	0	269798
128	57	64	0	269803
128	50	64	0	269811
144	64	58	0	269822
128	64	64	0	270106
144	62	60	0	270134
176	64	0	0	270139
144	50	49	0	270147
144	45	55	0	270150
144	54	63	0	270155
144	57	36	0	270158
176	64	127	0	270231
128	54	64	0	270437
128	45	64	0	270455
128	57	64	0	270464
128	50	64	0	270467
128	62	64	0	270498
144	66	60	0	270774
144	45	59	0	270783
144	50	44	0	270790
144	57	41	0	270795
144	54	49	0	270798
128	54	64	0	271087
128	45	64	0	271108
128	50	64	0	271112
144	64	56	0	271115
128	57	64	0	271118
128	66	64	0	271121
144	57	22	0	271437
144	54	54	0	271442
144	45	24	0	271447
144	50	47	0	271449
144	61	58	0	271452
176	64	0	0	271459
128	64	64	0	271480
176	64	127	0	271489
128	54	64	0	271756
128	50	64	0	271776
128	57	64	0	271779
128	45	64	0	271780
128	61	64	0	271962
144	64	55	0	272022
144	45	47	0	272062
144	57	31	0	272076
144	50	57	0	272080
144	54	58	0	272091
144	66	55	0	272363
128	64	64	0	272367
128	54	64	0	272375
128	45	64	0	272390
128	50	64	0	272401
128	57	64	0	272403
128	66	64	0	272510
144	67	61	0	272538
144	64	55	0	272747
128	67	64	0	272764
144	54	53	0	272785
144	50	49	0	272788
144	57	17	0	272791
144	45	31	0	272795
128	45	64	0	273237
128	54	64	0	273239
128	50	64	0	273247
128	57	64	0	273263
128	64	64	0	273440
144	66	65	0	273443
144	57	32	0	273456
144	45	38	0	273479
144	50	53	0	273487
144	54	54	0	273490
128	54	64	0	273703
128	50	64	0	273732
128	45	64	0	273738
128	57	64	0	273752
128	66	64	0	273761
144	64	47	0	273813
176	64	0	0	274099
144	45	40	0	274150
144	50	44	0	274153
144	57	30	0	274158
176	64	127	0	274164
144	54	60	0	274168
128	64	64	0	274173
144	62	72	0	274193
128	54	64	0	274454
128	62	64	0	274473
128	45	64	0	274475
128	50	64	0	274478
128	57	64	0	274498
144	45	38	0	274856
144	57	25	0	274861
144	54	50	0	274867
144	50	48	0	274872
144	74	59	0	274884
128	54	64	0	275141
128	45	64	0	275148
128	50	64	0	275149
128	57	64	0	275159
128	74	64	0	275169
144	69	45	0	275201
176	64	0	0	275509
144	54	49	0	275532
144	57	26	0	275535
144	45	23	0	275541
144	50	47	0	275544
176	64	127	0	275569
144	66	64	0	275595
128	69	64	0	275597
128	54	64	0	275822
128	50	64	0	275830
128	45	64	0	275838
128	57	64	0	275840
128	66	64	0	276203
144	50	49	0	276239
144	54	50	0	276242
144	45	38	0	276246
144	69	43	0	276249
144	57	26	0	276251
128	54	64	0	276478
128	57	64	0	276484
128	50	64	0	276487
128	45	64	0	276489
176	64	0	0	276768
128	69	64	0	276875
176	64	127	0	276888
144	45	41	0	276900
144	57	29	0	276904
144	50	47	0	276908
144	54	52	0	276911
144	62	51	0	276932
144	74	55	0	277598
128	62	64	0	277633
128	45	64	0	277737
128	54	64	0	277745
128	50	64	0	277747
128	57	64	0	277777
128	74	64	0	277857
144	69	46	0	277905
144	50	38	0	278215
144	45	57	0	278236
144	54	52	0	278239
128	69	64	0	278241
144	57	26	0	278248
176	64	0	0	278269
144	66	53	0	278275
176	64	127	0	278327
128	66	64	0	278863
144	69	61	0	278906
128	69	64	0	279014
128	45	64	0	279028
128	54	64	0	279035
128	57	64	0	279036
128	50	64	0	279038
144	73	49	0	279484
144	50	49	0	279527
144	54	53	0	279530
144	45	45	0	279535
144	57	37	0	279550
176	64	0	0	279560
144	74	67	0	279566
128	73	64	0	279572
176	64	127	0	279648
128	57	64	0	280254
128	54	64	0	280256
128	45	64	0	280268
128	50	64	0	280273
144	73	69	0	280306
128	74	64	0	280336
128	73	64	0	280602
144	71	48	0	280609
144	45	59	0	280993
144	54	56	0	280993
128	71	64	0	280995
144	69	74	0	280999
144	50	54	0	281001
144	57	42	0	281004
176	64	0	0	281058
176	64	127	0	281147
144	73	59	0	281506
128	69	64	0	281530
144	74	65	0	281589
128	73	64	0	281595
128	45	64	0	281632
128	54	64	0	281643
128	50	64	0	281646
128	57	64	0	281652
144	71	52	0	281947
128	74	64	0	281963
144	50	58	0	282281
144	54	49	0	282284
128	71	64	0	282286
144	69	68	0	282290
144	45	49	0	282293
176	64	0	0	282299
144	57	40	0	282304
176	64	127	0	282378
144	73	52	0	282866
128	69	64	0	282922
144	74	60	0	282979
128	45	64	0	282983
128	57	64	0	282999
128	73	64	0	283005
128	54	64	0	283006
128	50	64	0	283018
128	74	64	0	283326
144	71	51	0	283333
144	54	45	0	283683
144	45	54	0	283685
144	69	67	0	283697
176	64	0	0	283703
128	71	64	0	283707
144	57	33	0	283710
144	50	60	0	283714
176	64	127	0	283848
128	45	64	0	284341
128	50	64	0	284413
128	57	64	0	284416
128	54	64	0	284444
128	69	64	0	284563
144	57	55	0	285224
144	62	44	0	285237
144	69	54	0	285248
128	57	64	0	285750
128	62	64	0	285766
128	69	64	0	285895
144	67	48	0	285927
144	62	53	0	285954
144	57	59	0	285961
144	69	54	0	286251
128	67	64	0	286254
128	62	64	0	286347
128	57	64	0	286350
144	57	63	0	286604
144	66	64	0	286621
144	62	46	0	286624
128	69	64	0	286655
144	67	56	0	287431
128	66	64	0	287433
128	62	64	0	287687
128	57	64	0	287714
128	67	64	0	288148
144	54	63	0	288167
144	62	49	0	288202
144	69	57	0	288220
176	64	0	0	288256
176	64	127	0	288289
128	62	64	0	288648
128	54	64	0	288671
128	69	64	0	288841
144	62	49	0	288860
144	67	54	0	288864
144	54	57	0	288873
128	67	64	0	289112
144	69	39	0	289127
128	62	64	0	289134
128	54	64	0	289162
144	54	60	0	289504
144	62	44	0	289508
144	66	59	0	289533
128	69	64	0	289610
128	54	64	0	289912
128	62	64	0	289929
128	66	64	0	290291
144	67	58	0	290304
144	54	63	0	290314
144	62	50	0	290322
128	67	64	0	290459
128	54	64	0	290468
128	62	64	0	290492
144	68	31	0	291586
128	68	64	0	291700
144	69	56	0	292148
144	57	35	0	292151
144	54	42	0	292162
144	50	20	0	292208
176	64	0	0	292216
176	64	127	0	292336
128	54	64	0	292762
128	50	64	0	292764
128	57	64	0	292800
128	69	64	0	292932
144	67	37	0	293003
144	50	46	0	293005
144	57	30	0	293013
144	54	42	0	293016
128	54	64	0	293292
128	57	64	0	293295
128	50	64	0	293297
144	66	51	0	293360
128	67	64	0	293363
128	66	64	0	293689
144	50	42	0	293696
144	64	61	0	293703
144	57	33	0	293707
144	54	47	0	293710
128	54	64	0	293994
128	64	64	0	293996
128	50	64	0	293999
128	57	64	0	294003
144	65	45	0	294370
144	54	53	0	294382
144	57	29	0	294389
144	50	37	0	294392
176	64	0	0	294467
144	66	56	0	294476
128	65	64	0	294481
176	64	127	0	294527
128	57	64	0	294810
128	50	64	0	294813
128	54	64	0	294820
144	64	64	0	295042
128	66	64	0	295050
128	64	64	0	295450
144	50	41	0	295463
144	54	55	0	295466
144	57	31	0	295476
144	62	62	0	295479
176	64	0	0	295518
176	64	127	0	295548
128	62	64	0	295757
128	57	64	0	295826
128	54	64	0	295836
128	50	64	0	295838
144	63	46	0	296144
144	54	49	0	296192
144	57	44	0	296195
144	50	46	0	296197
144	64	58	0	296249
128	63	64	0	296253
176	64	0	0	296296
176	64	127	0	296356
128	50	64	0	296604
128	64	64	0	296605
144	62	53	0	296609
128	54	64	0	296642
128	57	64	0	296644
128	62	64	0	297017
144	57	34	0	297030
144	61	58	0	297033
144	54	55	0	297038
144	50	45	0	297048
128	61	64	0	297430
144	64	63	0	297445
128	54	64	0	297519
128	57	64	0	297524
128	50	64	0	297531
144	54	46	0	297915
176	64	0	0	297920
144	50	45	0	297927
128	64	64	0	297934
144	57	54	0	297941
144	66	66	0	297950
176	64	127	0	298038
128	66	64	0	298553
128	50	64	0	298575
128	57	64	0	298592
128	54	64	0	298596
144	64	72	0	298612
128	64	64	0	298764
144	38	72	0	300385
144	50	70	0	300390
144	62	70	0	300395
144	57	75	0	300407
144	54	78	0	300418
128	62	64	0	305000
128	50	64	0	305004
128	57	64	0	305007
128	54	64	0	305009
128	38	64	0	305016
176	64	0	0	305446
