144	64	69	0	1521
128	64	64	0	1638
144	70	56	0	1652
128	70	64	0	1705
144	64	64	0	1727
128	64	64	0	1819
144	70	34	0	1838
128	70	64	0	1901
144	64	59	0	1928
144	70	51	0	1986
128	64	64	0	1998
128	70	64	0	2068
144	52	62	0	2110
144	60	75	0	2162
144	58	66	0	2162
144	70	67	0	2434
128	58	64	0	2499
128	60	64	0	2517
128	52	64	0	2541
144	64	68	0	2566
128	70	64	0	2572
128	64	64	0	2691
144	58	58	0	2691
144	52	62	0	2705
144	70	70	0	2928
144	60	79	0	3158
128	70	64	0	3573
144	64	72	0	3585
144	70	55	0	3680
128	64	64	0	3689
128	70	64	0	3802
144	64	69	0	3888
144	70	66	0	3951
128	64	64	0	3966
128	70	64	0	4063
144	64	73	0	4080
144	70	71	0	4135
128	64	64	0	4196
144	72	77	0	4223
128	70	64	0	4253
144	70	71	0	4528
128	72	64	0	4551
128	70	64	0	4603
144	64	72	0	4640
144	70	66	0	4715
128	64	64	0	4732
144	67	67	0	4807
128	70	64	0	4832
144	64	76	0	4925
128	67	64	0	4939
144	67	57	0	5035
128	64	64	0	5083
144	70	77	0	5169
128	67	64	0	5200
144	72	82	0	5255
128	70	64	0	5291
128	52	64	0	5673
128	58	64	0	5689
128	60	64	0	5723
144	70	76	0	5774
144	64	66	0	5780
144	67	65	0	5780
144	60	77	0	5811
144	58	61	0	5818
144	52	62	0	5829
128	64	64	0	6049
128	70	64	0	6050
144	70	63	0	6202
128	67	64	0	6258
144	64	72	0	6293
128	70	64	0	6318
128	58	64	0	6363
128	60	64	0	6416
128	64	64	0	6488
144	60	75	0	6510
144	68	85	0	6529
144	56	81	0	6529
128	68	64	0	6912
144	64	80	0	6912
128	72	64	0	6930
144	70	81	0	6995
128	64	64	0	7049
144	64	70	0	7115
128	70	64	0	7129
144	70	84	0	7412
128	64	64	0	7447
144	68	82	0	7747
128	70	64	0	7832
128	68	64	0	8374
144	64	76	0	8403
144	68	48	0	8500
128	64	64	0	8541
128	56	64	0	8547
144	70	85	0	8572
128	60	64	0	8579
128	68	64	0	8615
144	58	73	0	8669
144	60	77	0	8669
144	64	71	0	9239
128	70	64	0	9273
128	60	64	0	9701
144	76	85	0	9919
144	70	84	0	9932
128	64	64	0	10212
144	60	93	0	10691
144	67	89	0	10697
128	76	64	0	11857
128	70	64	0	11891
128	67	64	0	11921
144	76	94	0	12005
144	70	79	0	12011
128	60	64	0	12735
128	58	64	0	12741
128	52	64	0	12824
144	52	81	0	12898
144	60	82	0	12903
144	58	83	0	12911
144	67	92	0	12921
128	76	64	0	13824
128	70	64	0	13966
144	70	84	0	14286
144	76	89	0	14294
128	67	64	0	14336
128	60	64	0	14535
128	52	64	0	14541
128	58	64	0	14584
144	60	76	0	15000
144	52	81	0	15012
144	58	84	0	15012
144	67	92	0	15028
128	70	64	0	15046
128	52	64	0	16231
128	58	64	0	16242
128	60	64	0	16269
144	58	66	0	16353
144	52	63	0	16353
144	60	73	0	16359
144	70	84	0	16372
128	67	64	0	16394
128	70	64	0	16712
144	68	73	0	16736
128	68	64	0	16780
144	70	64	0	16876
128	70	64	0	16926
128	60	64	0	16926
128	52	64	0	16935
128	58	64	0	16941
144	68	79	0	16947
144	52	65	0	17039
144	58	68	0	17049
144	60	78	0	17054
128	68	64	0	17060
144	67	96	0	17068
128	67	64	0	18192
128	76	64	0	18221
144	72	94	0	18462
144	76	93	0	18468
144	70	94	0	18473
128	60	64	0	18678
128	52	64	0	18725
128	58	64	0	18730
144	60	75	0	19216
144	58	78	0	19222
144	52	74	0	19232
144	67	90	0	19241
128	70	64	0	20464
128	76	64	0	20486
128	72	64	0	20520
128	67	64	0	20620
144	70	91	0	20755
144	72	85	0	20762
144	76	82	0	20762
128	60	64	0	20904
128	58	64	0	20910
128	52	64	0	20953
144	48	80	0	21530
144	56	86	0	21530
144	67	96	0	21569
128	72	64	0	22649
128	70	64	0	22732
128	76	64	0	22769
128	67	64	0	23063
144	70	93	0	23130
144	76	85	0	23138
144	72	87	0	23143
128	56	64	0	23306
128	48	64	0	23376
144	43	79	0	24122
144	67	83	0	24128
144	55	78	0	24128
128	76	64	0	24998
128	70	64	0	25033
128	72	64	0	25034
128	67	64	0	25274
144	64	65	0	25628
144	70	64	0	25635
144	67	65	0	25641
128	67	64	0	25949
128	64	64	0	25969
128	70	64	0	25974
144	70	64	0	26351
144	60	49	0	26360
144	63	64	0	26382
128	60	64	0	26925
128	63	64	0	26925
128	70	64	0	26935
144	70	48	0	27056
144	60	62	0	27072
144	64	65	0	27079
128	70	64	0	27477
128	64	64	0	27483
128	60	64	0	27553
144	67	56	0	27768
144	61	62	0	27768
128	67	64	0	28179
128	61	64	0	28231
144	70	58	0	28506
144	63	78	0	28537
144	60	65	0	28537
128	60	64	0	28997
128	63	64	0	29008
128	70	64	0	29015
144	63	53	0	29241
144	68	60	0	29257
144	60	55	0	29257
128	68	64	0	29737
128	63	64	0	29759
128	60	64	0	29765
144	70	64	0	29950
144	64	56	0	29961
144	60	63	0	29983
128	70	64	0	30397
128	60	64	0	30410
128	64	64	0	30440
144	64	62	0	30712
144	72	52	0	30717
144	60	58	0	30717
144	68	67	0	30718
128	64	64	0	31110
128	60	64	0	31160
128	68	64	0	31165
128	72	64	0	31179
144	70	47	0	31462
144	60	42	0	31479
144	67	26	0	31507
128	67	64	0	31835
128	70	64	0	31863
128	55	64	0	31899
128	60	64	0	31917
128	43	64	0	31922
144	43	49	0	32192
144	55	45	0	32198
144	51	62	0	32206
144	60	49	0	32235
144	68	53	0	32245
144	65	41	0	32250
144	64	43	0	32250
128	51	64	0	32665
128	64	64	0	32676
128	65	64	0	32676
128	68	64	0	32702
128	60	64	0	32708
128	55	64	0	32717
128	43	64	0	32763
144	55	37	0	32935
144	43	5	0	32949
144	52	65	0	32949
144	68	56	0	32963
144	64	62	0	32979
144	60	32	0	32987
128	52	64	0	33385
128	64	64	0	33431
128	68	64	0	33437
128	60	64	0	33442
128	55	64	0	33451
128	43	64	0	33458
144	51	56	0	33707
144	43	49	0	33713
144	55	52	0	33713
144	63	59	0	33713
144	68	51	0	33720
144	60	47	0	33729
128	51	64	0	34166
128	55	64	0	34176
128	63	64	0	34194
128	68	64	0	34194
128	60	64	0	34194
128	43	64	0	34218
144	55	36	0	34446
144	48	54	0	34458
144	51	58	0	34466
144	43	40	0	34466
144	60	47	0	34485
144	67	67	0	34485
128	48	64	0	34924
128	55	64	0	34930
128	60	64	0	34946
128	43	64	0	34946
128	51	64	0	34946
128	67	64	0	34954
144	51	43	0	35200
144	43	42	0	35207
144	55	40	0	35213
144	63	51	0	35224
144	68	51	0	35232
144	60	43	0	35242
128	51	64	0	35676
128	63	64	0	35692
128	68	64	0	35699
128	60	64	0	35713
128	55	64	0	35724
128	43	64	0	35730
144	55	58	0	35929
144	43	29	0	35930
144	52	66	0	35952
144	64	51	0	35952
144	60	53	0	35967
144	68	55	0	35985
128	52	64	0	36314
128	55	64	0	36334
128	43	64	0	36352
128	64	64	0	36370
128	68	64	0	36384
128	60	64	0	36389
144	51	59	0	36658
144	43	38	0	36665
144	55	42	0	36678
144	63	52	0	36700
144	60	44	0	36706
144	68	52	0	36711
128	51	64	0	37091
128	55	64	0	37134
128	68	64	0	37140
128	63	64	0	37163
128	43	64	0	37169
128	60	64	0	37169
144	55	48	0	37416
144	43	31	0	37422
144	48	59	0	37427
144	67	54	0	37432
144	60	49	0	37445
128	43	64	0	37841
128	48	64	0	37841
128	55	64	0	37848
128	60	64	0	37876
128	67	64	0	37881
144	43	24	0	38157
144	51	52	0	38170
144	55	50	0	38176
144	60	52	0	38184
144	63	53	0	38184
144	68	55	0	38190
128	51	64	0	38737
128	55	64	0	38754
128	68	64	0	38769
128	63	64	0	38780
128	60	64	0	38786
128	43	64	0	38811
144	43	33	0	38918
144	60	36	0	38945
144	64	58	0	38950
144	55	51	0	38957
144	52	68	0	38957
144	68	66	0	38963
128	55	64	0	39400
128	52	64	0	39406
128	64	64	0	39448
128	60	64	0	39458
128	68	64	0	39474
128	43	64	0	39528
144	55	53	0	39722
144	51	59	0	39728
144	60	53	0	39733
144	63	55	0	39738
144	43	46	0	39743
144	68	49	0	39748
128	51	64	0	40224
128	68	64	0	40261
128	55	64	0	40261
128	43	64	0	40269
128	63	64	0	40276
128	60	64	0	40286
144	55	51	0	40478
144	67	53	0	40484
144	60	54	0	40489
144	43	45	0	40498
144	48	63	0	40508
128	43	64	0	40912
128	48	64	0	40930
128	55	64	0	40939
128	67	64	0	40939
128	60	64	0	40965
144	43	41	0	41228
144	51	59	0	41234
144	55	48	0	41234
144	70	56	0	41242
144	60	41	0	41262
144	63	56	0	41267
128	51	64	0	41730
128	55	64	0	41772
128	43	64	0	41778
128	60	64	0	41795
128	63	64	0	41803
128	70	64	0	41809
144	43	24	0	41989
144	70	60	0	41995
144	55	39	0	42004
144	60	46	0	42009
144	63	58	0	42009
144	52	62	0	42014
128	52	64	0	42440
128	55	64	0	42463
128	60	64	0	42496
128	43	64	0	42518
128	70	64	0	42540
128	63	64	0	42553
144	51	60	0	42752
144	63	46	0	42759
144	55	37	0	42766
144	70	56	0	42772
144	60	49	0	42777
144	43	32	0	42777
128	70	64	0	43294
128	51	64	0	43300
128	55	64	0	43305
128	63	64	0	43310
128	43	64	0	43334
128	60	64	0	43339
144	43	40	0	43504
144	55	54	0	43514
144	60	45	0	43520
144	67	61	0	43525
144	48	62	0	43539
144	63	61	0	43539
128	43	64	0	43961
128	48	64	0	44005
128	55	64	0	44010
128	60	64	0	44015
128	67	64	0	44048
128	63	64	0	44084
144	51	64	0	44269
144	55	61	0	44289
144	43	58	0	44298
144	70	70	0	44298
144	60	64	0	44306
144	63	68	0	44307
128	55	64	0	44784
128	51	64	0	44805
128	43	64	0	44819
128	70	64	0	44847
128	60	64	0	44863
128	63	64	0	44873
144	43	40	0	45019
144	55	66	0	45033
144	63	66	0	45044
144	70	74	0	45051
144	60	63	0	45051
144	52	80	0	45058
128	52	64	0	45518
128	55	64	0	45607
128	43	64	0	45614
128	60	64	0	45631
128	70	64	0	45631
128	63	64	0	45663
144	70	61	0	45821
144	51	61	0	45828
144	43	50	0	45828
144	55	47	0	45834
144	60	57	0	45840
144	63	66	0	45840
128	63	64	0	46323
128	70	64	0	46339
128	43	64	0	46355
128	51	64	0	46361
128	55	64	0	46381
128	60	64	0	46387
144	43	42	0	46536
144	55	54	0	46542
144	48	60	0	46548
144	67	54	0	46560
144	60	53	0	46566
144	63	62	0	46576
128	43	64	0	47027
128	48	64	0	47033
128	67	64	0	47048
128	55	64	0	47054
128	60	64	0	47067
128	63	64	0	47073
144	51	47	0	47313
144	43	48	0	47331
144	55	53	0	47331
144	63	55	0	47347
144	60	48	0	47347
144	70	59	0	47354
128	55	64	0	47812
128	51	64	0	47832
128	43	64	0	47840
128	60	64	0	47891
128	70	64	0	47897
128	63	64	0	47930
144	55	58	0	48039
144	43	44	0	48045
144	70	66	0	48062
144	52	69	0	48067
144	60	55	0	48073
144	63	53	0	48078
144	68	66	0	48425
128	70	64	0	48483
128	52	64	0	48500
128	55	64	0	48524
128	43	64	0	48555
128	63	64	0	48628
128	68	64	0	48649
128	60	64	0	48649
144	60	45	0	48808
144	63	47	0	48821
144	55	42	0	48829
144	67	59	0	48830
144	51	64	0	48837
144	43	40	0	48853
128	51	64	0	49298
128	55	64	0	49328
128	43	64	0	49328
128	60	64	0	49339
128	63	64	0	49339
128	67	64	0	49364
144	43	42	0	49548
144	60	52	0	49567
144	55	53	0	49567
144	48	67	0	49567
144	64	68	0	49575
128	48	64	0	50022
128	43	64	0	50028
128	64	64	0	50033
128	55	64	0	50041
128	60	64	0	50047
144	55	59	0	50333
144	43	52	0	50334
144	51	72	0	50341
144	63	69	0	50347
144	60	60	0	50347
144	70	70	0	50352
128	51	64	0	50838
128	43	64	0	50859
128	55	64	0	50882
128	70	64	0	50888
128	60	64	0	50908
128	63	64	0	50941
144	55	64	0	51120
144	60	62	0	51134
144	70	66	0	51134
144	63	65	0	51141
144	52	81	0	51141
144	43	41	0	51147
144	68	66	0	51469
128	52	64	0	51590
128	55	64	0	51643
128	70	64	0	51654
128	43	64	0	51686
128	63	64	0	51716
128	68	64	0	51731
128	60	64	0	51741
144	60	66	0	51882
144	55	66	0	51889
144	51	73	0	51899
144	68	65	0	51904
144	43	51	0	51904
144	63	53	0	51924
128	68	64	0	51941
144	67	78	0	51957
128	63	64	0	52366
128	43	64	0	52373
128	51	64	0	52385
128	67	64	0	52390
128	55	64	0	52399
128	60	64	0	52417
144	55	68	0	52619
144	43	61	0	52628
144	60	72	0	52638
144	48	81	0	52638
144	64	78	0	52645
128	43	64	0	53103
128	55	64	0	53103
128	48	64	0	53119
128	60	64	0	53119
128	64	64	0	53167
144	70	80	0	53373
144	60	74	0	53373
144	51	73	0	53387
144	55	64	0	53392
144	43	63	0	53397
128	43	64	0	53917
128	51	64	0	53933
128	55	64	0	53951
128	70	64	0	53977
128	60	64	0	54008
144	60	73	0	54132
144	55	58	0	54132
144	43	48	0	54139
144	52	77	0	54146
144	68	82	0	54160
128	52	64	0	54650
128	55	64	0	54714
128	68	64	0	54742
128	43	64	0	54747
128	60	64	0	54747
144	67	74	0	54875
144	60	66	0	54881
144	51	72	0	54900
144	43	57	0	54907
144	55	64	0	54912
128	51	64	0	55422
128	55	64	0	55422
128	43	64	0	55430
128	67	64	0	55480
128	60	64	0	55486
144	43	35	0	55580
144	55	56	0	55597
144	48	67	0	55602
144	60	58	0	55602
144	64	69	0	55602
144	65	62	0	55959
128	64	64	0	55959
128	43	64	0	56046
128	55	64	0	56052
128	48	64	0	56057
128	65	64	0	56201
144	55	62	0	56328
144	43	55	0	56333
144	51	76	0	56333
144	70	76	0	56352
128	43	64	0	56822
128	51	64	0	56822
128	55	64	0	56830
128	70	64	0	56886
128	60	64	0	56920
144	55	50	0	57056
144	43	49	0	57064
144	68	73	0	57078
144	60	70	0	57083
144	52	64	0	57091
128	52	64	0	57477
128	43	64	0	57599
128	55	64	0	57631
128	60	64	0	57685
128	68	64	0	57699
144	67	69	0	57842
144	51	59	0	57848
144	55	54	0	57854
144	43	50	0	57860
144	60	58	0	57865
128	55	64	0	58332
128	43	64	0	58345
128	51	64	0	58351
128	67	64	0	58380
128	60	64	0	58390
144	43	60	0	58533
144	55	74	0	58541
144	60	69	0	58548
144	65	67	0	58561
144	48	72	0	58567
128	65	64	0	58938
144	64	52	0	58948
128	43	64	0	58974
128	48	64	0	58994
128	55	64	0	59026
128	64	64	0	59069
144	65	56	0	59092
144	55	46	0	59254
144	51	63	0	59265
128	65	64	0	59276
144	43	38	0	59281
144	64	58	0	59286
128	64	64	0	59429
144	65	55	0	59438
128	65	64	0	59596
144	64	49	0	59615
128	43	64	0	59698
128	51	64	0	59735
128	64	64	0	59735
128	55	64	0	59746
144	65	44	0	59759
128	65	64	0	59919
144	64	51	0	59934
144	48	66	0	59967
144	43	49	0	59967
144	55	20	0	59976
144	65	53	0	60106
128	64	64	0	60116
128	65	64	0	60296
144	64	51	0	60307
128	48	64	0	60348
128	55	64	0	60411
128	43	64	0	60411
144	65	52	0	60458
128	64	64	0	60458
128	65	64	0	60638
144	43	36	0	60646
144	55	44	0	60653
144	52	63	0	60658
144	64	62	0	60669
128	64	64	0	60861
144	65	57	0	60867
128	65	64	0	61033
144	64	55	0	61046
128	52	64	0	61139
128	55	64	0	61173
128	64	64	0	61203
144	65	57	0	61209
128	43	64	0	61209
128	65	64	0	61379
144	64	58	0	61402
144	55	56	0	61411
144	43	46	0	61418
144	48	65	0	61426
128	64	64	0	61546
144	65	56	0	61552
128	65	64	0	61704
144	64	51	0	61741
128	43	64	0	61849
128	48	64	0	61856
144	65	54	0	61881
128	55	64	0	61906
128	64	64	0	61931
144	67	68	0	62091
128	65	64	0	62096
144	51	66	0	62096
144	55	45	0	62105
144	43	49	0	62141
128	67	64	0	62246
144	65	61	0	62246
128	65	64	0	62387
144	67	58	0	62417
128	43	64	0	62437
128	51	64	0	62515
128	55	64	0	62546
144	65	52	0	62578
128	67	64	0	62586
144	55	47	0	62770
144	43	53	0	62776
128	65	64	0	62777
144	48	70	0	62788
144	64	60	0	62795
128	64	64	0	62940
144	65	59	0	62945
128	65	64	0	63113
144	64	54	0	63130
128	48	64	0	63135
128	43	64	0	63192
128	55	64	0	63244
144	65	57	0	63283
128	64	64	0	63311
144	55	56	0	63474
128	65	64	0	63480
144	67	66	0	63480
144	43	51	0	63486
144	52	76	0	63491
144	65	63	0	63643
128	67	64	0	63675
128	65	64	0	63847
128	55	64	0	63869
128	43	64	0	63869
144	64	52	0	63875
128	52	64	0	63889
128	64	64	0	63993
144	65	58	0	64023
144	55	53	0	64194
128	65	64	0	64194
144	48	69	0	64213
144	43	43	0	64213
144	64	57	0	64225
128	64	64	0	64368
144	65	61	0	64373
128	65	64	0	64512
128	43	64	0	64568
144	64	49	0	64573
128	48	64	0	64579
128	55	64	0	64639
144	65	41	0	64708
128	64	64	0	64829
144	51	71	0	64875
144	68	70	0	64885
128	65	64	0	64890
144	43	36	0	64890
144	48	67	0	64899
128	68	64	0	65057
144	64	72	0	65062
128	64	64	0	65232
144	68	70	0	65237
128	48	64	0	65311
128	43	64	0	65320
128	51	64	0	65320
128	68	64	0	65370
144	64	60	0	65384
128	60	64	0	65488
144	68	71	0	65549
144	43	47	0	65557
128	64	64	0	65567
144	48	65	0	65581
144	64	70	0	65738
128	68	64	0	65744
144	68	61	0	65927
128	64	64	0	65943
128	43	64	0	65983
144	64	53	0	66038
128	68	64	0	66059
128	48	64	0	66077
144	68	61	0	66214
144	52	70	0	66231
128	64	64	0	66240
144	43	62	0	66271
144	64	58	0	66424
128	68	64	0	66433
144	68	61	0	66600
128	64	64	0	66614
128	68	64	0	66741
144	64	50	0	66755
128	43	64	0	66761
128	52	64	0	66810
144	68	60	0	66958
128	64	64	0	66968
144	48	55	0	66973
144	43	55	0	66973
144	64	40	0	67113
128	68	64	0	67123
128	64	64	0	67292
144	68	56	0	67309
128	48	64	0	67453
144	64	51	0	67479
128	68	64	0	67479
128	43	64	0	67488
144	51	70	0	67667
144	70	65	0	67672
144	43	47	0	67681
128	64	64	0	67686
128	70	64	0	67828
144	64	55	0	67847
128	64	64	0	68013
144	70	63	0	68020
128	70	64	0	68161
144	64	47	0	68166
128	51	64	0	68271
128	64	64	0	68349
144	70	65	0	68354
144	48	62	0	68384
128	70	64	0	68502
144	64	58	0	68528
144	70	55	0	68704
128	64	64	0	68710
128	43	64	0	68829
144	64	58	0	68858
128	70	64	0	68864
128	48	64	0	68984
144	72	72	0	69055
144	52	66	0	69060
144	43	47	0	69082
128	64	64	0	69090
144	64	54	0	69248
128	72	64	0	69268
144	72	59	0	69414
128	64	64	0	69419
128	72	64	0	69586
144	64	56	0	69591
128	43	64	0	69638
128	52	64	0	69740
144	43	53	0	69749
128	64	64	0	69770
144	72	62	0	69770
144	48	64	0	69786
128	72	64	0	69920
144	64	62	0	69939
128	64	64	0	70086
144	72	61	0	70104
144	64	51	0	70233
128	48	64	0	70241
128	72	64	0	70249
128	43	64	0	70273
128	64	64	0	70358
144	43	47	0	70434
144	51	71	0	70434
144	76	68	0	70450
144	74	61	0	70623
128	76	64	0	70650
128	74	64	0	70781
144	72	65	0	70795
128	43	64	0	70937
144	74	54	0	70959
128	72	64	0	70981
128	51	64	0	71031
144	43	45	0	71086
144	48	73	0	71114
128	74	64	0	71135
144	76	72	0	71135
144	74	68	0	71296
128	76	64	0	71331
128	74	64	0	71450
144	72	65	0	71482
144	74	58	0	71615
128	72	64	0	71622
128	74	64	0	71771
128	48	64	0	71786
144	76	71	0	71786
144	52	78	0	71797
144	74	69	0	72081
128	76	64	0	72096
144	72	70	0	72220
128	74	64	0	72227
144	74	45	0	72378
128	72	64	0	72395
128	52	64	0	72485
144	48	75	0	72512
144	76	74	0	72552
128	74	64	0	72557
144	74	54	0	72740
128	76	64	0	72795
128	74	64	0	72896
144	72	67	0	72912
128	48	64	0	73020
144	74	50	0	73094
128	43	64	0	73113
128	72	64	0	73124
144	51	79	0	73205
144	43	23	0	73238
144	75	77	0	73258
128	74	64	0	73264
128	75	64	0	73412
144	74	63	0	73421
128	74	64	0	73562
144	75	58	0	73570
128	43	64	0	73570
128	51	64	0	73623
128	75	64	0	73713
144	74	61	0	73723
144	48	60	0	73869
144	43	66	0	73869
144	75	76	0	73883
128	74	64	0	73889
128	75	64	0	74033
144	74	61	0	74045
144	75	64	0	74231
128	74	64	0	74231
128	43	64	0	74280
128	48	64	0	74324
128	75	64	0	74386
144	74	54	0	74395
144	52	69	0	74550
144	72	77	0	74575
144	43	65	0	74575
128	74	64	0	74582
144	74	67	0	74743
128	72	64	0	74756
144	72	59	0	74876
128	74	64	0	74885
128	43	64	0	74993
128	52	64	0	75069
144	70	79	0	75120
128	72	64	0	75125
128	70	64	0	75247
144	43	63	0	75267
144	72	76	0	75267
144	48	75	0	75273
144	70	73	0	75427
128	72	64	0	75466
144	68	71	0	75571
128	70	64	0	75591
128	43	64	0	75647
128	48	64	0	75696
128	68	64	0	75756
144	67	67	0	75774
128	67	64	0	75844
144	52	75	0	75904
144	43	72	0	75919
144	67	78	0	75934
144	70	64	0	76086
128	67	64	0	76109
128	70	64	0	76222
144	67	56	0	76222
128	43	64	0	76357
128	67	64	0	76414
144	70	59	0	76425
128	52	64	0	76447
144	67	68	0	76579
128	70	64	0	76584
144	48	74	0	76594
144	43	60	0	76594
144	68	67	0	76755
128	67	64	0	76773
128	68	64	0	76904
144	67	63	0	76926
128	43	64	0	77040
128	48	64	0	77045
144	70	56	0	77083
128	67	64	0	77107
144	51	83	0	77262
144	67	77	0	77267
128	70	64	0	77274
144	43	36	0	77315
144	68	65	0	77413
128	67	64	0	77432
128	68	64	0	77577
144	67	71	0	77593
128	43	64	0	77598
128	51	64	0	77747
128	67	64	0	77758
144	70	55	0	77768
144	67	64	0	77928
128	70	64	0	77928
144	48	70	0	77958
144	43	66	0	77965
128	67	64	0	78093
144	70	58	0	78115
128	70	64	0	78229
144	67	56	0	78266
128	43	64	0	78316
128	48	64	0	78393
128	67	64	0	78418
144	70	64	0	78435
128	70	64	0	78588
144	52	78	0	78602
144	67	79	0	78615
144	43	64	0	78634
144	64	73	0	78856
128	67	64	0	78897
128	64	64	0	79009
144	67	65	0	79038
128	43	64	0	79076
128	52	64	0	79089
144	64	66	0	79186
128	67	64	0	79186
144	43	66	0	79303
144	48	75	0	79320
128	64	64	0	79325
144	67	76	0	79335
144	64	59	0	79478
128	67	64	0	79478
128	64	64	0	79618
144	67	62	0	79649
128	48	64	0	79716
128	43	64	0	79762
128	67	64	0	79762
144	64	65	0	79793
128	64	64	0	79947
144	67	77	0	79952
144	43	58	0	79959
144	51	79	0	79967
144	63	65	0	80094
128	67	64	0	80104
128	63	64	0	80163
144	67	56	0	80247
128	43	64	0	80333
128	51	64	0	80349
128	67	64	0	80425
144	63	63	0	80430
128	63	64	0	80558
144	43	63	0	80579
144	67	65	0	80594
144	48	75	0	80599
144	63	67	0	80785
128	67	64	0	80868
128	63	64	0	80917
144	60	65	0	80949
128	43	64	0	80975
128	48	64	0	80989
144	63	74	0	81147
128	60	64	0	81171
144	52	63	0	81275
144	43	55	0	81303
144	59	63	0	81303
128	63	64	0	81313
128	59	64	0	81494
144	63	75	0	81527
128	43	64	0	81644
128	63	64	0	81656
144	60	74	0	81656
128	52	64	0	81695
128	60	64	0	81827
144	63	59	0	81832
144	59	71	0	81963
144	43	62	0	81968
128	63	64	0	81973
144	48	68	0	81978
144	63	59	0	82117
128	59	64	0	82159
128	63	64	0	82274
128	48	64	0	82279
128	43	64	0	82284
144	60	66	0	82296
144	63	62	0	82459
128	60	64	0	82459
128	63	64	0	82615
144	59	75	0	82615
144	51	84	0	82625
144	43	66	0	82625
144	63	74	0	82792
128	59	64	0	82826
128	43	64	0	82922
128	63	64	0	82964
144	60	63	0	82965
128	51	64	0	83107
144	63	64	0	83160
128	60	64	0	83168
144	43	68	0	83308
128	63	64	0	83308
144	48	72	0	83317
144	59	60	0	83322
144	63	68	0	83476
128	59	64	0	83498
128	63	64	0	83638
144	60	66	0	83638
128	43	64	0	83688
128	48	64	0	83758
144	63	70	0	83814
128	60	64	0	83841
144	59	81	0	83961
144	52	81	0	83966
128	63	64	0	83986
144	43	54	0	83993
144	63	50	0	84126
128	59	64	0	84183
144	60	72	0	84286
128	63	64	0	84293
128	43	64	0	84325
144	63	60	0	84454
128	60	64	0	84471
128	52	64	0	84496
128	63	64	0	84597
144	59	69	0	84613
144	43	60	0	84637
144	48	69	0	84647
144	63	74	0	84774
128	59	64	0	84802
128	63	64	0	84942
144	60	66	0	84963
128	43	64	0	85045
128	48	64	0	85103
144	63	64	0	85122
128	60	64	0	85148
144	59	81	0	85302
128	63	64	0	85302
144	51	85	0	85308
144	63	66	0	85465
128	59	64	0	85512
128	63	64	0	85633
144	60	68	0	85633
144	63	72	0	85813
128	60	64	0	85826
128	51	64	0	85832
128	63	64	0	85936
144	59	76	0	85952
144	43	66	0	85966
128	59	64	0	86145
144	60	78	0	86150
144	59	82	0	86294
128	60	64	0	86299
144	56	84	0	86461
128	43	64	0	86461
128	59	64	0	86470
128	56	64	0	86593
144	52	75	0	86601
144	55	77	0	86607
144	56	72	0	86768
128	55	64	0	86783
128	56	64	0	86902
144	55	55	0	86912
128	55	64	0	87069
144	56	66	0	87082
128	52	64	0	87218
128	56	64	0	87223
144	55	69	0	87248
144	43	73	0	87269
144	48	66	0	87293
144	56	70	0	87425
128	55	64	0	87430
128	56	64	0	87567
144	55	65	0	87593
128	55	64	0	87736
144	56	70	0	87744
128	43	64	0	87754
128	48	64	0	87816
128	56	64	0	87897
144	55	77	0	87905
144	51	84	0	87914
144	43	30	0	87925
144	56	76	0	88069
128	55	64	0	88069
128	56	64	0	88210
144	55	65	0	88216
128	43	64	0	88344
128	55	64	0	88381
144	56	70	0	88391
128	51	64	0	88424
128	56	64	0	88551
144	55	72	0	88561
144	43	66	0	88578
144	48	85	0	88608
128	55	64	0	88750
144	56	64	0	88750
128	56	64	0	88894
144	55	62	0	88918
128	43	64	0	89030
128	55	64	0	89066
144	56	72	0	89066
128	48	64	0	89120
128	56	64	0	89199
144	59	82	0	89210
144	52	83	0	89217
144	43	75	0	89227
144	56	60	0	89361
128	59	64	0	89387
128	56	64	0	89525
144	55	69	0	89547
128	43	64	0	89727
144	56	68	0	89727
128	55	64	0	89741
128	52	64	0	89756
128	56	64	0	89877
144	59	86	0	89888
144	43	73	0	89893
144	51	89	0	89902
144	56	69	0	90073
128	59	64	0	90121
144	55	65	0	90235
128	56	64	0	90235
128	51	64	0	90316
128	43	64	0	90316
144	56	55	0	90369
128	55	64	0	90395
128	56	64	0	90534
144	59	85	0	90534
144	43	75	0	90561
144	48	88	0	90567
144	56	72	0	90712
128	59	64	0	90762
144	55	70	0	90883
128	56	64	0	90883
144	56	70	0	91030
128	48	64	0	91046
128	55	64	0	91046
128	43	64	0	91074
128	56	64	0	91229
144	43	78	0	91234
144	59	90	0	91239
144	51	89	0	91239
144	56	70	0	91411
128	59	64	0	91464
144	55	66	0	91552
128	56	64	0	91559
128	43	64	0	91627
128	51	64	0	91686
144	56	63	0	91712
128	55	64	0	91730
128	56	64	0	91863
144	43	74	0	91863
144	60	83	0	91870
144	52	88	0	91876
144	56	77	0	92053
128	60	64	0	92080
128	56	64	0	92181
144	60	82	0	92212
144	56	76	0	92350
128	60	64	0	92365
128	52	64	0	92404
128	43	64	0	92432
128	56	64	0	92524
144	60	86	0	92540
144	43	77	0	92540
144	51	98	0	92556
144	56	79	0	92696
128	60	64	0	92705
128	56	64	0	92848
144	60	82	0	92879
144	56	79	0	93018
128	60	64	0	93034
128	43	64	0	93049
128	51	64	0	93092
128	56	64	0	93191
144	60	89	0	93210
144	43	77	0	93210
144	48	92	0	93221
144	56	84	0	93360
128	60	64	0	93385
144	60	89	0	93523
128	56	64	0	93523
144	56	78	0	93679
128	60	64	0	93694
128	48	64	0	93729
128	43	64	0	93729
128	56	64	0	93876
144	43	75	0	93876
144	60	93	0	93882
144	51	96	0	93894
144	56	83	0	94046
128	60	64	0	94067
128	56	64	0	94175
144	60	77	0	94204
144	56	69	0	94344
128	60	64	0	94366
128	51	64	0	94459
144	52	89	0	94528
128	56	64	0	94564
144	60	81	0	94572
144	55	62	0	94577
128	55	64	0	94629
144	55	86	0	94791
128	60	64	0	94808
144	60	74	0	94892
128	55	64	0	94903
128	60	64	0	95059
144	55	58	0	95069
144	60	75	0	95209
128	55	64	0	95214
144	48	79	0	95219
128	52	64	0	95241
144	55	70	0	95371
128	60	64	0	95376
128	55	64	0	95524
144	60	66	0	95533
144	55	58	0	95685
128	60	64	0	95691
128	55	64	0	95842
144	60	70	0	95875
144	51	79	0	95880
128	48	64	0	95904
128	60	64	0	96012
144	63	73	0	96021
128	43	64	0	96092
128	63	64	0	96100
144	60	79	0	96158
144	63	66	0	96319
128	60	64	0	96368
144	43	1	0	96421
128	51	64	0	96453
144	64	75	0	96476
128	63	64	0	96486
144	48	62	0	96537
144	63	66	0	96670
128	64	64	0	96723
144	60	72	0	96830
128	63	64	0	96830
128	48	64	0	96842
128	43	64	0	96862
144	67	69	0	96977
128	60	64	0	97006
144	52	69	0	97116
144	43	58	0	97132
144	48	76	0	97138
144	60	84	0	97147
128	67	64	0	97159
144	65	38	0	97320
128	60	64	0	97336
144	64	40	0	97347
128	64	64	0	97410
144	60	68	0	97460
128	65	64	0	97460
144	64	55	0	97655
128	52	64	0	97684
128	48	64	0	97684
128	43	64	0	97690
128	60	64	0	97710
144	52	66	0	97820
144	48	68	0	97835
144	43	50	0	97840
128	64	64	0	97856
144	67	49	0	97872
144	69	48	0	97883
128	69	64	0	97961
144	64	60	0	98006
128	67	64	0	98014
128	64	64	0	98176
144	60	72	0	98190
128	52	64	0	98238
128	43	64	0	98238
128	48	64	0	98286
144	64	30	0	98347
128	60	64	0	98363
144	52	60	0	98473
144	48	60	0	98491
144	43	56	0	98516
144	70	69	0	98541
128	64	64	0	98556
128	70	64	0	98690
144	64	61	0	98703
144	60	64	0	98852
128	64	64	0	98857
128	48	64	0	98986
128	43	64	0	98992
144	70	64	0	99005
128	52	64	0	99010
128	60	64	0	99071
144	52	65	0	99181
144	43	60	0	99194
144	48	72	0	99194
144	71	79	0	99216
128	70	64	0	99216
144	64	62	0	99432
128	71	64	0	99457
128	43	64	0	99488
128	48	64	0	99508
128	52	64	0	99508
144	60	69	0	99546
128	64	64	0	99556
144	64	49	0	99680
128	60	64	0	99722
144	70	73	0	99821
128	64	64	0	99843
144	52	57	0	99857
144	43	62	0	99873
144	48	70	0	99873
144	72	92	0	99953
128	70	64	0	99995
128	48	64	0	100207
128	43	64	0	100212
128	52	64	0	100212
144	64	59	0	100389
128	72	64	0	100409
144	52	69	0	100465
144	48	73	0	100475
144	43	64	0	100480
144	67	74	0	100525
128	64	64	0	100575
144	70	76	0	100634
128	67	64	0	100659
128	70	64	0	100732
144	64	71	0	100744
144	67	74	0	100830
128	64	64	0	100888
144	70	68	0	100916
128	43	64	0	100929
128	52	64	0	100953
128	67	64	0	100962
128	48	64	0	100969
144	74	78	0	101027
128	70	64	0	101057
144	52	67	0	101153
144	70	64	0	101168
144	43	63	0	101177
144	48	74	0	101177
128	74	64	0	101201
144	67	74	0	101251
128	70	64	0	101309
144	76	90	0	101318
128	67	64	0	101357
128	43	64	0	101657
128	48	64	0	101675
128	52	64	0	101682
144	52	82	0	101888
144	43	71	0	101897
144	74	94	0	101903
144	48	74	0	101908
128	76	64	0	101930
128	43	64	0	102332
128	52	64	0	102338
128	48	64	0	102362
128	74	64	0	102392
144	72	76	0	102400
144	74	65	0	102488
128	72	64	0	102527
144	76	80	0	102549
144	52	65	0	102572
144	43	62	0	102583
144	48	69	0	102589
144	78	91	0	102622
128	74	64	0	102622
128	76	64	0	102654
128	78	64	0	102946
144	80	84	0	103017
128	43	64	0	103179
128	52	64	0	103188
128	48	64	0	103218
128	80	64	0	103267
144	80	91	0	103326
144	52	83	0	103338
144	48	73	0	103344
144	43	64	0	103351
144	78	74	0	103687
128	80	64	0	103692
128	78	64	0	103736
128	52	64	0	103774
144	80	60	0	103787
128	43	64	0	103787
128	48	64	0	103812
144	78	70	0	103881
128	80	64	0	103943
144	76	86	0	103987
144	52	74	0	103994
128	78	64	0	103999
144	43	67	0	104005
144	48	77	0	104015
144	78	59	0	104107
128	76	64	0	104135
144	76	71	0	104212
128	78	64	0	104252
144	74	75	0	104333
128	76	64	0	104338
128	52	64	0	104338
128	48	64	0	104351
128	43	64	0	104356
144	76	48	0	104449
144	78	64	0	104449
128	74	64	0	104457
128	78	64	0	104589
144	52	66	0	104619
144	48	72	0	104619
144	74	76	0	104626
144	43	70	0	104626
128	76	64	0	104646
144	72	82	0	104765
128	74	64	0	104820
144	76	76	0	104902
128	72	64	0	104917
128	52	64	0	104969
128	43	64	0	104981
128	48	64	0	105017
144	74	71	0	105017
128	76	64	0	105099
144	72	79	0	105127
128	74	64	0	105156
144	74	70	0	105242
144	52	69	0	105247
128	72	64	0	105247
144	43	71	0	105247
144	48	78	0	105255
144	72	89	0	105608
128	74	64	0	105645
128	43	64	0	105653
128	52	64	0	105669
128	48	64	0	105697
128	72	64	0	105740
144	52	78	0	105921
144	48	81	0	105926
144	43	73	0	105926
144	70	94	0	105939
144	74	62	0	106269
128	70	64	0	106278
144	72	71	0	106285
128	43	64	0	106373
128	52	64	0	106381
144	70	63	0	106399
128	48	64	0	106404
128	72	64	0	106417
128	74	64	0	106446
144	64	84	0	106566
128	70	64	0	106576
144	52	71	0	106596
144	43	68	0	106603
144	48	72	0	106608
144	70	77	0	106642
128	64	64	0	106696
144	64	78	0	106959
128	70	64	0	106972
144	68	75	0	107052
128	48	64	0	107065
128	64	64	0	107070
128	43	64	0	107077
128	52	64	0	107082
128	68	64	0	107163
144	64	78	0	107202
144	52	69	0	107255
144	43	66	0	107260
144	48	77	0	107271
144	66	85	0	107309
128	64	64	0	107334
144	62	78	0	107623
128	66	64	0	107628
128	43	64	0	107641
128	48	64	0	107690
128	52	64	0	107695
128	62	64	0	107737
144	66	60	0	107744
144	64	80	0	107812
128	66	64	0	107844
144	52	62	0	107946
144	48	74	0	107946
144	43	67	0	107953
144	60	102	0	107953
128	64	64	0	107975
144	62	85	0	108313
128	60	64	0	108333
144	60	65	0	108426
128	62	64	0	108426
128	52	64	0	108434
128	48	64	0	108467
128	43	64	0	108476
144	62	62	0	108519
128	60	64	0	108553
144	64	69	0	108642
144	52	64	0	108654
128	62	64	0	108665
144	43	60	0	108670
144	48	69	0	108675
144	66	91	0	108716
128	64	64	0	108747
128	43	64	0	109003
128	66	64	0	109016
144	60	73	0	109023
128	52	64	0	109044
128	48	64	0	109057
128	60	64	0	109138
144	66	73	0	109175
128	66	64	0	109214
144	60	69	0	109255
144	52	55	0	109335
144	48	76	0	109349
144	43	69	0	109349
128	60	64	0	109376
144	68	78	0	109399
128	68	64	0	109675
144	60	75	0	109696
128	60	64	0	109761
144	68	52	0	109789
128	43	64	0	109819
128	48	64	0	109830
128	52	64	0	109830
144	60	72	0	109910
128	68	64	0	109910
144	52	71	0	110017
144	43	69	0	110028
144	48	78	0	110028
144	70	87	0	110035
128	60	64	0	110075
128	70	64	0	110353
144	60	78	0	110376
128	43	64	0	110442
144	70	66	0	110491
128	60	64	0	110496
128	52	64	0	110496
128	48	64	0	110532
128	70	64	0	110604
144	60	79	0	110630
144	52	74	0	110714
144	48	81	0	110719
144	43	70	0	110733
144	72	98	0	110739
128	60	64	0	110749
128	52	64	0	111113
128	43	64	0	111113
128	48	64	0	111162
144	52	66	0	111408
144	43	70	0	111423
144	48	65	0	111423
144	68	50	0	111749
128	68	64	0	111809
144	64	60	0	111838
128	48	64	0	111855
128	43	64	0	111868
128	52	64	0	111914
128	64	64	0	111924
144	68	59	0	111984
144	43	53	0	112094
144	51	69	0	112099
144	48	62	0	112116
128	68	64	0	112136
144	65	47	0	112169
128	65	64	0	112236
144	66	78	0	112436
128	43	64	0	112521
128	51	64	0	112544
128	48	64	0	112550
144	68	67	0	112586
128	66	64	0	112599
144	66	64	0	112684
128	68	64	0	112717
144	51	65	0	112738
144	43	52	0	112757
144	48	58	0	112757
144	64	75	0	112802
128	66	64	0	112826
144	66	61	0	113102
128	64	64	0	113121
128	43	64	0	113186
128	66	64	0	113191
128	48	64	0	113196
128	51	64	0	113208
144	68	59	0	113228
144	66	64	0	113360
128	68	64	0	113385
144	51	59	0	113408
144	48	59	0	113422
144	43	49	0	113430
128	66	64	0	113461
144	64	71	0	113484
128	72	64	0	113583
144	63	78	0	113612
128	64	64	0	113619
128	63	64	0	113677
144	64	62	0	113721
128	48	64	0	113773
128	51	64	0	113773
128	43	64	0	113785
144	63	64	0	113813
128	64	64	0	113849
128	63	64	0	113947
144	66	70	0	113947
144	51	63	0	114036
144	43	54	0	114041
144	48	62	0	114049
144	64	76	0	114069
128	66	64	0	114083
144	66	63	0	114365
128	64	64	0	114414
128	43	64	0	114499
144	63	61	0	114506
128	66	64	0	114511
128	48	64	0	114516
128	51	64	0	114525
128	63	64	0	114573
144	64	64	0	114624
144	63	69	0	114692
144	51	68	0	114702
144	48	65	0	114716
144	43	54	0	114728
128	64	64	0	114737
144	61	70	0	115014
128	63	64	0	115027
128	61	64	0	115136
128	43	64	0	115136
144	63	53	0	115144
128	48	64	0	115150
128	51	64	0	115158
144	61	60	0	115244
128	63	64	0	115278
144	51	71	0	115328
144	48	62	0	115328
144	60	75	0	115343
144	43	60	0	115343
128	61	64	0	115358
144	61	62	0	115658
128	60	64	0	115681
128	48	64	0	115783
128	51	64	0	115793
128	43	64	0	115793
144	63	67	0	115800
128	61	64	0	115800
128	63	64	0	115862
144	64	71	0	115905
144	51	67	0	115974
144	43	59	0	115986
144	48	72	0	115986
144	66	77	0	116009
128	64	64	0	116048
128	66	64	0	116304
144	64	72	0	116322
128	43	64	0	116401
128	64	64	0	116410
144	66	37	0	116418
128	48	64	0	116418
128	51	64	0	116426
144	64	59	0	116536
128	66	64	0	116536
144	43	60	0	116625
144	51	72	0	116630
144	68	84	0	116638
144	48	74	0	116643
128	64	64	0	116670
144	66	73	0	116983
128	68	64	0	117009
128	43	64	0	117048
128	48	64	0	117056
128	51	64	0	117069
128	66	64	0	117098
144	64	74	0	117107
144	66	60	0	117194
128	64	64	0	117223
144	43	58	0	117276
144	48	64	0	117281
144	51	72	0	117287
144	63	89	0	117292
128	66	64	0	117308
128	63	64	0	117645
144	64	69	0	117645
128	48	64	0	117702
128	43	64	0	117707
128	51	64	0	117713
144	63	51	0	117750
128	64	64	0	117783
144	61	78	0	117854
128	63	64	0	117880
144	51	63	0	117934
144	43	59	0	117941
144	48	65	0	117948
144	60	92	0	117978
128	61	64	0	118017
144	61	78	0	118287
128	60	64	0	118326
128	48	64	0	118382
128	51	64	0	118393
128	43	64	0	118399
128	61	64	0	118492
144	51	81	0	118634
144	58	87	0	118639
144	43	65	0	118639
144	48	73	0	118647
128	58	64	0	118784
144	60	72	0	118790
144	58	57	0	118899
128	60	64	0	118937
144	56	81	0	119009
128	58	64	0	119026
128	43	64	0	119080
128	48	64	0	119085
128	51	64	0	119091
128	56	64	0	119168
144	58	73	0	119191
144	56	64	0	119257
128	58	64	0	119269
144	43	58	0	119313
144	51	70	0	119319
144	48	72	0	119328
144	60	83	0	119378
128	56	64	0	119395
144	61	80	0	119697
128	60	64	0	119746
128	48	64	0	119810
128	43	64	0	119828
128	51	64	0	119836
128	61	64	0	120018
144	51	74	0	120036
144	48	73	0	120043
144	43	55	0	120048
144	60	75	0	120053
144	61	59	0	120146
128	60	64	0	120170
128	61	64	0	120260
144	60	65	0	120280
128	51	64	0	120375
128	48	64	0	120383
128	43	64	0	120383
128	60	64	0	120392
144	58	87	0	120398
128	58	64	0	120483
144	60	77	0	120499
144	58	66	0	120599
128	60	64	0	120637
144	51	68	0	120671
144	43	54	0	120671
144	56	87	0	120679
144	48	70	0	120679
128	58	64	0	120715
144	55	90	0	121025
128	56	64	0	121037
128	51	64	0	121120
128	48	64	0	121125
128	43	64	0	121158
144	51	70	0	121363
144	43	57	0	121371
144	48	69	0	121376
144	56	79	0	121376
128	55	64	0	121376
128	56	64	0	121463
144	55	60	0	121473
144	56	66	0	121596
128	55	64	0	121611
128	48	64	0	121690
144	58	78	0	121695
128	43	64	0	121705
128	51	64	0	121705
128	56	64	0	121721
144	52	73	0	122015
128	58	64	0	122032
144	48	66	0	122032
144	43	58	0	122040
144	59	81	0	122040
144	58	69	0	122376
128	59	64	0	122396
128	48	64	0	122419
128	43	64	0	122424
128	52	64	0	122424
144	56	65	0	122527
128	58	64	0	122546
128	56	64	0	122683
144	55	87	0	122693
144	43	49	0	122700
144	48	65	0	122700
144	51	72	0	122709
144	56	64	0	123016
128	55	64	0	123049
128	48	64	0	123115
128	43	64	0	123132
128	51	64	0	123137
128	56	64	0	123190
144	58	60	0	123201
128	58	64	0	123356
144	43	57	0	123377
144	59	69	0	123377
144	52	70	0	123384
144	48	65	0	123384
144	58	65	0	123723
128	59	64	0	123751
128	48	64	0	123786
128	52	64	0	123791
128	43	64	0	123797
128	58	64	0	123885
144	56	54	0	123890
128	56	64	0	124035
144	55	71	0	124063
144	51	69	0	124083
144	43	42	0	124083
144	48	62	0	124090
144	56	56	0	124161
128	55	64	0	124184
128	56	64	0	124259
144	55	57	0	124286
144	56	55	0	124391
128	55	64	0	124415
128	48	64	0	124423
128	43	64	0	124428
128	51	64	0	124469
128	56	64	0	124480
144	55	47	0	124530
128	55	64	0	124612
144	58	73	0	124630
144	52	72	0	124744
144	43	63	0	124749
144	48	73	0	124772
128	58	64	0	124784
144	59	84	0	124791
144	58	65	0	125099
128	59	64	0	125126
128	43	64	0	125179
128	48	64	0	125188
128	52	64	0	125194
128	58	64	0	125280
144	56	64	0	125285
128	56	64	0	125456
144	55	80	0	125461
144	51	72	0	125467
144	48	72	0	125472
144	43	60	0	125472
144	58	68	0	125757
128	55	64	0	125786
128	58	64	0	125878
144	55	55	0	125888
128	51	64	0	125893
128	48	64	0	125899
128	43	64	0	125904
144	58	47	0	126043
128	55	64	0	126063
128	58	64	0	126103
144	52	72	0	126108
144	48	72	0	126114
144	43	60	0	126119
144	60	90	0	126124
144	55	73	0	126490
128	60	64	0	126495
128	43	64	0	126523
128	48	64	0	126542
128	52	64	0	126570
144	60	63	0	126651
128	55	64	0	126651
144	62	82	0	126807
128	60	64	0	126813
144	48	69	0	126819
144	51	75	0	126819
144	43	58	0	126833
128	62	64	0	127109
144	55	65	0	127134
128	51	64	0	127210
128	48	64	0	127220
128	43	64	0	127225
144	62	69	0	127271
128	55	64	0	127291
128	62	64	0	127323
144	43	55	0	127474
144	51	83	0	127479
144	48	75	0	127479
144	63	85	0	127479
144	55	69	0	127801
128	63	64	0	127811
128	43	64	0	127940
144	63	64	0	127946
128	51	64	0	127951
128	48	64	0	127962
128	55	64	0	127972
128	63	64	0	128124
144	52	81	0	128129
144	64	81	0	128129
144	43	71	0	128139
144	48	73	0	128139
128	64	64	0	128449
144	55	66	0	128475
128	43	64	0	128533
128	52	64	0	128559
128	48	64	0	128572
144	64	65	0	128583
128	55	64	0	128633
128	64	64	0	128685
144	48	69	0	128804
144	43	65	0	128809
144	67	89	0	128809
144	51	83	0	128809
144	66	76	0	129112
128	67	64	0	129117
128	66	64	0	129211
144	67	58	0	129255
128	51	64	0	129271
128	48	64	0	129279
128	43	64	0	129285
144	66	71	0	129348
128	67	64	0	129365
144	64	87	0	129448
144	52	82	0	129456
144	43	68	0	129461
128	66	64	0	129461
144	48	69	0	129461
144	66	73	0	129790
128	64	64	0	129834
128	43	64	0	129888
128	52	64	0	129919
128	48	64	0	129925
144	67	57	0	129966
128	66	64	0	129980
144	48	73	0	130125
144	43	61	0	130132
144	51	81	0	130132
144	69	70	0	130144
128	67	64	0	130152
128	69	64	0	130273
144	68	82	0	130473
128	51	64	0	130505
128	43	64	0	130535
128	48	64	0	130555
128	68	64	0	130734
144	52	85	0	130757
144	43	69	0	130763
144	48	77	0	130763
144	67	85	0	130781
144	69	85	0	131133
128	67	64	0	131166
128	52	64	0	131203
128	48	64	0	131240
128	43	64	0	131254
144	70	80	0	131318
128	69	64	0	131341
144	48	66	0	131464
144	51	74	0	131469
144	43	61	0	131475
128	70	64	0	131480
144	71	78	0	131480
144	70	80	0	131821
128	71	64	0	131834
128	43	64	0	131834
128	51	64	0	131855
128	48	64	0	131876
144	52	78	0	132132
144	71	86	0	132137
144	43	69	0	132137
144	48	68	0	132144
128	70	64	0	132151
144	70	76	0	132473
128	71	64	0	132511
128	48	64	0	132540
128	52	64	0	132546
128	43	64	0	132601
144	69	68	0	132641
128	70	64	0	132665
144	67	86	0	132771
128	69	64	0	132780
144	51	78	0	132804
144	43	61	0	132804
144	48	71	0	132813
144	69	85	0	132851
128	67	64	0	132898
128	43	64	0	133128
128	51	64	0	133140
144	67	81	0	133145
128	69	64	0	133155
128	48	64	0	133162
128	67	64	0	133269
144	66	80	0	133276
128	66	64	0	133320
144	67	69	0	133355
144	52	69	0	133391
144	43	62	0	133410
144	48	69	0	133422
144	66	78	0	133442
128	67	64	0	133482
128	66	64	0	133808
144	64	73	0	133824
128	48	64	0	133860
128	64	64	0	133879
128	52	64	0	133884
128	43	64	0	133890
144	66	58	0	133912
128	66	64	0	133985
144	64	60	0	134002
144	63	91	0	134101
144	51	79	0	134106
144	48	67	0	134106
144	43	65	0	134126
128	64	64	0	134131
128	63	64	0	134416
144	64	73	0	134439
128	43	64	0	134452
128	51	64	0	134468
128	48	64	0	134514
128	64	64	0	134561
144	66	71	0	134566
128	66	64	0	134643
144	67	85	0	134692
144	52	62	0	134708
144	48	70	0	134720
144	43	55	0	134726
144	69	90	0	134781
128	67	64	0	134810
128	43	64	0	135056
128	52	64	0	135068
128	69	64	0	135076
144	67	76	0	135093
128	48	64	0	135093
144	69	58	0	135173
128	67	64	0	135210
144	70	84	0	135305
128	69	64	0	135331
144	48	72	0	135358
144	51	80	0	135358
144	43	59	0	135372
144	72	96	0	135421
128	70	64	0	135440
128	43	64	0	135898
128	48	64	0	135904
128	51	64	0	135930
144	52	78	0	136101
144	43	68	0	136114
144	48	72	0	136114
128	43	64	0	136533
128	48	64	0	136546
128	52	64	0	136552
128	72	64	0	136724
144	48	72	0	136802
144	43	60	0	136807
144	75	85	0	136813
144	51	81	0	136818
128	75	64	0	137102
144	72	64	0	137124
144	75	66	0	137288
128	72	64	0	137288
128	43	64	0	137299
128	48	64	0	137299
128	51	64	0	137323
128	75	64	0	137466
144	52	90	0	137474
144	76	82	0	137474
144	48	78	0	137489
144	43	75	0	137489
144	72	61	0	137773
128	76	64	0	137778
144	76	59	0	137955
128	72	64	0	137981
128	48	64	0	137981
128	43	64	0	138007
128	52	64	0	138037
144	75	75	0	138166
128	76	64	0	138172
144	48	69	0	138177
144	51	83	0	138182
144	43	50	0	138190
144	79	76	0	138510
128	75	64	0	138526
128	51	64	0	138588
128	43	64	0	138615
128	48	64	0	138624
128	79	64	0	138665
144	72	74	0	138670
144	52	75	0	138822
144	48	76	0	138831
144	43	65	0	138842
144	80	84	0	138842
128	72	64	0	138872
144	72	72	0	139190
128	80	64	0	139222
128	43	64	0	139298
128	48	64	0	139326
128	52	64	0	139332
144	80	75	0	139368
128	72	64	0	139389
128	80	64	0	139527
144	48	69	0	139543
144	51	84	0	139548
144	79	81	0	139554
144	43	57	0	139562
144	72	69	0	139861
128	79	64	0	139883
144	79	68	0	140045
128	51	64	0	140050
128	43	64	0	140073
128	72	64	0	140079
128	48	64	0	140085
144	80	80	0	140219
144	52	85	0	140228
128	79	64	0	140234
144	43	72	0	140234
144	48	64	0	140241
128	80	64	0	140525
144	72	72	0	140545
128	52	64	0	140679
128	48	64	0	140686
128	43	64	0	140691
144	80	72	0	140698
128	72	64	0	140737
144	82	79	0	140886
144	48	76	0	140892
144	51	84	0	140905
144	43	60	0	140905
128	80	64	0	140911
144	72	62	0	141208
128	82	64	0	141214
144	82	75	0	141389
128	72	64	0	141407
128	43	64	0	141460
128	51	64	0	141475
128	48	64	0	141501
128	82	64	0	141565
144	83	81	0	141570
144	52	81	0	141582
144	48	71	0	141582
144	43	68	0	141588
128	83	64	0	141875
144	72	74	0	141893
128	43	64	0	142029
128	48	64	0	142034
144	83	44	0	142055
144	84	58	0	142062
128	52	64	0	142068
128	72	64	0	142073
144	48	83	0	142228
144	43	66	0	142233
144	51	89	0	142248
144	82	82	0	142260
128	84	64	0	142271
128	83	64	0	142287
144	83	82	0	142423
128	82	64	0	142429
144	82	80	0	142600
128	43	64	0	142607
128	51	64	0	142615
128	48	64	0	142623
128	83	64	0	142661
144	80	78	0	142780
128	82	64	0	142811
128	80	64	0	142881
144	43	72	0	142921
144	52	92	0	142926
144	48	79	0	142926
144	79	95	0	142938
144	80	80	0	143079
128	79	64	0	143096
128	80	64	0	143237
144	79	68	0	143260
128	52	64	0	143321
128	43	64	0	143351
128	48	64	0	143357
144	78	79	0	143451
128	79	64	0	143470
128	78	64	0	143607
144	48	72	0	143607
144	51	86	0	143613
144	43	60	0	143618
144	79	83	0	143624
144	78	78	0	143787
128	79	64	0	143821
144	80	72	0	143896
128	78	64	0	143915
128	51	64	0	143928
128	43	64	0	143959
128	48	64	0	143965
128	80	64	0	144063
144	79	80	0	144089
144	52	75	0	144207
144	43	66	0	144219
144	48	75	0	144219
144	82	81	0	144247
128	79	64	0	144284
144	80	73	0	144432
128	82	64	0	144464
128	52	64	0	144555
128	80	64	0	144564
144	79	73	0	144589
128	43	64	0	144595
128	48	64	0	144608
144	77	79	0	144728
128	79	64	0	144735
144	48	73	0	144903
144	51	88	0	144909
144	43	60	0	144914
128	77	64	0	144919
144	76	94	0	144924
144	77	69	0	145066
128	76	64	0	145088
128	51	64	0	145214
128	43	64	0	145232
128	48	64	0	145241
144	79	77	0	145249
128	77	64	0	145261
144	77	69	0	145423
128	79	64	0	145480
144	52	84	0	145573
144	43	75	0	145579
144	76	86	0	145587
128	77	64	0	145593
144	48	78	0	145593
144	77	65	0	145767
128	76	64	0	145784
144	76	76	0	145949
128	77	64	0	145954
128	52	64	0	146016
128	43	64	0	146025
128	48	64	0	146035
128	76	64	0	146100
144	77	55	0	146112
144	48	69	0	146255
144	79	75	0	146260
128	77	64	0	146260
144	51	87	0	146269
144	43	44	0	146282
144	41	40	0	146301
144	77	65	0	146437
128	41	64	0	146457
128	79	64	0	146494
128	43	64	0	146501
128	51	64	0	146601
128	77	64	0	146608
144	76	68	0	146622
128	48	64	0	146630
144	75	79	0	146756
128	76	64	0	146773
144	43	69	0	146903
144	48	68	0	146909
144	52	81	0	146914
144	73	91	0	146951
128	75	64	0	146989
144	72	92	0	147272
128	73	64	0	147278
128	43	64	0	147336
128	52	64	0	147341
128	48	64	0	147361
128	72	64	0	147506
144	48	70	0	147616
144	72	80	0	147622
144	51	85	0	147627
144	43	67	0	147632
144	70	77	0	147747
128	72	64	0	147787
128	70	64	0	147875
144	72	67	0	147922
128	51	64	0	148029
128	43	64	0	148063
128	48	64	0	148069
144	73	67	0	148082
128	72	64	0	148114
144	48	76	0	148235
144	52	76	0	148236
144	43	65	0	148246
144	70	70	0	148246
128	73	64	0	148267
144	67	76	0	148429
128	70	64	0	148436
144	70	45	0	148565
128	67	64	0	148571
128	52	64	0	148589
128	43	64	0	148602
128	48	64	0	148616
144	68	66	0	148726
128	70	64	0	148744
128	68	64	0	148886
144	48	66	0	148892
144	51	78	0	148892
144	65	83	0	148892
144	43	62	0	148902
144	70	73	0	149064
128	65	64	0	149071
144	68	68	0	149202
128	51	64	0	149246
128	70	64	0	149255
128	43	64	0	149266
128	48	64	0	149272
128	68	64	0	149344
144	67	71	0	149355
144	52	69	0	149493
144	43	60	0	149502
144	48	72	0	149508
144	64	82	0	149526
128	67	64	0	149565
128	52	64	0	149912
128	43	64	0	149939
128	48	64	0	149953
128	64	64	0	149983
144	43	71	0	150182
144	48	78	0	150182
144	51	86	0	150190
144	63	93	0	150195
128	63	64	0	150360
144	67	79	0	150373
144	63	76	0	150521
128	67	64	0	150542
128	51	64	0	150567
128	43	64	0	150581
128	48	64	0	150590
128	63	64	0	150660
144	60	39	0	150708
144	43	59	0	150808
144	52	72	0	150813
144	48	66	0	150813
144	63	71	0	150834
128	60	64	0	150839
144	60	81	0	150994
128	63	64	0	151012
144	61	66	0	151170
128	60	64	0	151175
128	48	64	0	151200
128	52	64	0	151216
128	43	64	0	151253
128	61	64	0	151302
144	63	68	0	151302
128	63	64	0	151435
144	43	65	0	151445
144	48	78	0	151452
144	51	87	0	151464
144	58	90	0	151498
144	61	67	0	151654
128	58	64	0	151654
128	51	64	0	151784
128	61	64	0	151790
144	60	63	0	151796
128	43	64	0	151826
128	48	64	0	151826
144	58	78	0	151965
128	60	64	0	151980
128	58	64	0	152085
144	55	90	0	152095
144	52	80	0	152109
144	43	68	0	152109
144	48	74	0	152122
128	55	64	0	152487
128	43	64	0	152526
128	52	64	0	152534
128	48	64	0	152549
144	63	81	0	152758
144	48	76	0	152758
144	43	67	0	152765
144	51	81	0	152765
144	60	72	0	152942
128	63	64	0	152947
144	63	47	0	153095
128	60	64	0	153138
128	48	64	0	153228
128	43	64	0	153234
128	51	64	0	153240
128	63	64	0	153297
144	64	67	0	153304
144	52	93	0	153412
144	43	75	0	153412
144	48	84	0	153419
144	60	87	0	153448
128	64	64	0	153454
144	64	66	0	153596
128	60	64	0	153618
128	64	64	0	153743
144	60	72	0	153750
128	43	64	0	153804
128	52	64	0	153818
128	48	64	0	153826
144	64	55	0	153877
128	60	64	0	153919
144	43	57	0	154054
144	48	69	0	154072
144	51	82	0	154077
144	63	74	0	154083
128	64	64	0	154099
144	60	69	0	154239
128	63	64	0	154260
144	63	57	0	154414
128	60	64	0	154430
128	51	64	0	154492
128	43	64	0	154504
128	48	64	0	154533
144	60	69	0	154568
128	63	64	0	154583
144	52	75	0	154714
144	43	72	0	154722
144	48	72	0	154730
144	64	79	0	154748
128	60	64	0	154757
144	60	49	0	154889
128	64	64	0	154918
128	60	64	0	155074
144	64	63	0	155092
128	43	64	0	155128
128	52	64	0	155137
128	48	64	0	155151
144	60	55	0	155237
128	64	64	0	155245
144	48	62	0	155384
144	63	70	0	155391
144	43	56	0	155397
144	51	76	0	155402
128	60	64	0	155407
144	65	72	0	155565
128	63	64	0	155595
128	51	64	0	155685
128	65	64	0	155685
144	60	69	0	155703
128	48	64	0	155716
128	43	64	0	155716
144	67	71	0	155864
128	60	64	0	155901
128	67	64	0	155993
144	48	67	0	156007
144	43	55	0	156013
144	51	77	0	156018
144	68	87	0	156054
144	60	72	0	156238
128	68	64	0	156244
128	51	64	0	156284
128	43	64	0	156291
128	48	64	0	156297
144	68	58	0	156388
128	60	64	0	156395
128	68	64	0	156546
144	60	57	0	156576
144	51	81	0	156688
144	48	75	0	156694
144	43	55	0	156699
144	68	76	0	156728
128	60	64	0	156758
128	68	64	0	156911
144	60	66	0	156928
144	68	62	0	157063
128	51	64	0	157069
128	60	64	0	157074
128	43	64	0	157079
128	48	64	0	157084
128	68	64	0	157209
144	60	64	0	157245
144	51	76	0	157373
144	43	64	0	157381
144	48	72	0	157387
144	70	71	0	157398
128	60	64	0	157428
128	70	64	0	157580
144	60	75	0	157586
128	60	64	0	157719
144	70	64	0	157725
128	48	64	0	157752
128	43	64	0	157772
128	51	64	0	157777
128	70	64	0	157888
144	60	64	0	157894
144	52	67	0	158033
144	43	58	0	158039
144	48	61	0	158052
144	71	75	0	158058
128	60	64	0	158066
128	71	64	0	158211
144	60	72	0	158232
144	71	71	0	158371
128	60	64	0	158381
128	48	64	0	158490
128	43	64	0	158496
128	52	64	0	158520
128	71	64	0	158530
144	60	69	0	158539
144	70	66	0	158674
144	43	51	0	158686
144	51	73	0	158692
144	48	60	0	158697
128	60	64	0	158702
128	70	64	0	158834
144	60	57	0	158848
144	70	56	0	158996
128	60	64	0	159022
144	60	65	0	159176
128	70	64	0	159182
128	51	64	0	159226
144	52	63	0	159315
144	68	63	0	159321
128	60	64	0	159340
128	68	64	0	159467
144	60	57	0	159492
144	68	62	0	159630
128	60	64	0	159636
128	68	64	0	159773
144	60	56	0	159798
128	43	64	0	159837
128	48	64	0	159843
128	52	64	0	159843
128	60	64	0	159932
144	67	67	0	159954
144	48	45	0	159975
144	51	74	0	159983
144	43	43	0	159988
128	67	64	0	160108
144	60	58	0	160118
128	60	64	0	160260
144	67	55	0	160274
128	43	64	0	160293
128	48	64	0	160293
128	51	64	0	160321
144	60	57	0	160460
128	67	64	0	160477
144	71	75	0	160594
144	43	56	0	160602
144	52	65	0	160608
144	48	60	0	160623
128	60	64	0	160629
144	60	63	0	160801
128	71	64	0	160801
144	71	54	0	160922
128	60	64	0	160952
128	71	64	0	161121
128	48	64	0	161127
144	60	64	0	161127
128	52	64	0	161133
128	43	64	0	161147
144	70	71	0	161272
144	43	42	0	161283
128	60	64	0	161293
144	48	62	0	161293
144	51	79	0	161303
128	70	64	0	161407
144	60	58	0	161457
144	70	65	0	161589
128	60	64	0	161603
144	60	70	0	161749
128	70	64	0	161749
128	51	64	0	161760
128	48	64	0	161773
128	43	64	0	161794
128	60	64	0	161919
144	52	67	0	161931
144	48	51	0	161936
144	68	67	0	161941
144	43	45	0	161947
128	68	64	0	162035
144	60	64	0	162085
144	68	58	0	162247
128	60	64	0	162252
128	68	64	0	162403
144	60	60	0	162409
128	43	64	0	162414
128	48	64	0	162419
128	52	64	0	162426
128	60	64	0	162552
144	67	68	0	162577
144	48	64	0	162601
144	43	51	0	162615
144	51	78	0	162625
144	60	49	0	162694
128	67	64	0	162713
128	60	64	0	162910
144	67	65	0	162921
128	48	64	0	162949
128	51	64	0	162955
128	43	64	0	162960
128	67	64	0	163095
144	64	72	0	163103
144	43	62	0	163200
144	48	53	0	163213
144	52	73	0	163213
128	64	64	0	163238
144	67	65	0	163246
144	64	66	0	163383
128	67	64	0	163389
144	67	63	0	163544
128	64	64	0	163553
128	52	64	0	163575
128	43	64	0	163580
128	48	64	0	163595
128	67	64	0	163689
144	68	67	0	163697
144	43	49	0	163829
144	48	64	0	163829
144	51	82	0	163841
128	68	64	0	163860
144	63	80	0	163876
128	63	64	0	164008
144	68	73	0	164027
128	68	64	0	164169
144	63	74	0	164179
128	43	64	0	164190
128	51	64	0	164228
128	48	64	0	164228
128	63	64	0	164333
144	68	85	0	164339
144	67	79	0	164416
128	68	64	0	164430
144	43	36	0	164486
144	48	47	0	164493
144	52	84	0	164515
144	64	82	0	164539
128	67	64	0	164571
144	67	67	0	164699
128	64	64	0	164718
128	67	64	0	164855
144	64	75	0	164866
128	52	64	0	164900
128	43	64	0	164907
128	48	64	0	164919
144	67	71	0	165000
128	64	64	0	165017
128	67	64	0	165053
144	43	60	0	165144
144	48	72	0	165149
144	51	83	0	165159
144	68	61	0	165187
144	67	72	0	165209
128	67	64	0	165283
128	68	64	0	165301
144	63	72	0	165343
144	68	76	0	165497
128	63	64	0	165498
128	48	64	0	165613
128	43	64	0	165613
128	51	64	0	165628
128	68	64	0	165628
144	63	76	0	165639
144	68	70	0	165764
128	63	64	0	165803
144	48	70	0	165834
144	43	63	0	165840
128	68	64	0	165846
144	67	76	0	165851
144	52	81	0	165883
144	64	87	0	165965
128	67	64	0	166005
144	67	77	0	166157
128	64	64	0	166163
128	67	64	0	166286
128	43	64	0	166292
128	52	64	0	166292
144	64	72	0	166305
128	48	64	0	166310
128	64	64	0	166421
144	67	75	0	166445
144	43	49	0	166555
144	48	73	0	166567
144	51	80	0	166589
128	67	64	0	166595
144	63	89	0	166645
144	68	78	0	166804
128	63	64	0	166821
128	68	64	0	166961
144	63	75	0	166967
128	43	64	0	166993
128	51	64	0	166998
128	48	64	0	167003
144	68	89	0	167126
128	63	64	0	167144
144	43	66	0	167199
144	48	73	0	167205
144	52	72	0	167254
144	67	83	0	167262
128	68	64	0	167268
144	64	92	0	167302
128	67	64	0	167386
144	67	71	0	167535
128	64	64	0	167560
128	52	64	0	167598
128	43	64	0	167632
128	48	64	0	167651
128	67	64	0	167693
144	63	77	0	167700
128	63	64	0	167862
144	51	79	0	167971
144	43	55	0	167977
144	48	60	0	167982
144	68	40	0	167988
144	67	54	0	168008
128	67	64	0	168078
128	68	64	0	168090
144	63	76	0	168131
144	68	78	0	168264
128	63	64	0	168270
128	48	64	0	168395
128	51	64	0	168401
128	68	64	0	168414
128	43	64	0	168426
144	64	75	0	168442
144	43	72	0	168613
128	64	64	0	168619
144	67	80	0	168624
144	52	82	0	168629
144	48	78	0	168629
144	63	79	0	168785
128	67	64	0	168797
128	52	64	0	168880
128	63	64	0	168885
144	64	68	0	168891
128	48	64	0	168905
128	43	64	0	168918
144	67	67	0	168995
128	64	64	0	169014
144	63	74	0	169083
128	67	64	0	169111
128	63	64	0	169141
144	64	62	0	169179
144	43	53	0	169214
144	48	68	0	169215
144	51	79	0	169224
144	61	87	0	169266
128	64	64	0	169267
144	64	83	0	169528
128	61	64	0	169542
128	51	64	0	169593
128	43	64	0	169606
128	48	64	0	169606
144	67	68	0	169624
128	64	64	0	169699
144	61	80	0	169724
128	67	64	0	169798
144	43	62	0	169885
128	61	64	0	169890
144	51	70	0	169901
144	52	77	0	169906
144	48	63	0	169911
144	60	89	0	169916
144	61	68	0	170228
128	60	64	0	170265
128	48	64	0	170296
128	43	64	0	170303
128	52	64	0	170303
144	63	78	0	170329
128	51	64	0	170329
128	61	64	0	170348
144	60	78	0	170450
128	63	64	0	170450
144	61	75	0	170525
144	51	60	0	170532
144	52	60	0	170538
144	43	56	0	170546
144	48	69	0	170552
128	60	64	0	170583
128	61	64	0	170843
144	60	75	0	170850
128	51	64	0	170924
128	52	64	0	170950
128	48	64	0	170950
144	61	42	0	170962
128	43	64	0	170977
128	60	64	0	170989
144	63	63	0	171033
128	61	64	0	171047
128	63	64	0	171125
144	64	75	0	171141
144	52	66	0	171175
144	43	37	0	171188
144	49	78	0	171205
144	48	50	0	171211
144	47	53	0	171223
144	60	70	0	171245
128	47	64	0	171309
128	64	64	0	171323
144	64	65	0	171534
128	60	64	0	171567
128	52	64	0	171650
144	63	61	0	171665
128	48	64	0	171671
128	43	64	0	171678
128	49	64	0	171684
128	64	64	0	171692
144	61	62	0	171692
128	63	64	0	171738
144	60	75	0	171826
128	61	64	0	171831
144	52	58	0	171876
144	49	55	0	171898
144	48	60	0	171898
144	43	46	0	171914
144	64	69	0	172188
128	48	64	0	172210
128	60	64	0	172230
128	52	64	0	172252
128	49	64	0	172257
128	43	64	0	172268
144	63	60	0	172310
128	64	64	0	172352
144	61	60	0	172406
128	63	64	0	172422
128	61	64	0	172474
144	60	85	0	172507
144	46	70	0	172515
144	52	62	0	172521
144	49	77	0	172534
144	61	67	0	172596
144	43	15	0	172612
128	60	64	0	172662
128	61	64	0	172842
144	60	75	0	172847
144	61	53	0	172950
128	60	64	0	172984
128	52	64	0	173028
128	46	64	0	173033
128	43	64	0	173038
128	49	64	0	173038
144	63	77	0	173056
128	61	64	0	173074
144	64	77	0	173167
128	63	64	0	173167
144	52	72	0	173178
144	46	72	0	173188
144	49	64	0	173188
144	43	34	0	173246
144	61	83	0	173499
128	64	64	0	173559
128	43	64	0	173614
128	52	64	0	173625
128	46	64	0	173632
128	49	64	0	173644
144	46	72	0	173849
144	49	73	0	173850
144	52	77	0	173856
128	61	64	0	173856
144	43	55	0	173879
144	55	72	0	173910
144	57	69	0	173910
144	61	78	0	174031
128	57	64	0	174044
128	55	64	0	174049
128	61	64	0	174198
144	55	84	0	174204
128	43	64	0	174251
128	52	64	0	174271
128	49	64	0	174279
128	46	64	0	174286
128	55	64	0	174386
144	61	59	0	174392
144	46	67	0	174481
144	43	55	0	174489
144	52	60	0	174494
144	49	68	0	174494
144	58	73	0	174514
128	61	64	0	174529
144	61	63	0	174691
128	58	64	0	174697
128	43	64	0	174723
128	52	64	0	174748
128	46	64	0	174759
128	49	64	0	174759
144	64	68	0	174854
128	61	64	0	174859
128	64	64	0	175022
144	61	68	0	175034
128	61	64	0	175124
144	46	55	0	175138
144	52	49	0	175138
144	43	69	0	175146
144	49	68	0	175152
144	67	82	0	175158
128	67	64	0	175336
128	43	64	0	175369
128	49	64	0	175414
128	46	64	0	175414
128	52	64	0	175424
144	64	75	0	175461
144	67	74	0	175596
128	64	64	0	175642
144	46	67	0	175773
144	52	66	0	175773
144	70	80	0	175786
144	49	74	0	175792
144	43	63	0	175792
128	67	64	0	175819
128	49	64	0	176030
128	43	64	0	176040
128	70	64	0	176040
128	46	64	0	176047
128	52	64	0	176053
144	64	64	0	176105
128	64	64	0	176279
144	46	70	0	176455
144	52	66	0	176461
144	43	62	0	176466
144	49	74	0	176466
144	73	82	0	176484
128	73	64	0	176608
144	64	69	0	176617
128	43	64	0	176708
128	49	64	0	176730
128	46	64	0	176730
128	52	64	0	176740
128	64	64	0	176757
144	73	76	0	176775
128	73	64	0	176890
144	64	75	0	176954
144	52	64	0	177069
144	73	72	0	177078
144	46	70	0	177083
144	43	62	0	177088
128	64	64	0	177093
144	49	74	0	177098
144	72	80	0	177264
128	73	64	0	177286
128	52	64	0	177369
128	49	64	0	177374
128	43	64	0	177382
128	46	64	0	177394
144	70	75	0	177421
128	72	64	0	177427
128	70	64	0	177530
144	72	58	0	177538
144	46	73	0	177704
144	70	73	0	177709
144	43	64	0	177714
144	52	69	0	177719
144	49	77	0	177725
128	72	64	0	177746
128	70	64	0	177868
144	67	64	0	177874
128	46	64	0	178018
128	49	64	0	178024
144	72	66	0	178029
128	43	64	0	178034
128	52	64	0	178040
128	67	64	0	178051
144	70	56	0	178145
128	72	64	0	178203
128	70	64	0	178318
144	46	67	0	178337
144	67	70	0	178342
144	49	70	0	178362
144	52	63	0	178367
144	43	49	0	178375
144	70	69	0	178502
128	67	64	0	178526
128	46	64	0	178566
128	49	64	0	178585
128	52	64	0	178601
128	43	64	0	178613
128	70	64	0	178669
144	72	63	0	178679
144	70	71	0	178894
128	72	64	0	178902
144	48	60	0	179005
144	51	72	0	179010
144	43	56	0	179028
128	70	64	0	179034
144	72	65	0	179057
144	70	64	0	179215
128	72	64	0	179228
128	70	64	0	179349
144	72	52	0	179369
128	51	64	0	179374
128	48	64	0	179379
128	43	64	0	179387
128	72	64	0	179519
144	70	58	0	179534
128	70	64	0	179643
144	72	58	0	179678
144	51	62	0	179701
144	48	55	0	179706
144	43	53	0	179713
128	72	64	0	179838
144	70	67	0	179870
128	51	64	0	179950
128	48	64	0	179967
128	43	64	0	179995
144	72	62	0	180014
128	70	64	0	180021
144	75	68	0	180182
128	72	64	0	180182
144	51	66	0	180334
128	75	64	0	180340
144	48	60	0	180345
144	70	75	0	180350
144	43	51	0	180356
144	72	72	0	180494
128	70	64	0	180509
128	48	64	0	180593
128	51	64	0	180598
128	43	64	0	180598
128	72	64	0	180670
144	75	67	0	180670
128	75	64	0	180842
144	70	61	0	180855
144	51	66	0	180969
144	43	45	0	180985
144	48	62	0	180985
144	72	68	0	181017
128	70	64	0	181022
144	75	70	0	181153
128	72	64	0	181166
128	51	64	0	181265
128	48	64	0	181271
128	43	64	0	181277
144	77	83	0	181289
128	75	64	0	181315
128	77	64	0	181470
144	43	66	0	181634
144	51	76	0	181647
144	48	68	0	181647
144	77	76	0	181665
144	79	86	0	181665
128	79	64	0	182002
128	43	64	0	182053
128	51	64	0	182059
128	48	64	0	182067
144	79	68	0	182158
128	77	64	0	182165
144	43	58	0	182320
144	51	68	0	182320
144	48	62	0	182333
144	82	78	0	182333
128	79	64	0	182339
144	77	74	0	182491
128	82	64	0	182497
144	79	68	0	182621
128	77	64	0	182654
128	48	64	0	182675
128	51	64	0	182680
128	43	64	0	182692
144	82	67	0	182777
128	79	64	0	182799
144	43	66	0	182939
144	51	74	0	182944
144	48	70	0	182944
144	84	86	0	182964
128	82	64	0	182974
128	43	64	0	183334
128	48	64	0	183343
128	51	64	0	183348
144	51	61	0	183591
144	43	52	0	183600
144	48	53	0	183605
144	72	65	0	183925
128	51	64	0	183930
128	84	64	0	183945
128	48	64	0	183967
128	43	64	0	183984
144	75	67	0	184056
128	72	64	0	184083
128	75	64	0	184209
144	43	58	0	184228
144	79	83	0	184233
144	51	72	0	184240
144	48	62	0	184240
128	79	64	0	184567
144	75	66	0	184588
128	48	64	0	184617
128	51	64	0	184624
128	43	64	0	184643
128	75	64	0	184735
144	72	63	0	184755
144	51	66	0	184876
144	43	66	0	184876
144	80	78	0	184893
144	48	69	0	184898
128	72	64	0	184906
128	43	64	0	185224
128	51	64	0	185229
128	48	64	0	185229
128	80	64	0	185234
144	75	59	0	185240
128	75	64	0	185375
144	72	58	0	185403
144	52	69	0	185544
144	43	49	0	185549
144	48	62	0	185549
128	72	64	0	185557
144	80	73	0	185569
144	75	58	0	185903
128	80	64	0	185920
128	48	64	0	185964
128	43	64	0	185969
128	52	64	0	185974
128	75	64	0	186050
144	72	63	0	186059
128	72	64	0	186228
144	43	49	0	186228
144	48	64	0	186239
144	80	78	0	186244
144	51	69	0	186249
144	75	58	0	186567
128	80	64	0	186611
128	48	64	0	186677
128	51	64	0	186682
128	43	64	0	186696
144	72	63	0	186707
128	75	64	0	186707
144	52	75	0	186882
128	72	64	0	186887
144	43	62	0	186887
144	79	75	0	186894
144	48	66	0	186900
144	75	53	0	187240
128	79	64	0	187263
128	52	64	0	187326
128	43	64	0	187344
128	48	64	0	187360
144	72	56	0	187390
128	75	64	0	187395
128	72	64	0	187558
144	80	73	0	187566
144	43	56	0	187591
144	51	72	0	187604
144	48	60	0	187604
144	75	50	0	187894
128	80	64	0	187930
128	51	64	0	188049
128	75	64	0	188055
128	43	64	0	188066
144	72	61	0	188072
128	48	64	0	188091
128	72	64	0	188203
144	76	71	0	188240
144	52	67	0	188252
144	43	64	0	188252
144	48	60	0	188271
128	76	64	0	188547
144	72	58	0	188562
128	43	64	0	188696
128	52	64	0	188704
128	48	64	0	188709
128	72	64	0	188719
144	76	49	0	188725
128	76	64	0	188870
144	75	69	0	188884
144	43	60	0	188898
144	48	66	0	188908
144	51	75	0	188915
128	51	64	0	189273
128	75	64	0	189283
128	48	64	0	189339
128	43	64	0	189345
144	70	76	0	189542
144	52	78	0	189547
144	43	64	0	189557
144	48	69	0	189565
128	70	64	0	189826
144	72	59	0	189844
144	70	52	0	190023
128	52	64	0	190023
128	43	64	0	190045
128	72	64	0	190055
128	48	64	0	190060
128	70	64	0	190134
144	67	61	0	190189
144	51	76	0	190223
144	43	49	0	190233
144	48	57	0	190238
144	70	55	0	190330
128	67	64	0	190339
128	70	64	0	190492
128	51	64	0	190497
144	67	64	0	190508
128	48	64	0	190540
128	43	64	0	190565
144	64	69	0	190652
128	67	64	0	190657
128	64	64	0	190818
144	52	75	0	190833
144	67	73	0	190838
144	43	68	0	190849
144	48	71	0	190860
144	64	66	0	191192
128	67	64	0	191197
128	52	64	0	191300
128	48	64	0	191305
128	43	64	0	191310
144	67	64	0	191334
128	64	64	0	191345
144	63	75	0	191507
144	48	64	0	191519
144	51	82	0	191525
144	43	53	0	191530
128	67	64	0	191546
128	43	64	0	191823
128	51	64	0	191823
128	63	64	0	191840
128	48	64	0	191853
144	60	64	0	192125
144	43	62	0	192130
144	52	72	0	192135
144	48	72	0	192154
128	60	64	0	192297
144	67	44	0	192309
144	65	44	0	192334
128	65	64	0	192398
128	67	64	0	192435
144	60	68	0	192459
128	52	64	0	192488
128	43	64	0	192523
128	48	64	0	192528
144	67	51	0	192653
128	60	64	0	192669
144	43	52	0	192751
144	48	64	0	192768
144	51	79	0	192768
144	70	71	0	192805
128	67	64	0	192821
128	70	64	0	192961
144	60	66	0	192988
128	51	64	0	193031
128	48	64	0	193064
128	43	64	0	193075
144	67	52	0	193129
128	60	64	0	193144
144	70	62	0	193280
128	67	64	0	193354
144	52	77	0	193388
144	43	62	0	193396
144	48	69	0	193406
144	71	85	0	193436
128	70	64	0	193441
128	43	64	0	193794
128	52	64	0	193830
128	48	64	0	193835
144	48	75	0	194118
144	43	55	0	194132
144	51	86	0	194137
144	70	82	0	194142
128	71	64	0	194194
128	48	64	0	194560
128	51	64	0	194583
128	43	64	0	194583
144	52	72	0	194789
144	43	69	0	194800
144	67	72	0	194815
144	48	67	0	194823
128	70	64	0	194838
144	70	60	0	195164
128	67	64	0	195169
128	52	64	0	195258
128	43	64	0	195267
144	67	52	0	195272
128	70	64	0	195277
128	48	64	0	195285
128	67	64	0	195450
144	68	64	0	195466
144	51	70	0	195482
144	43	41	0	195494
144	48	60	0	195499
128	48	64	0	195868
128	43	64	0	195873
128	51	64	0	195878
128	68	64	0	196142
144	52	68	0	196161
144	67	81	0	196166
144	43	65	0	196192
144	48	70	0	196197
144	65	70	0	196453
128	67	64	0	196491
128	52	64	0	196559
128	48	64	0	196570
128	43	64	0	196591
144	67	65	0	196603
128	65	64	0	196609
144	48	67	0	196812
144	43	59	0	196817
144	51	79	0	196817
144	64	78	0	196817
128	67	64	0	196828
128	48	64	0	197225
128	51	64	0	197231
128	43	64	0	197253
144	43	64	0	197485
144	52	70	0	197490
144	48	64	0	197509
144	63	69	0	197524
128	64	64	0	197558
144	61	70	0	197762
128	63	64	0	197762
128	61	64	0	197901
144	63	58	0	197913
128	52	64	0	197919
128	48	64	0	197919
128	43	64	0	197950
144	61	63	0	198050
128	63	64	0	198061
128	61	64	0	198109
144	60	73	0	198131
144	48	59	0	198131
144	51	74	0	198139
144	43	41	0	198139
144	61	74	0	198267
128	60	64	0	198272
128	61	64	0	198316
128	51	64	0	198372
144	60	64	0	198377
128	48	64	0	198396
128	43	64	0	198437
144	61	72	0	198482
128	60	64	0	198492
128	61	64	0	198582
144	63	60	0	198582
144	60	75	0	198635
128	63	64	0	198640
144	48	71	0	198702
144	52	72	0	198707
144	43	59	0	198712
144	59	87	0	198734
128	60	64	0	198781
144	60	73	0	199067
128	43	64	0	199086
128	52	64	0	199086
128	59	64	0	199086
128	48	64	0	199112
144	61	74	0	199170
128	60	64	0	199183
144	60	63	0	199281
128	61	64	0	199316
144	59	71	0	199341
144	51	79	0	199373
144	48	65	0	199378
144	43	53	0	199385
128	60	64	0	199395
128	59	64	0	199720
144	60	48	0	199739
144	61	79	0	199753
128	51	64	0	199753
128	48	64	0	199791
128	43	64	0	199791
128	60	64	0	199803
144	60	69	0	199885
128	61	64	0	199962
144	59	78	0	199971
128	60	64	0	200010
144	43	68	0	200041
128	59	64	0	200046
144	52	72	0	200051
144	48	73	0	200056
144	57	78	0	200062
144	56	87	0	200144
144	55	92	0	200192
128	57	64	0	200219
128	56	64	0	200243
128	52	64	0	200356
128	48	64	0	200467
128	43	64	0	200483
144	51	76	0	200718
144	48	69	0	200726
144	43	63	0	200743
128	51	64	0	201054
128	48	64	0	201060
128	43	64	0	201085
144	52	58	0	201417
144	48	44	0	201427
144	43	36	0	201439
144	59	47	0	201755
128	55	64	0	201766
128	52	64	0	201840
128	48	64	0	201845
128	43	64	0	201853
144	56	61	0	201893
128	59	64	0	201912
128	56	64	0	202010
144	55	64	0	202046
144	48	53	0	202079
144	51	70	0	202087
144	43	9	0	202189
144	59	60	0	202417
128	55	64	0	202417
128	48	64	0	202474
128	51	64	0	202474
128	43	64	0	202482
144	56	63	0	202536
128	59	64	0	202541
128	56	64	0	202701
144	43	55	0	202719
144	55	67	0	202719
144	52	64	0	202728
144	48	62	0	202750
128	43	64	0	203063
144	59	53	0	203083
128	55	64	0	203088
128	52	64	0	203099
128	48	64	0	203139
144	56	58	0	203244
128	59	64	0	203263
144	43	54	0	203381
144	48	62	0	203395
144	51	71	0	203401
144	55	62	0	203440
128	56	64	0	203454
128	55	64	0	203735
144	60	63	0	203740
128	51	64	0	203796
128	48	64	0	203801
128	43	64	0	203846
144	55	34	0	203860
128	60	64	0	203867
144	52	63	0	204039
128	55	64	0	204044
144	43	58	0	204050
144	48	68	0	204063
144	63	67	0	204068
128	63	64	0	204201
144	55	56	0	204207
128	43	64	0	204338
128	52	64	0	204345
128	48	64	0	204364
144	64	51	0	204379
128	55	64	0	204385
128	64	64	0	204536
144	55	59	0	204563
144	63	70	0	204721
128	55	64	0	204733
144	51	73	0	204739
144	48	55	0	204744
144	43	42	0	204750
128	63	64	0	204879
144	55	64	0	204910
128	51	64	0	204957
128	48	64	0	204972
128	43	64	0	205017
144	64	58	0	205054
128	55	64	0	205069
128	64	64	0	205182
144	55	66	0	205226
144	52	60	0	205368
144	65	67	0	205374
144	43	45	0	205385
128	55	64	0	205390
144	48	61	0	205395
128	65	64	0	205500
144	55	63	0	205530
128	52	64	0	205608
128	48	64	0	205626
128	43	64	0	205631
128	55	64	0	205655
144	67	68	0	205670
128	67	64	0	205801
144	43	49	0	205991
144	48	64	0	205996
144	68	73	0	206001
144	51	78	0	206006
128	68	64	0	206310
144	66	74	0	206315
128	51	64	0	206320
128	48	64	0	206345
128	43	64	0	206375
128	66	64	0	206440
144	68	52	0	206448
144	66	51	0	206551
128	68	64	0	206582
144	43	58	0	206621
144	48	60	0	206641
144	64	81	0	206641
144	52	68	0	206648
128	66	64	0	206669
144	68	66	0	206945
128	64	64	0	206955
128	48	64	0	207034
128	52	64	0	207039
128	43	64	0	207055
144	66	64	0	207076
128	68	64	0	207086
128	66	64	0	207124
144	64	65	0	207167
144	48	60	0	207243
144	51	70	0	207249
144	63	85	0	207257
128	64	64	0	207268
144	43	27	0	207289
128	63	64	0	207530
128	51	64	0	207535
144	64	60	0	207545
128	43	64	0	207551
128	48	64	0	207557
144	63	56	0	207676
128	64	64	0	207689
144	61	61	0	207783
128	63	64	0	207801
128	61	64	0	207867
144	60	78	0	207894
144	52	64	0	207894
144	43	60	0	207912
144	48	63	0	207925
144	61	67	0	208210
128	60	64	0	208236
128	43	64	0	208272
128	52	64	0	208284
128	48	64	0	208299
144	63	67	0	208323
128	61	64	0	208333
128	63	64	0	208427
144	64	75	0	208473
144	48	61	0	208528
144	51	72	0	208533
144	43	42	0	208543
144	66	67	0	208851
128	51	64	0	208870
128	64	64	0	208870
128	48	64	0	208899
128	43	64	0	208913
144	68	70	0	208984
128	66	64	0	208989
128	68	64	0	209104
144	69	77	0	209116
144	52	66	0	209158
144	43	56	0	209165
144	48	68	0	209179
144	68	55	0	209216
128	69	64	0	209286
128	68	64	0	209488
144	69	71	0	209493
128	52	64	0	209542
128	48	64	0	209571
128	43	64	0	209580
144	68	45	0	209594
128	69	64	0	209619
128	68	64	0	209678
144	66	67	0	209685
144	43	51	0	209784
144	48	64	0	209789
144	68	73	0	209789
144	51	72	0	209790
128	66	64	0	209801
128	68	64	0	210090
144	69	77	0	210105
128	51	64	0	210159
128	48	64	0	210168
128	43	64	0	210203
128	69	64	0	210411
144	52	70	0	210426
144	70	84	0	210436
144	48	73	0	210441
144	43	60	0	210441
128	70	64	0	210716
144	71	68	0	210731
128	52	64	0	210837
128	48	64	0	210846
128	43	64	0	210855
128	71	64	0	211072
144	72	84	0	211092
144	43	52	0	211092
144	48	63	0	211101
144	51	77	0	211106
128	51	64	0	211327
128	48	64	0	211377
128	43	64	0	211384
144	75	67	0	211399
128	72	64	0	211406
128	75	64	0	211574
144	76	63	0	211574
144	52	66	0	211724
144	75	65	0	211724
144	43	55	0	211740
144	48	70	0	211752
128	76	64	0	211752
144	73	59	0	212100
128	75	64	0	212117
128	52	64	0	212145
128	48	64	0	212160
128	43	64	0	212168
128	73	64	0	212228
144	72	65	0	212246
128	72	64	0	212391
144	48	54	0	212391
144	51	66	0	212391
144	73	67	0	212405
144	43	45	0	212416
128	73	64	0	212503
144	72	67	0	212534
128	51	64	0	212621
128	48	64	0	212642
128	43	64	0	212648
128	72	64	0	212687
144	70	67	0	212703
128	70	64	0	212765
144	72	65	0	212854
144	70	66	0	212994
144	52	55	0	212999
128	72	64	0	213005
144	48	59	0	213013
144	43	54	0	213022
144	68	61	0	213172
128	70	64	0	213177
128	52	64	0	213267
128	68	64	0	213295
128	43	64	0	213302
128	48	64	0	213302
144	67	63	0	213322
128	67	64	0	213434
144	70	66	0	213471
128	70	64	0	213608
144	65	68	0	213613
144	43	45	0	213618
144	48	58	0	213624
144	51	73	0	213624
128	65	64	0	213767
144	70	63	0	213794
128	51	64	0	213830
128	48	64	0	213858
128	43	64	0	213878
144	67	56	0	213928
128	70	64	0	213936
144	64	59	0	214098
128	67	64	0	214098
144	43	60	0	214210
144	52	67	0	214217
144	48	62	0	214226
128	64	64	0	214236
144	67	64	0	214261
128	67	64	0	214417
144	70	67	0	214424
128	52	64	0	214429
128	48	64	0	214463
128	43	64	0	214506
144	67	63	0	214587
128	70	64	0	214592
128	67	64	0	214734
144	65	64	0	214739
144	43	44	0	214862
144	51	73	0	214867
144	48	54	0	214873
144	64	66	0	214884
128	65	64	0	214895
128	51	64	0	215040
144	63	70	0	215051
128	64	64	0	215056
128	48	64	0	215061
128	43	64	0	215070
128	63	64	0	215170
144	60	69	0	215225
144	63	61	0	215351
128	60	64	0	215362
144	52	65	0	215493
144	43	51	0	215504
128	63	64	0	215512
144	48	64	0	215534
144	64	82	0	215552
128	52	64	0	215856
128	43	64	0	215884
128	48	64	0	215889
144	61	66	0	215917
128	64	64	0	216001
144	48	59	0	216244
144	43	52	0	216250
144	51	72	0	216250
128	61	64	0	216261
144	55	80	0	216285
128	48	64	0	216776
128	43	64	0	216785
128	51	64	0	216785
144	43	60	0	216977
144	52	69	0	216982
144	60	81	0	216995
144	48	69	0	217000
128	55	64	0	217041
144	58	68	0	217342
128	52	64	0	217474
128	48	64	0	217479
128	43	64	0	217488
144	55	89	0	217709
144	43	60	0	217709
144	48	64	0	217719
144	51	75	0	217726
128	60	64	0	217747
128	58	64	0	217764
128	43	64	0	218230
128	48	64	0	218243
128	51	64	0	218243
128	55	64	0	218344
144	60	68	0	218369
144	52	73	0	218402
144	43	58	0	218407
144	48	58	0	218423
144	58	61	0	218711
128	52	64	0	218846
128	43	64	0	218871
128	48	64	0	218882
128	58	64	0	219022
144	55	72	0	219041
144	43	59	0	219061
144	51	74	0	219080
144	48	53	0	219093
128	48	64	0	219566
128	51	64	0	219571
128	43	64	0	219585
144	43	43	0	219739
144	52	68	0	219764
128	55	64	0	219764
144	48	68	0	219770
144	56	68	0	219781
128	43	64	0	220247
128	52	64	0	220252
128	48	64	0	220272
128	56	64	0	220435
144	55	66	0	220457
144	48	60	0	220479
144	43	48	0	220479
144	51	71	0	220499
128	51	64	0	220979
128	43	64	0	221002
128	48	64	0	221014
144	59	76	0	221153
144	52	65	0	221163
144	48	58	0	221170
144	43	47	0	221175
128	55	64	0	221180
128	52	64	0	221649
128	43	64	0	221665
128	48	64	0	221683
144	55	60	0	221843
144	48	57	0	221871
144	43	47	0	221876
144	51	69	0	221887
128	59	64	0	221892
128	51	64	0	222328
128	48	64	0	222346
128	43	64	0	222357
144	52	58	0	222581
144	43	52	0	222587
144	48	58	0	222592
128	55	64	0	222592
144	56	64	0	222592
128	52	64	0	222970
128	48	64	0	223014
128	43	64	0	223014
128	56	64	0	223179
144	48	48	0	223277
144	55	49	0	223282
144	51	63	0	223282
144	43	33	0	223291
128	51	64	0	223723
128	48	64	0	223768
128	43	64	0	223773
144	52	65	0	223957
144	43	48	0	223962
144	59	69	0	223969
144	48	58	0	223974
128	55	64	0	223980
128	52	64	0	224412
128	48	64	0	224426
128	43	64	0	224440
144	43	33	0	224638
144	48	53	0	224665
144	51	61	0	224682
128	59	64	0	224688
144	55	59	0	224688
128	51	64	0	225112
128	48	64	0	225141
128	43	64	0	225167
128	55	64	0	225325
144	52	62	0	225342
144	43	33	0	225342
144	48	57	0	225351
144	56	61	0	225351
128	56	64	0	225644
144	55	59	0	225664
128	43	64	0	225737
128	52	64	0	225748
128	48	64	0	225768
144	48	58	0	226019
128	55	64	0	226024
144	59	62	0	226030
144	43	36	0	226035
144	51	68	0	226035
128	59	64	0	226357
144	55	52	0	226378
128	51	64	0	226480
128	48	64	0	226490
128	43	64	0	226505
128	55	64	0	226696
144	56	58	0	226723
144	52	62	0	226723
144	43	54	0	226729
144	48	60	0	226729
128	56	64	0	227052
144	55	58	0	227069
128	43	64	0	227090
128	52	64	0	227109
128	48	64	0	227118
144	48	57	0	227397
144	43	41	0	227403
128	55	64	0	227408
144	59	57	0	227408
144	51	66	0	227421
144	55	53	0	227766
128	59	64	0	227780
128	51	64	0	227813
128	48	64	0	227838
128	43	64	0	227860
144	52	51	0	228084
144	43	57	0	228095
128	55	64	0	228101
144	48	55	0	228106
144	56	63	0	228111
128	56	64	0	228419
144	55	60	0	228434
128	43	64	0	228480
128	52	64	0	228491
128	48	64	0	228508
128	60	64	0	228508
144	48	60	0	228758
144	43	45	0	228765
144	51	72	0	228765
144	59	63	0	228771
128	55	64	0	228781
128	59	64	0	228939
144	60	61	0	228951
128	51	64	0	229079
128	48	64	0	229089
144	59	59	0	229103
128	60	64	0	229108
128	43	64	0	229117
144	56	64	0	229268
128	59	64	0	229284
128	56	64	0	229395
144	55	66	0	229416
144	43	50	0	229421
144	48	55	0	229426
144	52	64	0	229432
144	56	59	0	229586
128	55	64	0	229591
128	43	64	0	229734
128	56	64	0	229740
144	59	62	0	229748
128	52	64	0	229755
128	48	64	0	229762
128	59	64	0	229895
144	60	58	0	229918
144	48	64	0	230066
144	59	63	0	230072
144	43	51	0	230077
144	51	75	0	230082
128	60	64	0	230089
144	56	58	0	230244
128	59	64	0	230262
128	51	64	0	230291
128	43	64	0	230314
128	48	64	0	230314
128	56	64	0	230374
144	55	51	0	230414
128	55	64	0	230532
144	56	54	0	230545
144	52	62	0	230709
128	56	64	0	230714
144	48	66	0	230724
144	43	55	0	230729
144	59	63	0	230734
144	60	72	0	230882
128	59	64	0	230887
128	52	64	0	230982
128	48	64	0	231023
128	43	64	0	231040
128	60	64	0	231050
144	59	60	0	231064
144	56	58	0	231213
128	59	64	0	231225
128	56	64	0	231345
144	48	65	0	231362
144	51	78	0	231382
144	55	73	0	231387
144	43	45	0	231407
144	56	52	0	231526
128	55	64	0	231554
128	51	64	0	231605
128	43	64	0	231610
128	48	64	0	231629
128	56	64	0	231707
144	59	58	0	231724
128	59	64	0	231882
144	60	45	0	231919
144	52	62	0	232004
144	48	65	0	232022
144	43	60	0	232032
144	59	71	0	232048
128	60	64	0	232067
144	56	69	0	232200
128	59	64	0	232224
128	52	64	0	232254
128	43	64	0	232259
128	48	64	0	232282
128	56	64	0	232326
144	55	70	0	232346
128	55	64	0	232480
144	56	47	0	232494
144	48	60	0	232642
144	51	72	0	232642
144	43	45	0	232666
128	56	64	0	232673
144	58	61	0	232673
128	58	64	0	232794
144	59	64	0	232800
128	51	64	0	232915
128	48	64	0	232923
128	43	64	0	232938
128	59	64	0	232973
144	58	64	0	232973
144	56	59	0	233109
128	58	64	0	233129
128	56	64	0	233258
144	52	68	0	233274
144	48	66	0	233280
144	55	78	0	233280
144	43	58	0	233290
144	58	64	0	233431
128	55	64	0	233459
128	43	64	0	233541
128	52	64	0	233541
128	48	64	0	233566
128	58	64	0	233572
144	55	44	0	233596
128	55	64	0	233743
144	59	60	0	233748
128	59	64	0	233887
144	48	62	0	233894
144	51	75	0	233899
144	43	41	0	233912
144	55	66	0	233918
144	60	66	0	234071
128	55	64	0	234079
128	51	64	0	234128
128	48	64	0	234153
128	43	64	0	234169
128	60	64	0	234202
144	55	58	0	234242
128	55	64	0	234369
144	62	42	0	234392
128	62	64	0	234501
144	52	66	0	234520
144	43	62	0	234529
144	48	67	0	234534
144	55	72	0	234540
128	55	64	0	234696
144	63	64	0	234705
128	52	64	0	234801
128	48	64	0	234833
128	63	64	0	234841
144	55	55	0	234841
128	43	64	0	234848
144	63	51	0	234994
128	55	64	0	234994
128	63	64	0	235140
144	55	67	0	235170
144	48	69	0	235179
144	43	52	0	235190
144	51	84	0	235196
144	63	53	0	235346
128	55	64	0	235364
128	51	64	0	235427
128	48	64	0	235453
128	43	64	0	235464
128	63	64	0	235487
144	55	64	0	235536
128	55	64	0	235668
144	63	63	0	235678
128	63	64	0	235737
144	43	59	0	235808
144	55	70	0	235816
144	52	73	0	235816
144	48	58	0	235858
144	47	50	0	235876
128	47	64	0	235943
144	64	69	0	235949
128	55	64	0	235983
128	52	64	0	236109
128	43	64	0	236109
128	64	64	0	236115
144	55	69	0	236141
128	48	64	0	236152
128	55	64	0	236288
144	63	64	0	236294
128	63	64	0	236429
144	55	70	0	236459
144	48	58	0	236483
144	43	40	0	236490
144	51	76	0	236495
144	63	66	0	236608
128	55	64	0	236632
128	51	64	0	236730
128	63	64	0	236742
128	48	64	0	236765
144	61	74	0	236801
128	43	64	0	236809
128	61	64	0	236928
144	55	77	0	236964
128	55	64	0	237105
144	48	66	0	237110
144	43	57	0	237110
144	52	69	0	237110
144	60	78	0	237118
144	55	74	0	237266
128	60	64	0	237279
128	52	64	0	237329
128	43	64	0	237346
128	48	64	0	237359
128	55	64	0	237417
144	60	38	0	237449
144	61	69	0	237509
128	60	64	0	237514
128	61	64	0	237636
144	55	68	0	237667
144	48	62	0	237791
144	51	71	0	237796
144	43	44	0	237806
128	55	64	0	237829
144	63	81	0	237839
128	63	64	0	237959
144	55	70	0	237987
128	51	64	0	238061
128	48	64	0	238095
128	43	64	0	238116
128	55	64	0	238116
144	64	66	0	238177
144	55	59	0	238304
128	64	64	0	238313
144	52	69	0	238464
128	55	64	0	238471
144	64	78	0	238481
144	43	60	0	238487
144	48	71	0	238492
128	64	64	0	238642
144	55	72	0	238648
144	64	72	0	238798
128	55	64	0	238805
128	43	64	0	238844
128	48	64	0	238857
128	52	64	0	238866
144	55	55	0	238933
128	64	64	0	238938
128	55	64	0	239115
144	48	58	0	239120
144	63	67	0	239126
144	43	44	0	239131
144	51	70	0	239136
128	63	64	0	239257
144	55	62	0	239296
128	55	64	0	239425
144	63	57	0	239425
128	51	64	0	239463
128	48	64	0	239499
128	43	64	0	239523
128	63	64	0	239561
144	55	61	0	239569
144	52	57	0	239709
144	61	68	0	239732
144	43	47	0	239738
128	55	64	0	239743
144	48	58	0	239751
128	61	64	0	239884
144	55	55	0	239896
144	60	64	0	240038
128	52	64	0	240043
128	43	64	0	240049
128	55	64	0	240054
128	48	64	0	240059
144	55	57	0	240171
128	60	64	0	240176
144	58	67	0	240331
128	55	64	0	240355
144	43	31	0	240355
144	48	53	0	240363
144	51	68	0	240363
128	58	64	0	240486
144	59	60	0	240509
128	51	64	0	240604
128	48	64	0	240627
128	43	64	0	240645
144	58	57	0	240652
128	59	64	0	240672
128	58	64	0	240748
144	55	68	0	240782
128	55	64	0	240942
144	56	76	0	240947
144	43	55	0	240953
144	52	71	0	240958
144	48	69	0	240963
128	56	64	0	241083
144	55	72	0	241091
128	52	64	0	241201
128	48	64	0	241221
144	58	59	0	241232
128	43	64	0	241232
128	55	64	0	241241
128	58	64	0	241389
144	53	72	0	241398
144	58	54	0	241535
128	53	64	0	241555
144	48	60	0	241568
144	51	75	0	241573
144	43	26	0	241582
144	56	68	0	241706
128	58	64	0	241729
128	51	64	0	241775
128	48	64	0	241781
128	43	64	0	241821
128	56	64	0	241841
144	55	66	0	241855
144	58	65	0	242016
128	55	64	0	242029
144	52	68	0	242154
144	43	49	0	242160
144	48	64	0	242172
144	56	67	0	242195
128	58	64	0	242232
144	53	76	0	242351
128	56	64	0	242356
128	52	64	0	242365
128	48	64	0	242403
128	43	64	0	242441
144	56	60	0	242500
128	53	64	0	242527
128	56	64	0	242645
144	55	60	0	242662
144	43	35	0	242791
144	51	70	0	242799
144	48	58	0	242811
144	56	65	0	242961
128	55	64	0	242977
128	51	64	0	242993
128	48	64	0	243032
144	58	67	0	243120
128	43	64	0	243125
128	56	64	0	243130
128	58	64	0	243262
144	57	69	0	243267
144	52	66	0	243388
144	48	70	0	243401
144	43	44	0	243410
144	58	67	0	243425
128	57	64	0	243444
144	56	69	0	243577
128	58	64	0	243612
128	52	64	0	243617
128	48	64	0	243651
128	43	64	0	243660
128	56	64	0	243725
144	55	65	0	243730
144	54	74	0	243895
128	55	64	0	243918
144	51	81	0	244016
144	48	65	0	244028
144	43	34	0	244043
128	54	64	0	244166
144	55	69	0	244189
128	51	64	0	244225
128	48	64	0	244244
128	43	64	0	244292
144	56	70	0	244345
128	55	64	0	244364
144	58	72	0	244499
128	56	64	0	244514
144	52	72	0	244656
144	48	72	0	244661
144	43	54	0	244674
128	58	64	0	244825
144	59	81	0	244837
128	52	64	0	244879
128	43	64	0	244901
128	48	64	0	244901
144	60	75	0	244969
128	59	64	0	244992
144	61	74	0	245131
128	60	64	0	245159
144	48	69	0	245246
144	43	47	0	245254
144	51	79	0	245263
128	43	64	0	245458
128	51	64	0	245474
128	48	64	0	245482
128	61	64	0	245482
144	62	84	0	245502
144	63	80	0	245661
128	62	64	0	245674
128	63	64	0	245793
144	64	79	0	245793
144	52	72	0	245908
144	48	75	0	245921
144	43	65	0	245926
144	65	79	0	245963
128	64	64	0	246012
144	66	75	0	246152
128	52	64	0	246171
128	43	64	0	246171
128	65	64	0	246188
128	48	64	0	246197
144	67	80	0	246360
128	66	64	0	246366
144	66	63	0	246498
128	67	64	0	246524
144	48	66	0	246650
144	43	55	0	246658
144	51	79	0	246666
128	66	64	0	246672
144	67	82	0	246677
144	66	72	0	246844
128	67	64	0	246853
128	51	64	0	246910
128	48	64	0	246951
128	43	64	0	246965
128	66	64	0	246990
144	67	68	0	247014
144	66	64	0	247158
128	67	64	0	247163
128	66	64	0	247306
144	52	71	0	247326
144	67	83	0	247331
144	43	63	0	247346
144	48	77	0	247351
128	43	64	0	247736
128	48	64	0	247763
128	52	64	0	247763
144	48	55	0	248023
144	43	51	0	248023
144	51	64	0	248041
128	51	64	0	248442
128	43	64	0	248449
128	48	64	0	248461
128	67	64	0	248528
144	52	63	0	248698
144	71	64	0	248711
144	43	61	0	248716
144	48	63	0	248721
128	71	64	0	248970
144	67	59	0	248994
128	48	64	0	249121
128	43	64	0	249136
128	52	64	0	249167
144	71	53	0	249167
128	67	64	0	249222
144	48	67	0	249354
144	43	43	0	249368
144	51	75	0	249377
144	70	67	0	249382
128	71	64	0	249410
144	74	81	0	249698
128	70	64	0	249727
128	51	64	0	249746
128	48	64	0	249795
128	43	64	0	249804
144	48	74	0	250047
128	74	64	0	250064
144	52	72	0	250078
144	43	58	0	250083
144	71	72	0	250096
144	72	63	0	250096
128	72	64	0	250154
144	67	74	0	250416
128	71	64	0	250432
128	43	64	0	250447
128	48	64	0	250491
128	52	64	0	250507
144	71	57	0	250588
128	67	64	0	250597
144	43	48	0	250755
144	48	69	0	250768
144	70	74	0	250782
144	51	76	0	250787
128	71	64	0	250793
144	73	84	0	251105
128	70	64	0	251165
128	51	64	0	251178
128	48	64	0	251197
128	43	64	0	251225
144	71	78	0	251446
144	52	76	0	251451
144	48	69	0	251464
128	73	64	0	251469
144	43	61	0	251475
144	67	66	0	251772
128	71	64	0	251781
128	43	64	0	251858
128	48	64	0	251863
128	52	64	0	251880
144	71	57	0	251936
128	67	64	0	251968
144	48	73	0	252104
144	43	50	0	252113
144	70	80	0	252131
144	51	78	0	252136
128	71	64	0	252151
128	51	64	0	252468
144	75	81	0	252473
128	48	64	0	252501
128	70	64	0	252506
128	43	64	0	252529
128	75	64	0	252648
144	74	77	0	252656
128	74	64	0	252828
144	67	87	0	252839
144	52	69	0	252844
144	48	72	0	252850
144	43	53	0	252855
144	71	68	0	253158
128	67	64	0	253193
128	52	64	0	253226
128	43	64	0	253253
128	48	64	0	253283
144	70	73	0	253348
128	71	64	0	253370
128	70	64	0	253476
144	67	85	0	253513
144	48	69	0	253518
144	43	61	0	253518
144	51	83	0	253524
144	70	77	0	253852
128	67	64	0	253881
128	51	64	0	253925
128	48	64	0	253942
128	43	64	0	253958
128	70	64	0	254017
144	67	68	0	254017
144	65	77	0	254165
128	67	64	0	254172
144	43	60	0	254181
144	48	73	0	254181
144	51	78	0	254190
144	68	75	0	254509
128	65	64	0	254534
128	51	64	0	254585
128	48	64	0	254594
128	43	64	0	254610
144	48	75	0	254823
144	43	60	0	254829
144	67	85	0	254829
144	51	78	0	254834
128	68	64	0	254834
144	64	72	0	255177
128	67	64	0	255205
128	51	64	0	255243
128	48	64	0	255258
128	43	64	0	255269
128	64	64	0	255498
144	43	62	0	255512
144	48	77	0	255517
144	51	81	0	255523
144	63	90	0	255530
128	43	64	0	256051
128	48	64	0	256057
128	51	64	0	256072
144	60	75	0	256192
128	63	64	0	256197
144	51	70	0	256215
144	43	62	0	256215
144	48	64	0	256227
128	51	64	0	256624
128	48	64	0	256633
128	43	64	0	256646
128	60	64	0	256711
144	52	66	0	256851
144	67	78	0	256859
144	48	66	0	256864
144	43	61	0	256870
144	63	53	0	256899
128	63	64	0	256964
144	60	68	0	257179
128	67	64	0	257236
144	64	58	0	257281
128	43	64	0	257321
128	52	64	0	257329
128	48	64	0	257329
128	60	64	0	257345
128	64	64	0	257486
144	67	70	0	257491
144	52	54	0	257519
144	48	55	0	257527
144	43	49	0	257545
128	67	64	0	257652
144	60	59	0	257672
144	64	58	0	257816
128	60	64	0	257831
128	52	64	0	257847
128	43	64	0	257852
128	48	64	0	257861
144	68	73	0	258001
128	64	64	0	258001
128	68	64	0	258140
144	52	62	0	258146
144	48	61	0	258158
144	43	58	0	258165
144	60	69	0	258170
144	64	60	0	258290
128	60	64	0	258310
128	43	64	0	258450
128	48	64	0	258465
128	64	64	0	258476
128	52	64	0	258476
144	68	64	0	258486
128	68	64	0	258647
144	60	51	0	258657
144	52	49	0	258797
144	64	58	0	258808
144	48	62	0	258814
128	60	64	0	258825
144	43	62	0	258849
128	43	64	0	258963
128	48	64	0	259001
144	68	63	0	259014
128	64	64	0	259023
128	52	64	0	259058
128	68	64	0	259155
144	60	49	0	259177
144	64	48	0	259336
128	60	64	0	259341
144	48	69	0	259464
144	44	74	0	259473
144	52	47	0	259473
144	68	80	0	259492
128	64	64	0	259492
144	53	31	0	259516
128	53	64	0	259562
128	68	64	0	259656
144	64	68	0	259665
128	64	64	0	259809
144	68	58	0	259809
128	44	64	0	259973
128	68	64	0	259979
144	64	61	0	259986
128	52	64	0	259995
128	48	64	0	260000
128	64	64	0	260143
144	60	66	0	260155
144	52	62	0	260171
144	44	68	0	260181
144	48	58	0	260187
144	68	71	0	260331
128	60	64	0	260349
128	48	64	0	260472
128	44	64	0	260478
128	52	64	0	260478
144	64	70	0	260495
128	68	64	0	260495
144	68	56	0	260636
128	64	64	0	260666
144	52	63	0	260780
144	44	69	0	260787
144	48	65	0	260787
144	72	86	0	260811
128	68	64	0	260817
128	72	64	0	261066
128	52	64	0	261173
128	48	64	0	261180
128	44	64	0	261192
144	72	77	0	261411
144	52	69	0	261443
144	44	67	0	261456
144	48	65	0	261465
144	74	74	0	261739
128	72	64	0	261766
128	52	64	0	261780
128	48	64	0	261803
128	44	64	0	261815
144	76	81	0	262081
144	52	65	0	262086
128	74	64	0	262092
144	44	67	0	262097
144	48	66	0	262097
144	78	76	0	262205
128	76	64	0	262211
128	48	64	0	262286
128	44	64	0	262313
128	52	64	0	262313
144	76	63	0	262324
128	78	64	0	262335
144	74	74	0	262409
128	76	64	0	262418
128	74	64	0	262544
144	78	80	0	262551
144	76	80	0	262690
144	52	60	0	262703
128	78	64	0	262715
144	44	64	0	262722
144	48	64	0	262722
144	74	85	0	262765
128	76	64	0	262808
128	48	64	0	262898
128	52	64	0	262911
128	44	64	0	262919
144	78	84	0	263027
128	74	64	0	263046
128	78	64	0	263163
144	52	69	0	263339
144	44	73	0	263345
144	48	72	0	263345
144	80	88	0	263350
128	80	64	0	263657
144	74	58	0	263666
128	48	64	0	263734
128	44	64	0	263734
128	52	64	0	263741
144	80	56	0	263769
128	74	64	0	263786
128	80	64	0	263881
144	74	59	0	263933
144	52	72	0	263981
144	48	75	0	264001
144	44	67	0	264015
144	76	64	0	264015
128	74	64	0	264055
144	80	80	0	264078
128	76	64	0	264146
128	52	64	0	264365
128	48	64	0	264385
128	44	64	0	264395
128	80	64	0	264437
144	76	65	0	264625
144	52	55	0	264674
144	44	64	0	264680
144	48	55	0	264680
144	80	67	0	264745
128	76	64	0	264785
144	84	71	0	264857
128	80	64	0	264863
128	44	64	0	264901
128	48	64	0	264919
128	52	64	0	264925
144	80	55	0	265006
128	84	64	0	265015
128	80	64	0	265074
144	76	54	0	265087
144	84	63	0	265184
128	76	64	0	265184
144	80	60	0	265281
144	52	58	0	265287
144	44	59	0	265296
144	48	58	0	265306
128	84	64	0	265306
128	80	64	0	265353
144	76	65	0	265375
128	48	64	0	265478
128	44	64	0	265484
144	84	64	0	265490
128	52	64	0	265497
128	76	64	0	265517
144	80	50	0	265617
128	84	64	0	265673
128	80	64	0	265681
144	76	65	0	265690
128	76	64	0	265839
144	82	74	0	265850
144	52	63	0	265864
144	44	59	0	265873
144	48	59	0	265878
144	80	69	0	265948
128	82	64	0	265980
144	76	60	0	266055
128	44	64	0	266061
128	48	64	0	266061
128	80	64	0	266068
128	52	64	0	266080
144	82	58	0	266170
128	76	64	0	266184
128	82	64	0	266245
144	80	67	0	266245
128	80	64	0	266298
144	76	68	0	266335
144	44	60	0	266445
144	52	45	0	266445
144	48	59	0	266451
128	76	64	0	266460
144	80	67	0	266468
144	78	74	0	266503
128	80	64	0	266512
128	78	64	0	266609
144	76	71	0	266615
128	48	64	0	266635
128	44	64	0	266641
128	52	64	0	266646
128	76	64	0	266739
144	80	63	0	266745
128	80	64	0	266824
144	78	61	0	266830
128	78	64	0	266877
144	74	69	0	266925
128	74	64	0	267033
144	78	76	0	267039
144	44	64	0	267050
144	52	56	0	267055
144	48	65	0	267061
144	74	71	0	267112
128	78	64	0	267153
144	78	64	0	267234
128	74	64	0	267246
128	48	64	0	267276
128	44	64	0	267276
128	52	64	0	267295
144	76	68	0	267332
128	78	64	0	267360
128	76	64	0	267447
144	72	74	0	267457
128	72	64	0	267573
144	78	79	0	267589
144	48	64	0	267675
144	52	64	0	267681
144	44	65	0	267686
144	76	74	0	267686
128	78	64	0	267717
144	72	72	0	267795
128	76	64	0	267808
128	52	64	0	267885
128	44	64	0	267898
128	48	64	0	267903
144	76	65	0	267926
128	72	64	0	267957
144	74	81	0	268028
128	76	64	0	268087
144	70	85	0	268265
144	48	74	0	268295
144	52	72	0	268300
144	44	74	0	268306
128	74	64	0	268312
144	74	76	0	268554
128	70	64	0	268564
144	70	60	0	268708
128	52	64	0	268714
128	48	64	0	268714
128	44	64	0	268720
128	74	64	0	268726
128	70	64	0	268770
144	67	72	0	268793
144	70	67	0	268890
144	52	65	0	268910
144	48	66	0	268910
128	67	64	0	268918
144	74	79	0	268918
144	44	61	0	268924
128	70	64	0	269012
144	70	76	0	269228
128	44	64	0	269290
128	52	64	0	269297
128	48	64	0	269320
128	74	64	0	269345
144	48	69	0	269559
144	52	67	0	269565
144	68	84	0	269570
144	44	62	0	269582
128	70	64	0	269624
128	52	64	0	269982
128	44	64	0	269982
128	48	64	0	269982
144	52	62	0	270238
144	44	63	0	270249
144	48	64	0	270255
128	68	64	0	270529
144	64	63	0	270554
128	52	64	0	270606
128	44	64	0	270606
128	48	64	0	270625
128	64	64	0	270684
144	68	52	0	270706
128	68	64	0	270815
144	52	53	0	270869
144	64	44	0	270874
144	44	51	0	270888
144	48	52	0	270898
128	64	64	0	270985
144	68	61	0	271005
128	68	64	0	271167
144	64	53	0	271174
128	52	64	0	271219
128	48	64	0	271228
128	44	64	0	271235
128	64	64	0	271327
144	68	45	0	271333
128	68	64	0	271476
144	64	62	0	271499
144	52	55	0	271510
144	44	60	0	271530
144	48	54	0	271544
128	64	64	0	271634
144	68	53	0	271653
128	48	64	0	271753
128	52	64	0	271764
128	44	64	0	271770
128	68	64	0	271776
144	64	62	0	271815
144	68	57	0	271955
128	64	64	0	271969
144	63	75	0	272145
144	51	73	0	272155
128	68	64	0	272161
144	44	57	0	272166
144	48	72	0	272191
128	63	64	0	272316
144	68	68	0	272338
128	68	64	0	272416
144	63	66	0	272472
128	44	64	0	272506
128	48	64	0	272514
128	51	64	0	272588
128	63	64	0	272616
144	68	55	0	272622
128	68	64	0	272756
144	52	68	0	272762
144	64	73	0	272772
144	44	69	0	272786
144	51	59	0	272835
144	68	67	0	272938
128	64	64	0	272960
128	68	64	0	273074
144	64	62	0	273108
128	51	64	0	273114
128	44	64	0	273149
128	52	64	0	273193
144	68	63	0	273262
128	64	64	0	273280
144	44	78	0	273402
128	68	64	0	273419
144	51	81	0	273419
144	63	75	0	273428
144	68	69	0	273596
128	63	64	0	273606
128	68	64	0	273775
144	63	75	0	273781
128	44	64	0	273881
128	51	64	0	273921
128	63	64	0	273934
144	68	56	0	273961
144	48	65	0	274072
144	44	73	0	274087
128	68	64	0	274093
144	64	80	0	274106
144	52	84	0	274116
144	68	67	0	274269
128	64	64	0	274295
128	68	64	0	274395
144	64	62	0	274415
128	44	64	0	274500
128	52	64	0	274546
128	48	64	0	274561
128	64	64	0	274587
144	68	52	0	274587
128	68	64	0	274749
144	51	81	0	274755
144	48	74	0	274760
144	44	76	0	274765
144	63	87	0	274770
144	68	74	0	274920
128	63	64	0	274934
128	68	64	0	275050
144	63	59	0	275060
128	48	64	0	275193
128	63	64	0	275227
144	68	64	0	275238
128	44	64	0	275259
128	51	64	0	275266
128	68	64	0	275349
144	44	55	0	275388
144	48	80	0	275388
144	52	82	0	275399
144	64	75	0	275405
144	68	67	0	275528
128	64	64	0	275558
128	68	64	0	275658
144	64	69	0	275707
128	44	64	0	275796
144	68	67	0	275838
128	48	64	0	275844
128	52	64	0	275844
128	64	64	0	275857
144	51	82	0	276000
144	44	72	0	276006
128	68	64	0	276024
144	63	87	0	276024
144	48	69	0	276040
128	63	64	0	276189
144	68	72	0	276189
128	68	64	0	276280
144	63	63	0	276325
128	48	64	0	276439
128	51	64	0	276458
128	44	64	0	276473
128	63	64	0	276488
144	68	58	0	276494
128	68	64	0	276609
144	48	69	0	276652
144	44	60	0	276673
144	64	65	0	276673
144	52	71	0	276679
144	68	53	0	276801
128	64	64	0	276819
128	68	64	0	276951
144	64	59	0	276986
128	52	64	0	276992
128	44	64	0	277011
128	48	64	0	277036
128	64	64	0	277160
144	68	42	0	277181
144	43	55	0	277313
128	68	64	0	277324
144	51	75	0	277337
144	63	68	0	277372
144	68	66	0	277507
128	63	64	0	277508
128	68	64	0	277647
144	63	58	0	277664
128	63	64	0	277800
144	68	51	0	277821
128	43	64	0	277889
128	51	64	0	277894
128	68	64	0	277905
144	64	62	0	277994
144	52	68	0	278013
144	43	43	0	278020
144	68	62	0	278131
128	64	64	0	278139
128	68	64	0	278269
144	64	63	0	278317
144	68	44	0	278396
128	52	64	0	278437
128	43	64	0	278443
128	64	64	0	278459
128	68	64	0	278591
144	63	74	0	278621
144	43	67	0	278640
144	51	76	0	278646
128	63	64	0	278773
144	67	66	0	278779
128	67	64	0	278919
144	63	66	0	278934
128	63	64	0	279075
144	67	52	0	279084
128	51	64	0	279154
128	43	64	0	279175
128	67	64	0	279226
144	64	69	0	279267
144	52	69	0	279267
144	43	69	0	279289
128	64	64	0	279409
144	67	58	0	279416
128	67	64	0	279554
144	64	60	0	279588
128	43	64	0	279652
128	52	64	0	279667
144	67	57	0	279709
128	64	64	0	279732
128	67	64	0	279881
144	43	77	0	279903
144	63	74	0	279918
144	51	81	0	279924
144	68	74	0	280066
128	63	64	0	280078
128	68	64	0	280198
144	63	66	0	280211
144	68	50	0	280344
128	51	64	0	280353
128	63	64	0	280373
128	43	64	0	280379
128	68	64	0	280483
144	43	60	0	280502
144	64	74	0	280514
144	52	72	0	280520
144	67	77	0	280671
128	64	64	0	280693
128	67	64	0	280795
144	64	56	0	280806
128	52	64	0	280909
128	43	64	0	280909
144	67	54	0	280919
128	64	64	0	280977
128	67	64	0	281095
144	43	73	0	281126
144	63	74	0	281132
144	51	76	0	281143
128	63	64	0	281289
144	68	65	0	281297
128	68	64	0	281395
144	63	61	0	281435
144	68	64	0	281578
128	63	64	0	281595
128	51	64	0	281663
128	68	64	0	281739
144	64	69	0	281769
144	52	53	0	281797
128	64	64	0	281928
144	67	58	0	281946
128	67	64	0	282045
144	64	46	0	282093
128	52	64	0	282194
144	67	51	0	282207
128	43	64	0	282219
128	64	64	0	282219
128	67	64	0	282374
144	48	64	0	282393
144	63	72	0	282403
144	51	75	0	282410
144	43	40	0	282433
128	63	64	0	282604
144	60	81	0	282649
128	51	64	0	282713
128	43	64	0	282730
128	48	64	0	282742
128	60	64	0	282808
144	64	58	0	282815
144	63	55	0	282951
128	64	64	0	282981
144	48	54	0	283074
128	63	64	0	283079
144	51	63	0	283084
144	43	49	0	283090
144	60	65	0	283096
144	64	55	0	283276
128	60	64	0	283283
128	43	64	0	283388
128	48	64	0	283401
128	51	64	0	283401
144	63	49	0	283438
128	64	64	0	283485
128	63	64	0	283561
144	60	62	0	283579
144	43	55	0	283713
144	48	66	0	283713
144	51	63	0	283721
144	64	62	0	283760
128	60	64	0	283777
144	63	56	0	283951
128	51	64	0	283981
128	43	64	0	283987
128	64	64	0	283992
128	48	64	0	283997
128	63	64	0	284026
144	60	72	0	284065
128	60	64	0	284231
144	58	72	0	284237
144	55	86	0	284333
144	51	74	0	284334
144	43	53	0	284339
128	58	64	0	284345
144	48	71	0	284350
128	55	64	0	284592
128	51	64	0	284642
128	48	64	0	284642
128	43	64	0	284655
144	43	69	0	284933
144	64	81	0	284933
144	48	72	0	284945
144	51	77	0	284951
144	63	74	0	285119
128	64	64	0	285157
128	63	64	0	285276
144	60	69	0	285284
128	48	64	0	285306
128	51	64	0	285314
128	43	64	0	285323
144	64	62	0	285436
128	60	64	0	285445
144	48	70	0	285564
144	43	55	0	285570
144	51	68	0	285575
144	63	66	0	285575
128	64	64	0	285587
128	63	64	0	285760
144	60	64	0	285769
128	51	64	0	285906
128	48	64	0	285911
144	64	68	0	285925
128	60	64	0	285925
128	43	64	0	285925
144	63	69	0	286050
128	64	64	0	286070
144	43	58	0	286167
144	48	72	0	286184
144	51	74	0	286184
128	63	64	0	286203
144	60	71	0	286214
144	59	72	0	286343
128	60	64	0	286373
128	48	64	0	286427
128	51	64	0	286433
128	43	64	0	286446
144	58	76	0	286501
128	59	64	0	286501
144	56	87	0	286756
128	58	64	0	286786
144	43	46	0	286842
144	51	51	0	286853
144	48	58	0	286865
144	55	84	0	286874
128	56	64	0	286892
128	55	64	0	287213
128	43	64	0	287241
128	48	64	0	287246
128	51	64	0	287251
144	64	62	0	287469
144	43	57	0	287480
144	51	69	0	287486
144	48	69	0	287492
144	63	60	0	287660
128	64	64	0	287690
144	60	58	0	287809
128	63	64	0	287817
128	43	64	0	287848
128	48	64	0	287853
128	51	64	0	287858
144	64	53	0	287996
128	60	64	0	288009
144	43	44	0	288142
144	63	62	0	288148
144	51	61	0	288158
144	48	56	0	288163
128	64	64	0	288168
144	60	64	0	288312
128	63	64	0	288317
128	48	64	0	288432
128	51	64	0	288438
128	43	64	0	288466
144	64	62	0	288486
128	60	64	0	288500
144	63	59	0	288636
128	64	64	0	288646
128	63	64	0	288750
144	43	50	0	288758
144	51	70	0	288766
144	48	62	0	288772
144	60	75	0	288780
144	64	60	0	288924
128	60	64	0	288930
128	48	64	0	289022
128	51	64	0	289036
128	43	64	0	289041
144	66	64	0	289078
128	64	64	0	289090
128	66	64	0	289210
144	67	68	0	289226
144	43	63	0	289371
144	51	73	0	289378
144	48	75	0	289386
128	48	64	0	289725
144	66	76	0	289735
128	43	64	0	289736
128	51	64	0	289736
128	67	64	0	289754
128	66	64	0	289876
144	64	61	0	289887
144	51	61	0	290038
144	43	58	0	290044
144	48	62	0	290065
144	67	65	0	290218
128	64	64	0	290229
144	66	63	0	290344
128	48	64	0	290357
128	51	64	0	290372
128	43	64	0	290372
128	67	64	0	290389
144	64	66	0	290510
128	66	64	0	290520
144	43	64	0	290668
144	51	72	0	290674
144	48	58	0	290686
144	63	70	0	290854
128	64	64	0	290872
128	48	64	0	290990
128	43	64	0	290996
128	51	64	0	290996
144	64	71	0	291186
128	63	64	0	291198
144	43	63	0	291378
144	51	67	0	291390
144	48	65	0	291390
144	63	76	0	291584
128	64	64	0	291606
128	43	64	0	291701
128	48	64	0	291709
128	51	64	0	291709
144	61	79	0	291956
128	63	64	0	291999
144	51	64	0	292117
144	43	48	0	292125
144	48	55	0	292138
144	47	55	0	292148
128	47	64	0	292228
128	43	64	0	292339
128	48	64	0	292346
144	60	79	0	292358
128	51	64	0	292365
128	61	64	0	292380
144	59	77	0	292667
128	60	64	0	292717
144	43	69	0	292814
144	51	73	0	292820
144	48	69	0	292825
144	56	84	0	293054
128	59	64	0	293075
128	51	64	0	293098
128	48	64	0	293115
128	43	64	0	293134
144	55	85	0	293362
128	56	64	0	293390
144	43	63	0	293558
144	51	73	0	293564
144	48	69	0	293569
144	53	81	0	293758
128	55	64	0	293786
128	51	64	0	293791
128	48	64	0	293801
128	43	64	0	293830
144	54	80	0	294005
128	53	64	0	294065
144	51	72	0	294238
144	48	69	0	294244
144	43	52	0	294250
144	55	81	0	294459
128	54	64	0	294466
128	51	64	0	294505
128	48	64	0	294513
128	43	64	0	294513
144	56	78	0	294745
128	55	64	0	294781
144	51	72	0	294989
144	43	64	0	294994
144	48	69	0	294999
144	57	81	0	295204
128	56	64	0	295212
128	43	64	0	295328
128	51	64	0	295342
128	48	64	0	295348
144	58	78	0	295490
128	57	64	0	295532
144	43	65	0	295751
144	51	72	0	295759
144	48	70	0	295765
144	59	81	0	295958
128	58	64	0	295967
128	51	64	0	296101
128	43	64	0	296106
128	48	64	0	296113
144	60	75	0	296214
128	59	64	0	296281
144	43	71	0	296528
144	51	70	0	296541
144	48	50	0	296558
144	61	78	0	296799
128	60	64	0	296812
128	43	64	0	297038
128	51	64	0	297053
128	48	64	0	297061
144	62	77	0	297078
128	61	64	0	297085
144	51	79	0	297404
144	48	68	0	297414
144	43	71	0	297424
144	63	72	0	297705
128	62	64	0	297716
128	63	64	0	298010
144	64	80	0	298010
128	51	64	0	298029
128	43	64	0	298034
128	48	64	0	298053
144	48	77	0	298338
144	43	60	0	298345
144	51	74	0	298350
144	66	73	0	298663
128	64	64	0	298692
128	66	64	0	299038
144	67	85	0	299043
128	43	64	0	299061
128	51	64	0	299085
128	48	64	0	299091
144	51	76	0	299423
144	48	74	0	299428
144	43	63	0	299433
144	70	80	0	299444
128	67	64	0	299501
144	72	75	0	299803
128	70	64	0	299821
128	43	64	0	300010
128	48	64	0	300132
128	51	64	0	300159
144	73	74	0	300172
128	72	64	0	300202
128	73	64	0	300318
144	43	55	0	300529
144	51	69	0	300547
144	48	57	0	300552
144	76	85	0	300559
144	75	78	0	301029
128	76	64	0	301075
144	73	79	0	301502
128	75	64	0	301537
128	43	64	0	301542
128	48	64	0	301552
128	51	64	0	301557
144	43	70	0	302102
144	51	76	0	302107
144	72	88	0	302116
144	48	76	0	302116
144	79	87	0	302127
128	73	64	0	302142
128	43	64	0	305682
128	48	64	0	305694
128	51	64	0	305699
128	72	64	0	305706
128	79	64	0	305721
