144	31	74	0	4141
144	60	73	0	4503
144	66	70	0	4508
144	62	72	0	4513
144	43	76	0	4519
128	31	64	0	4528
128	66	64	0	4573
128	62	64	0	4584
128	60	64	0	4598
128	43	64	0	4608
144	31	72	0	4830
144	66	70	0	5046
144	60	62	0	5053
144	62	60	0	5058
128	31	64	0	5101
128	66	64	0	5107
144	43	78	0	5107
128	62	64	0	5118
128	60	64	0	5118
128	43	64	0	5339
144	60	72	0	5366
144	62	69	0	5371
144	66	73	0	5376
128	66	64	0	5418
128	60	64	0	5423
128	62	64	0	5423
144	31	79	0	5434
144	66	78	0	5769
144	60	75	0	5769
144	43	75	0	5776
144	62	73	0	5776
128	31	64	0	5784
128	43	64	0	6093
128	66	64	0	6093
128	60	64	0	6101
128	62	64	0	6101
144	31	79	0	6101
144	60	75	0	6426
144	66	76	0	6426
144	62	71	0	6434
144	43	75	0	6446
128	31	64	0	6446
128	66	64	0	6484
128	62	64	0	6490
128	60	64	0	6503
128	43	64	0	6520
144	31	76	0	6730
144	66	71	0	6964
144	60	62	0	6970
144	62	59	0	6970
128	66	64	0	7015
128	60	64	0	7030
128	62	64	0	7030
144	43	72	0	7043
128	31	64	0	7048
144	60	77	0	7265
144	66	75	0	7265
144	62	69	0	7272
128	66	64	0	7319
128	62	64	0	7332
128	60	64	0	7332
144	31	77	0	7350
128	43	64	0	7358
128	31	64	0	7688
144	66	80	0	7694
144	43	75	0	7694
144	60	78	0	7700
144	62	72	0	7700
144	31	77	0	8022
128	66	64	0	8022
128	62	64	0	8028
128	43	64	0	8028
128	60	64	0	8028
128	31	64	0	8339
144	66	76	0	8345
144	60	71	0	8345
144	43	73	0	8353
144	62	66	0	8353
128	62	64	0	8414
128	66	64	0	8414
128	60	64	0	8426
128	43	64	0	8468
144	31	74	0	8642
144	66	76	0	8884
144	62	72	0	8884
144	60	68	0	8890
128	31	64	0	8935
128	66	64	0	8935
144	43	78	0	8941
128	62	64	0	8941
128	60	64	0	8947
144	66	79	0	9168
144	60	72	0	9173
144	62	73	0	9173
128	66	64	0	9221
128	60	64	0	9230
128	62	64	0	9230
128	43	64	0	9244
144	31	80	0	9268
128	31	64	0	9600
144	43	75	0	9608
144	66	84	0	9608
144	60	80	0	9615
144	62	78	0	9615
144	31	79	0	9927
128	66	64	0	9942
128	43	64	0	9942
128	62	64	0	9952
128	60	64	0	9952
144	66	79	0	10262
144	62	72	0	10268
128	31	64	0	10268
144	60	71	0	10268
144	43	76	0	10276
128	66	64	0	10323
128	62	64	0	10323
128	60	64	0	10332
128	43	64	0	10393
144	31	72	0	10575
144	60	66	0	10809
144	66	69	0	10809
144	62	64	0	10815
128	66	64	0	10873
128	62	64	0	10873
128	60	64	0	10884
144	43	72	0	10893
128	31	64	0	10904
144	66	73	0	11102
144	60	70	0	11102
144	62	66	0	11108
128	66	64	0	11154
128	62	64	0	11169
128	60	64	0	11169
128	43	64	0	11193
144	31	79	0	11206
144	43	85	0	11527
144	60	83	0	11540
144	66	83	0	11540
144	62	78	0	11551
128	31	64	0	11576
128	43	64	0	11717
144	38	75	0	11857
128	66	64	0	11877
128	62	64	0	11887
128	60	64	0	11892
128	38	64	0	12176
144	50	84	0	12176
144	60	83	0	12188
144	66	80	0	12188
144	62	62	0	12205
128	62	64	0	12278
128	60	64	0	12296
128	66	64	0	12296
128	50	64	0	12308
144	38	78	0	12507
144	66	76	0	12727
144	60	71	0	12727
144	62	66	0	12734
128	66	64	0	12779
128	62	64	0	12790
128	60	64	0	12790
144	50	78	0	12829
128	38	64	0	12829
144	60	77	0	13040
144	66	76	0	13040
144	62	66	0	13048
128	66	64	0	13095
128	62	64	0	13104
128	60	64	0	13104
128	50	64	0	13121
144	38	83	0	13139
144	60	82	0	13473
144	66	83	0	13473
144	50	83	0	13480
144	62	76	0	13480
128	38	64	0	13495
144	38	84	0	13798
128	66	64	0	13807
128	60	64	0	13813
128	62	64	0	13813
128	50	64	0	13819
144	66	81	0	14129
144	60	74	0	14138
144	62	67	0	14138
128	38	64	0	14151
144	50	79	0	14156
128	62	64	0	14196
128	60	64	0	14196
128	66	64	0	14203
128	50	64	0	14270
144	38	74	0	14442
144	66	77	0	14686
144	60	71	0	14686
144	62	62	0	14698
128	66	64	0	14745
128	62	64	0	14753
128	60	64	0	14759
144	50	76	0	14779
128	38	64	0	14796
144	60	75	0	14984
144	66	75	0	14984
144	62	64	0	14992
128	66	64	0	15043
128	62	64	0	15055
128	50	64	0	15055
128	60	64	0	15075
144	38	80	0	15091
144	60	78	0	15409
144	66	81	0	15409
144	50	80	0	15421
144	62	72	0	15421
128	38	64	0	15427
144	38	77	0	15726
128	50	64	0	15743
128	66	64	0	15743
128	62	64	0	15755
128	60	64	0	15760
144	66	76	0	16043
144	50	73	0	16043
128	38	64	0	16051
144	60	69	0	16056
144	62	64	0	16056
128	66	64	0	16104
128	62	64	0	16104
128	60	64	0	16111
128	50	64	0	16179
144	38	68	0	16363
144	60	60	0	16567
144	66	64	0	16567
144	62	57	0	16574
128	38	64	0	16622
144	50	73	0	16633
128	66	64	0	16638
128	62	64	0	16644
128	60	64	0	16652
144	60	71	0	16875
144	62	66	0	16875
144	66	73	0	16882
128	66	64	0	16936
128	50	64	0	16936
144	38	75	0	16943
128	62	64	0	16943
128	60	64	0	16959
144	60	80	0	17272
144	66	84	0	17272
144	62	77	0	17280
128	38	64	0	17280
144	50	78	0	17280
144	38	79	0	17600
128	50	64	0	17600
128	66	64	0	17610
128	62	64	0	17626
128	60	64	0	17634
144	66	78	0	17937
144	50	78	0	17944
144	62	72	0	17944
128	38	64	0	17944
144	60	72	0	17953
128	62	64	0	18007
128	60	64	0	18007
128	66	64	0	18032
128	50	64	0	18205
144	38	75	0	18253
144	60	72	0	18461
144	66	70	0	18461
144	62	57	0	18478
128	38	64	0	18491
128	66	64	0	18519
144	50	78	0	18535
128	62	64	0	18535
128	60	64	0	18541
144	66	75	0	18728
144	62	64	0	18734
144	60	71	0	18734
128	66	64	0	18795
128	62	64	0	18800
128	60	64	0	18812
128	50	64	0	18818
144	38	78	0	18833
144	50	85	0	19168
144	60	89	0	19168
144	66	86	0	19176
144	62	78	0	19186
128	38	64	0	19186
128	50	64	0	19312
144	33	55	0	19520
128	62	64	0	19538
128	66	64	0	19538
128	60	64	0	19538
128	33	64	0	19593
144	33	86	0	19843
128	33	64	0	20177
144	45	85	0	20177
144	66	87	0	20187
144	60	88	0	20192
144	62	80	0	20192
128	62	64	0	20258
128	45	64	0	20263
128	60	64	0	20293
128	66	64	0	20304
144	33	80	0	20488
144	60	72	0	20718
144	66	75	0	20718
144	62	57	0	20733
128	66	64	0	20771
128	60	64	0	20781
128	62	64	0	20792
128	33	64	0	20800
144	45	73	0	20816
128	45	64	0	20883
144	60	76	0	21019
144	66	76	0	21019
144	62	69	0	21025
128	66	64	0	21073
128	62	64	0	21085
128	60	64	0	21085
144	33	78	0	21106
144	45	80	0	21432
144	60	89	0	21432
144	66	86	0	21439
144	62	78	0	21439
128	33	64	0	21455
128	45	64	0	21737
144	33	74	0	21750
128	62	64	0	21764
128	66	64	0	21764
128	60	64	0	21770
144	60	79	0	22056
144	66	80	0	22056
144	62	73	0	22064
144	45	77	0	22064
128	33	64	0	22071
128	62	64	0	22120
128	60	64	0	22134
128	66	64	0	22134
128	45	64	0	22161
144	33	75	0	22345
144	66	70	0	22568
144	60	63	0	22568
144	62	56	0	22583
144	45	76	0	22632
128	33	64	0	22639
128	62	64	0	22644
128	66	64	0	22657
128	60	64	0	22665
144	60	68	0	22852
144	66	68	0	22852
144	62	53	0	22867
128	66	64	0	22915
128	62	64	0	22930
128	60	64	0	22939
128	45	64	0	22948
144	33	79	0	22960
144	66	80	0	23281
144	60	74	0	23281
128	33	64	0	23293
144	45	72	0	23298
144	62	66	0	23298
128	45	64	0	23590
128	66	64	0	23599
144	33	80	0	23604
128	62	64	0	23612
128	60	64	0	23612
144	66	84	0	23918
144	60	81	0	23918
144	62	75	0	23925
144	45	82	0	23925
128	33	64	0	23940
128	62	64	0	24002
128	60	64	0	24015
128	66	64	0	24028
128	45	64	0	24044
144	33	77	0	24220
144	66	75	0	24418
144	60	69	0	24418
144	62	60	0	24434
128	62	64	0	24493
128	66	64	0	24498
128	60	64	0	24498
144	45	78	0	24541
128	33	64	0	24541
128	45	64	0	24621
144	60	81	0	24737
144	66	80	0	24737
144	62	72	0	24743
128	62	64	0	24802
128	66	64	0	24807
128	60	64	0	24814
144	33	80	0	24851
144	60	81	0	25172
144	66	82	0	25177
144	45	69	0	25177
144	62	73	0	25183
128	33	64	0	25207
144	33	81	0	25474
128	45	64	0	25474
128	62	64	0	25491
128	66	64	0	25491
128	60	64	0	25500
144	60	74	0	25785
144	66	73	0	25785
144	45	74	0	25792
144	62	65	0	25792
128	33	64	0	25798
128	62	64	0	25848
128	66	64	0	25853
128	60	64	0	25853
128	45	64	0	25992
144	33	77	0	26110
128	33	64	0	26232
144	66	79	0	26331
144	60	75	0	26336
144	62	68	0	26336
128	66	64	0	26389
128	62	64	0	26389
128	60	64	0	26402
144	45	78	0	26423
128	45	64	0	26561
144	66	78	0	26620
144	60	75	0	26625
144	62	63	0	26631
128	66	64	0	26678
128	62	64	0	26687
128	60	64	0	26696
144	33	78	0	26720
144	66	89	0	27027
144	60	90	0	27027
144	45	88	0	27034
144	62	77	0	27034
128	33	64	0	27065
128	45	64	0	27187
144	39	73	0	27341
128	62	64	0	27375
128	66	64	0	27380
128	60	64	0	27380
144	38	51	0	27392
128	38	64	0	27471
144	51	89	0	27658
144	60	78	0	27674
144	66	80	0	27674
144	62	69	0	27686
128	39	64	0	27712
128	62	64	0	27740
128	51	64	0	27740
128	60	64	0	27755
128	66	64	0	27764
144	39	86	0	27970
144	66	73	0	28208
144	60	68	0	28208
144	62	57	0	28222
128	66	64	0	28265
128	62	64	0	28281
128	60	64	0	28286
128	39	64	0	28312
144	51	70	0	28322
128	51	64	0	28380
144	66	70	0	28485
144	60	68	0	28490
144	62	54	0	28490
128	66	64	0	28536
128	60	64	0	28557
128	62	64	0	28562
144	39	80	0	28606
144	66	85	0	28932
144	60	83	0	28938
144	62	72	0	28938
144	51	80	0	28946
128	39	64	0	28956
128	51	64	0	29214
144	39	78	0	29258
128	62	64	0	29286
128	66	64	0	29286
128	60	64	0	29291
144	60	80	0	29582
144	66	81	0	29587
128	39	64	0	29593
144	62	68	0	29598
144	51	72	0	29598
128	62	64	0	29644
128	51	64	0	29644
128	60	64	0	29662
128	66	64	0	29667
144	39	78	0	29885
144	60	83	0	30134
144	66	79	0	30142
144	62	68	0	30150
144	51	72	0	30192
128	39	64	0	30203
128	62	64	0	30203
128	66	64	0	30203
128	60	64	0	30234
144	60	77	0	30424
144	66	79	0	30424
144	62	60	0	30439
128	51	64	0	30462
128	66	64	0	30476
128	60	64	0	30493
128	62	64	0	30493
144	39	78	0	30521
144	66	85	0	30842
144	60	85	0	30842
144	51	79	0	30854
128	39	64	0	30854
144	62	72	0	30854
144	39	79	0	31159
128	51	64	0	31165
128	62	64	0	31171
128	60	64	0	31171
128	66	64	0	31183
144	60	82	0	31478
144	66	80	0	31478
144	51	79	0	31495
144	62	65	0	31495
128	39	64	0	31514
128	62	64	0	31548
128	51	64	0	31559
128	60	64	0	31566
128	66	64	0	31566
144	39	76	0	31791
144	66	71	0	32011
144	60	66	0	32016
144	62	60	0	32029
144	51	81	0	32086
128	62	64	0	32094
128	39	64	0	32111
128	60	64	0	32119
128	66	64	0	32128
144	60	66	0	32286
144	66	72	0	32292
144	62	60	0	32297
128	51	64	0	32346
128	62	64	0	32359
128	66	64	0	32364
128	60	64	0	32370
144	39	78	0	32401
128	39	64	0	32727
144	51	80	0	32733
144	66	87	0	32738
144	60	82	0	32738
144	62	76	0	32743
128	51	64	0	33004
144	39	80	0	33036
128	60	64	0	33041
128	66	64	0	33053
128	62	64	0	33059
144	66	76	0	33379
144	62	68	0	33379
144	60	69	0	33386
144	51	74	0	33386
128	39	64	0	33392
128	66	64	0	33436
128	62	64	0	33436
128	60	64	0	33436
128	51	64	0	33460
144	39	76	0	33683
144	60	71	0	33919
144	66	72	0	33919
144	62	65	0	33930
128	62	64	0	33990
128	66	64	0	34010
128	60	64	0	34010
144	51	74	0	34017
128	39	64	0	34026
144	66	75	0	34210
144	60	66	0	34220
144	62	57	0	34234
128	51	64	0	34274
128	62	64	0	34294
128	60	64	0	34294
128	66	64	0	34307
144	39	76	0	34316
144	51	80	0	34637
144	60	81	0	34670
144	66	83	0	34670
144	62	73	0	34683
128	39	64	0	34683
128	51	64	0	34748
144	30	82	0	34994
128	62	64	0	35011
128	66	64	0	35017
128	60	64	0	35017
144	42	74	0	35302
144	60	75	0	35302
144	66	80	0	35309
144	62	68	0	35319
128	30	64	0	35328
128	62	64	0	35372
128	42	64	0	35397
128	60	64	0	35403
128	66	64	0	35418
144	30	78	0	35621
144	66	76	0	35856
144	60	69	0	35856
144	62	60	0	35873
128	62	64	0	35931
128	66	64	0	35937
128	60	64	0	35942
144	42	65	0	35962
128	30	64	0	35985
144	66	73	0	36148
144	60	58	0	36155
144	62	54	0	36161
128	42	64	0	36184
128	66	64	0	36199
128	60	64	0	36224
128	62	64	0	36229
144	30	73	0	36259
144	66	86	0	36579
144	60	81	0	36586
144	62	75	0	36592
144	42	76	0	36597
128	30	64	0	36616
144	30	83	0	36910
128	42	64	0	36916
128	66	64	0	36925
128	62	64	0	36930
128	60	64	0	36936
144	60	75	0	37235
144	66	78	0	37235
144	42	77	0	37246
144	62	66	0	37252
128	30	64	0	37273
128	62	64	0	37298
128	60	64	0	37305
128	66	64	0	37312
128	42	64	0	37331
144	30	76	0	37543
144	66	73	0	37769
144	60	67	0	37775
144	62	57	0	37790
128	62	64	0	37851
128	66	64	0	37865
144	42	67	0	37871
128	60	64	0	37876
128	30	64	0	37876
144	66	73	0	38093
144	60	71	0	38099
144	62	67	0	38104
128	42	64	0	38133
128	66	64	0	38152
128	62	64	0	38159
128	60	64	0	38165
144	30	77	0	38189
144	66	85	0	38512
144	60	81	0	38512
144	62	75	0	38521
144	42	80	0	38535
128	30	64	0	38547
128	42	64	0	38830
144	30	81	0	38836
128	66	64	0	38854
128	62	64	0	38860
128	60	64	0	38865
144	60	74	0	39147
144	66	73	0	39147
144	42	77	0	39154
144	62	62	0	39162
128	30	64	0	39189
128	60	64	0	39208
128	66	64	0	39213
128	62	64	0	39213
128	42	64	0	39235
144	30	76	0	39452
144	66	76	0	39669
144	60	76	0	39669
144	62	62	0	39685
128	62	64	0	39740
128	66	64	0	39740
128	60	64	0	39756
144	42	77	0	39762
128	30	64	0	39779
144	66	81	0	39956
144	60	74	0	39961
144	62	64	0	39971
128	62	64	0	40024
128	60	64	0	40037
128	66	64	0	40037
128	42	64	0	40043
144	30	82	0	40077
144	60	87	0	40393
144	66	87	0	40393
144	62	77	0	40405
128	30	64	0	40405
144	42	82	0	40415
128	42	64	0	40712
144	30	85	0	40733
128	66	64	0	40748
128	60	64	0	40748
128	62	64	0	40764
144	42	78	0	41065
144	60	79	0	41065
144	66	81	0	41070
144	62	69	0	41070
128	30	64	0	41078
128	66	64	0	41123
128	62	64	0	41128
128	60	64	0	41128
128	42	64	0	41128
144	30	81	0	41371
144	62	68	0	41602
144	66	73	0	41607
144	60	67	0	41607
128	66	64	0	41662
128	62	64	0	41662
128	60	64	0	41670
144	42	73	0	41707
128	30	64	0	41707
144	66	79	0	41908
144	60	74	0	41908
144	62	64	0	41921
128	62	64	0	41984
128	42	64	0	41984
128	60	64	0	41990
144	30	84	0	42000
128	66	64	0	42005
144	42	84	0	42348
144	66	86	0	42354
144	60	86	0	42359
144	62	78	0	42359
128	30	64	0	42400
128	42	64	0	42507
144	35	87	0	42684
128	62	64	0	42696
128	66	64	0	42701
128	60	64	0	42706
144	47	87	0	43007
144	66	89	0	43007
144	60	79	0	43022
144	62	74	0	43027
128	35	64	0	43034
128	60	64	0	43082
128	62	64	0	43088
128	66	64	0	43115
128	47	64	0	43115
144	35	72	0	43326
144	60	78	0	43568
144	66	76	0	43574
144	62	64	0	43580
128	66	64	0	43623
128	62	64	0	43633
128	60	64	0	43650
144	47	84	0	43660
128	35	64	0	43680
144	66	80	0	43867
144	60	72	0	43875
144	62	65	0	43881
128	47	64	0	43913
128	66	64	0	43921
128	62	64	0	43933
128	60	64	0	43933
144	35	77	0	43940
144	66	87	0	44270
144	47	82	0	44270
144	60	85	0	44278
144	62	84	0	44278
128	35	64	0	44288
144	35	75	0	44588
128	47	64	0	44600
128	66	64	0	44610
128	62	64	0	44616
128	60	64	0	44621
144	60	81	0	44911
144	66	81	0	44917
144	62	76	0	44917
144	47	84	0	44922
128	35	64	0	44934
128	62	64	0	44983
128	66	64	0	44996
128	60	64	0	45003
128	47	64	0	45034
144	35	69	0	45213
144	60	69	0	45439
144	66	76	0	45439
144	62	63	0	45461
128	66	64	0	45507
144	47	85	0	45507
128	35	64	0	45514
128	62	64	0	45514
128	60	64	0	45547
144	60	81	0	45751
144	66	82	0	45752
144	62	72	0	45761
128	62	64	0	45831
128	47	64	0	45843
144	35	76	0	45843
128	60	64	0	45851
128	66	64	0	45861
144	66	87	0	46168
144	62	81	0	46173
128	35	64	0	46173
144	60	84	0	46179
144	47	80	0	46185
128	47	64	0	46468
128	60	64	0	46484
144	35	81	0	46490
128	62	64	0	46495
128	66	64	0	46501
144	66	83	0	46816
144	60	81	0	46822
144	47	81	0	46827
144	62	70	0	46832
128	35	64	0	46839
128	62	64	0	46880
128	60	64	0	46890
128	66	64	0	46914
128	47	64	0	46935
144	35	76	0	47125
144	66	84	0	47331
144	60	80	0	47336
144	62	66	0	47350
128	62	64	0	47402
128	60	64	0	47415
128	35	64	0	47421
144	47	82	0	47428
128	66	64	0	47435
128	47	64	0	47639
144	60	77	0	47654
144	66	79	0	47659
144	62	68	0	47665
128	60	64	0	47711
128	66	64	0	47717
128	62	64	0	47722
144	35	76	0	47755
128	35	64	0	48054
144	66	91	0	48072
144	47	76	0	48078
144	60	90	0	48083
144	62	82	0	48088
128	47	64	0	48354
144	35	81	0	48364
128	60	64	0	48375
128	66	64	0	48390
128	62	64	0	48399
144	60	75	0	48690
144	66	78	0	48690
144	47	73	0	48696
144	62	64	0	48702
128	35	64	0	48707
128	66	64	0	48738
128	60	64	0	48744
128	62	64	0	48750
128	47	64	0	48793
144	35	76	0	49000
144	60	72	0	49212
144	66	75	0	49213
144	62	64	0	49231
128	62	64	0	49288
144	47	85	0	49319
128	66	64	0	49319
128	60	64	0	49324
128	35	64	0	49325
144	60	79	0	49545
144	66	79	0	49545
144	62	67	0	49554
128	47	64	0	49576
128	62	64	0	49608
128	60	64	0	49609
128	66	64	0	49615
144	35	76	0	49642
144	47	87	0	49951
144	66	91	0	49970
144	60	89	0	49976
144	62	78	0	49981
128	35	64	0	49986
128	47	64	0	50077
128	62	64	0	50304
128	60	64	0	50315
128	66	64	0	50321
144	24	55	0	50321
144	26	46	0	50333
128	26	64	0	50463
144	36	79	0	50624
144	66	86	0	50653
144	60	86	0	50653
128	24	64	0	50662
144	62	74	0	50668
128	36	64	0	50787
128	62	64	0	50793
128	60	64	0	50799
128	66	64	0	50811
144	24	78	0	50967
144	66	79	0	51217
144	60	73	0	51225
144	62	64	0	51231
144	36	77	0	51275
128	24	64	0	51275
128	62	64	0	51287
128	66	64	0	51294
128	60	64	0	51300
144	66	76	0	51487
144	60	72	0	51493
144	62	64	0	51498
128	36	64	0	51531
128	62	64	0	51557
128	60	64	0	51565
128	66	64	0	51577
144	24	77	0	51597
128	24	64	0	51915
144	36	75	0	51925
144	66	87	0	51930
144	60	84	0	51935
144	62	77	0	51935
128	36	64	0	52193
144	24	75	0	52259
128	62	64	0	52277
128	66	64	0	52282
128	60	64	0	52287
128	24	64	0	52561
144	66	85	0	52569
144	36	68	0	52574
144	60	82	0	52579
144	62	78	0	52585
128	36	64	0	52673
128	62	64	0	52686
128	60	64	0	52692
128	66	64	0	52692
144	24	69	0	52867
144	66	82	0	53129
144	60	77	0	53135
144	62	66	0	53144
128	24	64	0	53176
128	66	64	0	53189
144	36	61	0	53194
128	62	64	0	53199
128	60	64	0	53205
144	60	84	0	53389
144	66	83	0	53395
144	62	75	0	53401
128	36	64	0	53496
144	24	75	0	53513
128	60	64	0	53518
128	62	64	0	53524
128	66	64	0	53524
128	24	64	0	53851
144	66	87	0	53852
144	62	79	0	53858
144	36	73	0	53859
144	60	84	0	53865
128	36	64	0	54155
144	24	75	0	54178
128	66	64	0	54178
128	60	64	0	54187
128	62	64	0	54187
128	24	64	0	54478
144	66	80	0	54488
144	36	64	0	54495
144	60	75	0	54501
144	62	67	0	54506
128	66	64	0	54537
128	60	64	0	54545
128	62	64	0	54550
128	36	64	0	54550
144	24	72	0	54793
144	66	78	0	55029
144	60	68	0	55039
144	62	55	0	55051
144	36	67	0	55099
128	60	64	0	55109
128	24	64	0	55115
128	62	64	0	55120
128	66	64	0	55145
144	66	75	0	55335
144	60	74	0	55341
144	62	69	0	55346
128	36	64	0	55371
128	60	64	0	55403
128	62	64	0	55409
128	66	64	0	55417
144	24	74	0	55433
144	66	84	0	55765
128	24	64	0	55771
144	60	82	0	55776
144	62	78	0	55781
144	36	66	0	55786
128	36	64	0	56069
144	24	70	0	56090
128	66	64	0	56095
128	60	64	0	56101
128	62	64	0	56106
144	60	80	0	56439
144	66	80	0	56444
144	36	53	0	56450
128	24	64	0	56455
144	62	68	0	56460
128	66	64	0	56495
128	62	64	0	56500
128	60	64	0	56506
128	36	64	0	56516
144	24	62	0	56724
144	60	75	0	56982
144	66	75	0	56987
144	62	66	0	56993
128	66	64	0	57039
144	36	62	0	57044
128	62	64	0	57050
128	60	64	0	57056
128	24	64	0	57062
144	66	80	0	57273
144	60	75	0	57279
144	62	63	0	57288
128	62	64	0	57348
128	36	64	0	57354
128	60	64	0	57362
144	24	81	0	57379
128	66	64	0	57385
144	36	74	0	57684
144	66	86	0	57705
144	60	87	0	57710
144	62	80	0	57710
128	24	64	0	57725
128	36	64	0	57811
144	32	73	0	57988
128	62	64	0	58013
128	60	64	0	58020
128	66	64	0	58025
144	44	79	0	58308
144	60	78	0	58322
144	66	81	0	58327
144	62	69	0	58333
128	32	64	0	58339
128	44	64	0	58365
128	62	64	0	58388
128	60	64	0	58406
128	66	64	0	58432
144	32	75	0	58625
144	60	75	0	58866
144	66	76	0	58872
144	62	65	0	58877
128	62	64	0	58934
144	44	68	0	58945
128	66	64	0	58951
128	32	64	0	58951
128	60	64	0	58951
144	66	79	0	59157
128	44	64	0	59163
144	60	68	0	59168
144	62	61	0	59173
128	66	64	0	59224
128	60	64	0	59230
128	62	64	0	59230
144	32	73	0	59249
144	66	85	0	59551
144	60	76	0	59563
144	62	74	0	59569
144	44	79	0	59574
128	32	64	0	59586
128	44	64	0	59852
128	60	64	0	59875
144	32	72	0	59880
128	66	64	0	59880
128	62	64	0	59885
144	66	80	0	60203
128	32	64	0	60210
144	60	71	0	60215
144	44	71	0	60220
144	62	62	0	60220
128	60	64	0	60270
128	62	64	0	60270
128	44	64	0	60276
128	66	64	0	60300
144	32	70	0	60501
144	66	75	0	60725
144	60	69	0	60725
144	62	62	0	60735
128	66	64	0	60792
128	62	64	0	60792
128	32	64	0	60792
128	60	64	0	60799
144	44	68	0	60834
144	66	73	0	61032
144	60	62	0	61038
144	62	61	0	61038
128	44	64	0	61059
128	66	64	0	61097
128	62	64	0	61103
128	60	64	0	61103
144	32	77	0	61117
128	32	64	0	61435
144	60	86	0	61435
144	66	84	0	61443
144	44	76	0	61451
144	62	72	0	61451
128	44	64	0	61712
144	32	76	0	61754
128	66	64	0	61754
128	60	64	0	61760
128	62	64	0	61767
144	66	82	0	62060
144	60	79	0	62060
128	32	64	0	62066
144	44	68	0	62066
144	62	71	0	62072
128	62	64	0	62127
128	60	64	0	62135
128	66	64	0	62165
128	44	64	0	62165
144	32	71	0	62354
144	60	75	0	62590
144	66	74	0	62590
144	62	65	0	62603
128	32	64	0	62648
144	44	73	0	62654
128	62	64	0	62660
128	66	64	0	62660
128	60	64	0	62679
144	60	75	0	62894
144	66	78	0	62894
144	62	72	0	62894
128	44	64	0	62904
144	32	79	0	62964
128	62	64	0	62981
128	66	64	0	62989
128	60	64	0	62999
128	32	64	0	63273
144	66	86	0	63284
144	60	81	0	63289
144	62	75	0	63294
144	44	79	0	63299
128	44	64	0	63550
128	60	64	0	63599
144	32	77	0	63606
128	66	64	0	63615
128	62	64	0	63615
144	60	82	0	63919
144	66	80	0	63919
144	62	72	0	63926
128	32	64	0	63940
144	44	75	0	63955
128	62	64	0	64001
128	60	64	0	64022
128	66	64	0	64033
128	44	64	0	64054
144	32	76	0	64244
144	66	76	0	64445
144	60	74	0	64456
128	32	64	0	64462
144	62	68	0	64462
144	44	76	0	64533
128	62	64	0	64544
128	66	64	0	64559
128	60	64	0	64565
128	44	64	0	64722
144	66	76	0	64795
144	60	74	0	64800
144	62	68	0	64805
144	32	75	0	64858
128	62	64	0	64858
128	60	64	0	64865
128	66	64	0	64870
144	66	87	0	65169
144	60	86	0	65174
128	32	64	0	65179
144	44	83	0	65184
144	62	78	0	65190
128	44	64	0	65340
144	31	69	0	65474
128	62	64	0	65496
128	60	64	0	65502
128	66	64	0	65507
128	31	64	0	65774
144	43	87	0	65787
144	66	84	0	65798
144	60	78	0	65803
144	62	74	0	65803
128	66	64	0	65854
128	62	64	0	65860
128	60	64	0	65865
128	43	64	0	65895
144	31	78	0	66084
144	60	78	0	66347
144	66	77	0	66354
144	62	68	0	66360
144	43	77	0	66405
128	66	64	0	66411
128	62	64	0	66420
128	31	64	0	66426
128	60	64	0	66426
144	60	80	0	66636
144	66	76	0	66642
144	62	72	0	66647
128	43	64	0	66657
128	66	64	0	66707
128	62	64	0	66714
128	60	64	0	66730
144	31	70	0	66748
128	31	64	0	67050
144	43	75	0	67065
144	66	86	0	67072
144	60	86	0	67077
144	62	79	0	67082
128	43	64	0	67382
144	31	82	0	67387
128	66	64	0	67401
128	60	64	0	67406
128	62	64	0	67411
144	43	68	0	67695
144	66	79	0	67695
144	60	73	0	67701
128	31	64	0	67701
144	62	64	0	67707
128	66	64	0	67748
128	60	64	0	67748
128	62	64	0	67758
128	43	64	0	67763
144	31	74	0	67989
144	66	79	0	68208
144	60	73	0	68208
144	62	57	0	68228
128	66	64	0	68266
128	60	64	0	68272
128	62	64	0	68286
128	31	64	0	68303
144	43	77	0	68308
144	60	81	0	68535
144	66	80	0	68540
144	62	75	0	68545
128	43	64	0	68580
144	31	81	0	68614
128	60	64	0	68623
128	62	64	0	68628
128	66	64	0	68628
128	31	64	0	68936
144	66	85	0	68936
144	60	84	0	68945
144	62	83	0	68950
144	43	77	0	68955
128	43	64	0	69232
128	66	64	0	69246
128	60	64	0	69251
128	62	64	0	69256
144	31	82	0	69263
144	60	80	0	69595
144	66	80	0	69595
144	43	78	0	69601
144	62	69	0	69601
128	31	64	0	69618
128	60	64	0	69655
128	66	64	0	69655
128	62	64	0	69655
128	43	64	0	69670
144	31	79	0	69903
144	60	79	0	70130
144	66	80	0	70135
144	62	66	0	70141
144	43	78	0	70193
128	66	64	0	70198
128	60	64	0	70204
128	62	64	0	70204
128	31	64	0	70204
144	60	81	0	70435
144	66	79	0	70435
144	62	75	0	70442
128	43	64	0	70489
128	66	64	0	70499
128	62	64	0	70508
128	60	64	0	70513
144	31	84	0	70527
144	43	78	0	70821
144	66	89	0	70827
144	60	86	0	70832
128	31	64	0	70837
144	62	80	0	70842
128	43	64	0	71104
144	31	83	0	71118
128	66	64	0	71140
128	60	64	0	71145
128	62	64	0	71151
144	43	67	0	71432
144	62	72	0	71437
144	66	74	0	71442
144	60	72	0	71442
128	31	64	0	71442
128	66	64	0	71487
128	60	64	0	71487
128	62	64	0	71487
128	43	64	0	71508
144	31	73	0	71745
144	66	70	0	71959
144	62	66	0	71959
144	60	64	0	71965
128	66	64	0	72034
128	31	64	0	72041
144	43	72	0	72048
128	60	64	0	72048
128	62	64	0	72048
144	66	71	0	72262
144	60	67	0	72267
144	62	63	0	72267
128	66	64	0	72323
128	43	64	0	72328
128	60	64	0	72333
128	62	64	0	72338
144	31	81	0	72359
144	43	87	0	72671
144	66	88	0	72677
144	62	87	0	72682
144	60	87	0	72687
128	31	64	0	72715
128	43	64	0	72857
144	38	70	0	72976
128	60	64	0	73005
128	62	64	0	73017
128	66	64	0	73017
128	38	64	0	73298
144	50	78	0	73311
144	66	78	0	73316
144	60	73	0	73321
144	62	64	0	73321
128	60	64	0	73375
128	62	64	0	73375
128	66	64	0	73383
128	50	64	0	73418
144	38	72	0	73635
144	66	70	0	73872
144	60	65	0	73872
144	62	66	0	73879
128	66	64	0	73924
128	60	64	0	73935
128	62	64	0	73941
128	38	64	0	73946
144	50	78	0	73951
144	62	66	0	74162
144	66	72	0	74162
144	60	66	0	74168
128	50	64	0	74203
128	66	64	0	74211
128	60	64	0	74225
128	62	64	0	74231
144	38	77	0	74259
128	38	64	0	74559
144	66	84	0	74584
144	50	76	0	74589
144	60	84	0	74594
144	62	78	0	74595
128	50	64	0	74894
144	38	79	0	74903
128	66	64	0	74928
128	60	64	0	74928
128	62	64	0	74940
144	50	80	0	75232
144	66	78	0	75237
144	60	71	0	75242
144	62	64	0	75242
128	38	64	0	75260
128	66	64	0	75278
128	60	64	0	75287
128	62	64	0	75293
128	50	64	0	75339
144	38	78	0	75535
144	66	78	0	75770
144	60	73	0	75770
144	62	68	0	75781
128	62	64	0	75844
128	60	64	0	75844
144	50	81	0	75850
128	66	64	0	75850
128	38	64	0	75874
144	66	73	0	76046
144	60	63	0	76056
144	62	57	0	76062
128	66	64	0	76096
128	60	64	0	76117
128	62	64	0	76123
128	50	64	0	76168
144	38	80	0	76182
144	66	87	0	76494
144	60	87	0	76499
144	50	78	0	76504
128	38	64	0	76509
144	62	79	0	76514
128	50	64	0	76791
144	38	81	0	76808
128	60	64	0	76829
128	66	64	0	76834
128	62	64	0	76854
144	60	76	0	77126
144	66	77	0	77131
128	38	64	0	77136
144	50	76	0	77141
144	62	64	0	77146
128	66	64	0	77177
128	60	64	0	77183
128	62	64	0	77183
128	50	64	0	77208
144	38	72	0	77447
144	60	79	0	77692
144	66	80	0	77697
144	62	70	0	77702
128	66	64	0	77757
128	62	64	0	77762
128	60	64	0	77772
144	50	75	0	77778
128	38	64	0	77799
144	66	80	0	77987
144	60	69	0	77998
144	62	51	0	78011
128	50	64	0	78024
128	66	64	0	78032
128	60	64	0	78052
128	62	64	0	78087
144	38	75	0	78107
144	66	85	0	78418
144	60	85	0	78418
128	38	64	0	78424
144	50	75	0	78429
144	62	77	0	78434
128	50	64	0	78726
144	38	74	0	78741
128	66	64	0	78754
128	60	64	0	78764
128	62	64	0	78774
144	66	82	0	79055
144	60	80	0	79060
144	50	78	0	79065
144	62	71	0	79071
128	38	64	0	79084
128	62	64	0	79114
128	60	64	0	79122
128	66	64	0	79134
128	50	64	0	79192
144	38	72	0	79369
144	60	79	0	79602
144	66	79	0	79602
144	62	70	0	79608
128	38	64	0	79636
144	50	78	0	79655
128	62	64	0	79674
128	66	64	0	79684
128	60	64	0	79695
144	66	80	0	79876
144	60	77	0	79876
144	62	72	0	79886
128	50	64	0	79956
128	62	64	0	79964
128	60	64	0	79973
144	38	80	0	79978
128	66	64	0	79996
144	50	89	0	80306
144	66	89	0	80315
144	60	92	0	80320
144	62	84	0	80325
128	38	64	0	80346
128	50	64	0	80475
144	45	82	0	80622
128	60	64	0	80655
128	66	64	0	80655
128	62	64	0	80664
128	45	64	0	80950
144	57	85	0	80965
144	66	82	0	80980
144	60	80	0	80985
144	62	75	0	80990
128	66	64	0	81027
128	62	64	0	81033
128	60	64	0	81038
128	57	64	0	81077
144	45	77	0	81283
144	66	77	0	81510
144	60	72	0	81515
144	62	59	0	81522
128	66	64	0	81559
128	60	64	0	81573
128	62	64	0	81580
144	57	80	0	81619
128	45	64	0	81624
144	66	80	0	81800
128	57	64	0	81811
144	62	60	0	81816
144	60	60	0	81821
128	66	64	0	81859
128	60	64	0	81877
128	62	64	0	81882
144	45	82	0	81893
144	60	87	0	82219
144	66	87	0	82219
144	62	84	0	82226
144	57	75	0	82231
128	45	64	0	82236
128	57	64	0	82520
144	45	77	0	82543
128	66	64	0	82554
128	60	64	0	82560
128	62	64	0	82567
144	62	78	0	82862
144	60	76	0	82868
144	66	74	0	82873
144	57	70	0	82881
128	45	64	0	82886
128	66	64	0	82919
128	60	64	0	82938
128	62	64	0	82945
128	57	64	0	82968
144	45	77	0	83154
144	66	75	0	83387
144	62	66	0	83387
144	60	64	0	83400
128	66	64	0	83437
128	62	64	0	83454
128	60	64	0	83459
144	57	75	0	83464
128	45	64	0	83470
144	62	75	0	83668
144	60	77	0	83668
144	66	73	0	83674
128	57	64	0	83711
128	66	64	0	83733
144	45	84	0	83756
128	60	64	0	83769
128	62	64	0	83774
144	62	85	0	84082
144	60	85	0	84082
144	57	80	0	84089
144	66	79	0	84094
128	45	64	0	84099
128	57	64	0	84385
144	45	84	0	84413
128	66	64	0	84423
128	60	64	0	84437
128	62	64	0	84454
144	62	83	0	84725
144	57	75	0	84730
144	60	78	0	84735
144	66	74	0	84741
128	45	64	0	84750
128	66	64	0	84782
128	60	64	0	84794
128	62	64	0	84809
128	57	64	0	84841
144	45	85	0	85034
144	62	75	0	85275
144	66	75	0	85281
144	60	73	0	85286
128	66	64	0	85328
128	60	64	0	85344
128	62	64	0	85349
144	57	78	0	85369
128	45	64	0	85385
144	60	77	0	85574
144	62	72	0	85574
128	57	64	0	85580
144	66	69	0	85585
128	66	64	0	85631
128	62	64	0	85639
128	60	64	0	85648
144	45	84	0	85674
128	45	64	0	85991
144	57	78	0	85998
144	62	85	0	86004
144	60	87	0	86009
144	66	87	0	86009
128	57	64	0	86286
144	45	87	0	86320
128	66	64	0	86344
128	60	64	0	86349
128	62	64	0	86359
144	62	76	0	86653
144	60	78	0	86653
144	66	75	0	86659
128	45	64	0	86664
144	57	75	0	86669
128	66	64	0	86707
128	62	64	0	86716
128	60	64	0	86722
128	57	64	0	86769
144	45	80	0	86960
144	60	66	0	87154
144	66	69	0	87159
144	62	59	0	87164
128	66	64	0	87229
128	62	64	0	87234
128	60	64	0	87244
144	57	80	0	87281
128	45	64	0	87294
128	57	64	0	87491
144	62	75	0	87507
144	60	78	0	87512
144	66	78	0	87517
128	66	64	0	87563
128	60	64	0	87563
128	62	64	0	87582
144	45	84	0	87601
144	57	84	0	87907
144	66	89	0	87931
144	60	93	0	87936
144	62	84	0	87941
128	45	64	0	87947
128	57	64	0	88028
144	39	82	0	88216
128	60	64	0	88262
128	66	64	0	88267
128	62	64	0	88267
144	51	79	0	88526
144	60	82	0	88539
144	66	81	0	88544
144	62	76	0	88549
128	39	64	0	88549
128	62	64	0	88601
128	66	64	0	88606
128	60	64	0	88619
128	51	64	0	88638
144	39	80	0	88868
144	60	80	0	89108
144	66	75	0	89113
144	62	48	0	89135
128	66	64	0	89157
128	60	64	0	89171
144	51	78	0	89195
128	62	64	0	89205
128	39	64	0	89211
128	51	64	0	89338
144	66	71	0	89392
144	62	61	0	89399
144	60	64	0	89399
128	66	64	0	89437
128	62	64	0	89457
128	60	64	0	89457
144	39	73	0	89490
128	39	64	0	89805
144	51	79	0	89805
144	62	84	0	89822
144	66	84	0	89822
144	60	85	0	89829
128	51	64	0	90074
144	39	77	0	90131
128	60	64	0	90156
128	66	64	0	90168
128	62	64	0	90168
144	51	79	0	90435
144	62	76	0	90435
144	60	77	0	90441
144	66	75	0	90441
128	39	64	0	90451
128	66	64	0	90492
128	60	64	0	90501
128	62	64	0	90506
128	51	64	0	90525
144	39	74	0	90732
144	60	80	0	90978
144	62	71	0	90986
144	66	75	0	90986
144	51	76	0	91033
128	66	64	0	91033
128	62	64	0	91043
128	60	64	0	91049
128	39	64	0	91055
144	66	79	0	91258
144	62	70	0	91265
144	60	69	0	91265
128	51	64	0	91279
128	66	64	0	91308
128	60	64	0	91322
128	62	64	0	91322
144	39	77	0	91355
128	39	64	0	91646
144	51	81	0	91680
144	60	90	0	91685
144	62	86	0	91685
144	66	88	0	91685
128	51	64	0	91973
144	39	71	0	91999
128	60	64	0	92022
128	66	64	0	92022
128	62	64	0	92035
144	51	76	0	92317
144	60	72	0	92327
144	66	73	0	92327
144	62	68	0	92333
128	39	64	0	92352
128	62	64	0	92387
128	66	64	0	92392
128	60	64	0	92392
128	51	64	0	92416
144	39	70	0	92644
144	60	71	0	92875
144	66	73	0	92875
144	62	64	0	92884
128	66	64	0	92943
128	62	64	0	92951
144	51	70	0	92957
128	60	64	0	92957
128	39	64	0	92986
128	51	64	0	93133
144	66	75	0	93159
144	60	63	0	93168
144	62	59	0	93168
128	66	64	0	93204
128	60	64	0	93225
128	62	64	0	93225
144	39	73	0	93287
144	60	87	0	93587
144	66	84	0	93587
144	62	83	0	93595
144	51	81	0	93595
128	39	64	0	93606
128	51	64	0	93856
144	39	72	0	93924
128	66	64	0	93937
128	62	64	0	93945
128	60	64	0	93945
144	60	76	0	94226
144	66	72	0	94232
144	62	62	0	94244
144	51	79	0	94244
128	39	64	0	94277
128	62	64	0	94308
128	66	64	0	94318
128	60	64	0	94344
128	51	64	0	94375
144	39	74	0	94581
144	62	73	0	94802
144	60	75	0	94802
144	66	76	0	94808
144	51	75	0	94880
128	39	64	0	94895
128	60	64	0	94900
128	62	64	0	94900
128	66	64	0	94900
144	66	73	0	95092
144	60	66	0	95102
144	62	64	0	95102
128	51	64	0	95112
128	60	64	0	95159
128	62	64	0	95165
128	66	64	0	95175
144	39	81	0	95182
144	66	87	0	95492
144	60	84	0	95499
144	62	82	0	95504
144	51	86	0	95509
128	39	64	0	95556
128	51	64	0	95809
144	44	68	0	95834
128	60	64	0	95844
128	62	64	0	95849
128	66	64	0	95855
128	44	64	0	95990
144	54	90	0	96164
144	66	87	0	96193
144	60	88	0	96193
144	62	80	0	96199
128	54	64	0	96344
128	60	64	0	96392
128	62	64	0	96397
128	66	64	0	96403
144	42	76	0	96463
144	66	79	0	96720
144	60	69	0	96729
144	62	63	0	96734
128	42	64	0	96739
128	60	64	0	96785
128	66	64	0	96790
144	54	67	0	96795
128	62	64	0	96795
128	54	64	0	96961
144	66	80	0	97012
144	60	75	0	97019
144	62	70	0	97024
128	62	64	0	97079
128	60	64	0	97084
144	42	80	0	97093
128	66	64	0	97098
144	60	90	0	97405
144	66	85	0	97405
144	62	84	0	97412
144	54	76	0	97424
128	42	64	0	97430
128	54	64	0	97688
144	42	78	0	97732
128	60	64	0	97743
128	66	64	0	97754
128	62	64	0	97759
144	66	75	0	98048
144	60	72	0	98053
144	62	61	0	98053
144	54	59	0	98071
128	42	64	0	98076
128	66	64	0	98096
128	60	64	0	98101
128	62	64	0	98115
128	54	64	0	98121
144	42	73	0	98348
144	66	68	0	98564
144	60	62	0	98569
144	62	58	0	98574
128	60	64	0	98640
128	62	64	0	98645
128	66	64	0	98650
144	54	70	0	98656
128	42	64	0	98682
144	66	71	0	98864
144	62	55	0	98873
144	60	49	0	98880
128	54	64	0	98891
128	66	64	0	98922
128	62	64	0	98942
128	60	64	0	98952
144	42	71	0	98957
144	66	84	0	99258
144	60	82	0	99258
144	62	71	0	99271
144	54	68	0	99299
128	42	64	0	99304
128	54	64	0	99555
144	42	76	0	99586
128	66	64	0	99608
128	60	64	0	99613
128	62	64	0	99619
144	66	74	0	99894
144	60	72	0	99894
144	54	70	0	99901
144	62	66	0	99906
128	42	64	0	99920
128	62	64	0	99957
128	60	64	0	99962
128	66	64	0	99969
128	54	64	0	99984
144	42	70	0	100198
144	60	69	0	100430
144	66	68	0	100430
144	62	63	0	100437
144	54	73	0	100498
128	62	64	0	100503
128	66	64	0	100509
128	60	64	0	100509
128	42	64	0	100509
144	66	73	0	100727
144	60	72	0	100727
144	62	64	0	100736
128	54	64	0	100741
128	66	64	0	100786
128	62	64	0	100792
128	60	64	0	100797
144	42	73	0	100823
144	66	83	0	101125
128	42	64	0	101130
144	54	74	0	101135
144	60	82	0	101141
144	62	76	0	101141
128	54	64	0	101409
128	60	64	0	101420
144	42	69	0	101425
128	66	64	0	101431
128	62	64	0	101439
144	60	77	0	101736
144	62	72	0	101742
144	66	74	0	101747
144	54	68	0	101759
128	42	64	0	101767
128	62	64	0	101807
128	66	64	0	101807
128	60	64	0	101817
128	54	64	0	101825
144	42	72	0	102066
144	60	72	0	102283
144	66	71	0	102283
144	62	64	0	102292
128	62	64	0	102354
128	66	64	0	102367
128	60	64	0	102367
144	54	67	0	102382
128	42	64	0	102382
128	54	64	0	102564
144	60	75	0	102591
144	66	69	0	102600
144	62	60	0	102609
128	66	64	0	102661
128	62	64	0	102667
128	60	64	0	102676
144	42	72	0	102676
144	54	84	0	103014
144	66	89	0	103020
144	60	87	0	103020
144	62	79	0	103026
128	42	64	0	103052
128	54	64	0	103166
128	66	64	0	103360
128	60	64	0	103360
144	47	66	0	103368
128	62	64	0	103368
144	59	78	0	103674
144	66	83	0	103691
128	47	64	0	103691
144	62	70	0	103702
144	60	72	0	103707
128	60	64	0	103757
128	62	64	0	103757
128	59	64	0	103794
128	66	64	0	103799
144	47	78	0	103988
144	60	66	0	104204
144	66	66	0	104214
144	62	56	0	104222
128	66	64	0	104273
128	62	64	0	104283
128	47	64	0	104295
144	59	78	0	104295
128	60	64	0	104301
128	59	64	0	104491
144	60	80	0	104536
144	62	70	0	104543
144	66	70	0	104549
128	66	64	0	104595
144	47	75	0	104601
128	62	64	0	104601
128	60	64	0	104625
144	66	82	0	104924
144	62	76	0	104929
144	60	78	0	104934
144	59	78	0	104934
128	47	64	0	104934
128	59	64	0	105236
144	47	80	0	105236
128	66	64	0	105257
128	62	64	0	105272
128	60	64	0	105279
144	62	82	0	105575
144	59	71	0	105584
144	60	75	0	105584
144	66	76	0	105590
128	47	64	0	105590
128	66	64	0	105628
128	60	64	0	105633
128	62	64	0	105645
128	59	64	0	105669
144	47	87	0	105880
144	60	75	0	106107
144	66	74	0	106107
144	62	60	0	106121
128	66	64	0	106161
128	62	64	0	106178
128	60	64	0	106188
144	59	74	0	106199
128	47	64	0	106240
128	59	64	0	106407
144	60	78	0	106419
144	66	78	0	106419
144	62	71	0	106426
128	66	64	0	106471
128	60	64	0	106471
128	62	64	0	106483
144	47	81	0	106531
144	59	75	0	106824
144	60	82	0	106838
144	66	84	0	106838
128	47	64	0	106850
144	62	69	0	106850
128	59	64	0	107146
128	66	64	0	107146
144	47	84	0	107156
128	60	64	0	107176
128	62	64	0	107181
144	62	76	0	107470
144	60	75	0	107470
128	47	64	0	107479
144	59	71	0	107479
144	66	73	0	107485
128	66	64	0	107525
128	60	64	0	107530
128	62	64	0	107537
128	59	64	0	107551
144	47	80	0	107783
144	62	69	0	108014
144	66	73	0	108014
144	60	71	0	108021
128	66	64	0	108067
128	60	64	0	108077
128	62	64	0	108084
144	59	74	0	108097
128	47	64	0	108119
128	59	64	0	108278
144	60	75	0	108307
144	66	76	0	108312
144	62	66	0	108312
128	66	64	0	108361
128	62	64	0	108377
128	60	64	0	108377
144	47	84	0	108429
128	47	64	0	108728
144	60	90	0	108741
144	59	78	0	108741
144	66	83	0	108749
144	62	80	0	108749
128	59	64	0	109049
144	47	81	0	109069
128	66	64	0	109078
128	60	64	0	109097
128	62	64	0	109097
144	66	78	0	109385
144	60	74	0	109385
144	62	68	0	109391
144	59	71	0	109405
128	47	64	0	109416
128	66	64	0	109437
128	62	64	0	109445
128	60	64	0	109445
128	59	64	0	109479
144	47	78	0	109700
144	60	75	0	109893
144	66	76	0	109893
144	62	66	0	109903
128	62	64	0	109962
144	59	75	0	109962
128	66	64	0	109969
128	60	64	0	109981
128	47	64	0	109990
144	60	76	0	110221
144	66	74	0	110221
144	62	66	0	110230
128	59	64	0	110246
128	66	64	0	110281
144	47	83	0	110281
128	62	64	0	110287
128	60	64	0	110298
144	59	85	0	110616
144	66	90	0	110635
144	60	90	0	110635
144	62	81	0	110641
128	47	64	0	110668
128	59	64	0	110745
128	66	64	0	110965
128	60	64	0	110965
144	36	84	0	110972
128	62	64	0	110972
144	48	89	0	111277
144	66	83	0	111283
144	60	80	0	111283
144	62	67	0	111291
128	36	64	0	111303
128	62	64	0	111370
128	48	64	0	111370
128	60	64	0	111376
128	66	64	0	111397
144	36	79	0	111613
144	60	83	0	111837
144	66	82	0	111837
144	62	75	0	111845
128	62	64	0	111910
128	66	64	0	111910
144	48	87	0	111922
128	60	64	0	111934
128	36	64	0	111967
144	60	75	0	112125
144	66	76	0	112125
144	62	62	0	112137
128	48	64	0	112157
128	66	64	0	112175
128	60	64	0	112186
128	62	64	0	112186
144	36	84	0	112227
144	62	90	0	112515
144	60	92	0	112515
144	66	91	0	112521
144	48	92	0	112527
128	36	64	0	112567
128	60	64	0	112824
128	66	64	0	112829
128	48	64	0	112829
144	36	85	0	112829
128	62	64	0	112839
144	60	93	0	113125
144	62	90	0	113125
144	48	94	0	113132
144	66	85	0	113132
128	36	64	0	113153
128	66	64	0	113239
128	60	64	0	113249
128	62	64	0	113249
128	48	64	0	113301
144	36	74	0	113485
144	60	66	0	113726
144	62	60	0	113736
144	66	64	0	113736
144	48	81	0	113783
128	66	64	0	113793
128	62	64	0	113801
128	36	64	0	113812
128	60	64	0	113812
128	48	64	0	114021
144	60	72	0	114021
144	66	67	0	114033
144	62	49	0	114045
128	66	64	0	114083
128	60	64	0	114083
128	62	64	0	114119
144	36	79	0	114133
144	60	90	0	114433
144	48	87	0	114438
144	62	77	0	114445
144	66	80	0	114445
128	36	64	0	114478
128	48	64	0	114750
144	36	80	0	114750
128	60	64	0	114761
128	66	64	0	114761
128	62	64	0	114781
144	60	75	0	115067
144	62	69	0	115067
144	48	82	0	115076
144	66	73	0	115076
128	36	64	0	115111
128	66	64	0	115124
128	60	64	0	115124
128	62	64	0	115134
128	48	64	0	115194
144	36	80	0	115397
144	60	65	0	115640
144	66	67	0	115648
144	62	64	0	115648
144	48	77	0	115697
128	66	64	0	115706
128	60	64	0	115717
128	62	64	0	115722
128	36	64	0	115746
144	66	61	0	115931
144	62	47	0	115940
144	60	38	0	115949
128	48	64	0	115982
128	66	64	0	115987
128	60	64	0	116012
128	62	64	0	116012
144	36	79	0	116018
144	48	84	0	116324
144	62	87	0	116324
144	60	86	0	116331
144	66	84	0	116331
128	36	64	0	116365
128	48	64	0	116640
144	36	80	0	116652
128	60	64	0	116652
128	66	64	0	116676
128	62	64	0	116685
144	60	78	0	116977
144	62	81	0	116977
144	48	75	0	116983
144	66	72	0	116990
128	36	64	0	117008
128	60	64	0	117031
128	66	64	0	117031
128	62	64	0	117037
128	48	64	0	117083
144	36	79	0	117301
144	62	69	0	117528
144	66	73	0	117534
144	60	68	0	117539
128	66	64	0	117592
144	48	75	0	117602
128	60	64	0	117602
128	62	64	0	117615
128	36	64	0	117632
144	62	72	0	117850
144	66	70	0	117856
144	60	68	0	117856
128	48	64	0	117891
128	66	64	0	117910
128	60	64	0	117919
144	36	85	0	117926
128	62	64	0	117931
144	48	89	0	118255
144	66	86	0	118272
144	62	78	0	118279
144	60	81	0	118284
128	36	64	0	118302
128	60	64	0	118532
128	48	64	0	118543
128	66	64	0	118554
128	62	64	0	118554
144	36	52	0	118613
144	38	68	0	118625
128	38	64	0	118807
144	66	76	0	118911
144	62	69	0	118916
144	60	69	0	118922
128	36	64	0	118934
144	48	56	0	118948
128	60	64	0	118972
128	66	64	0	118977
128	62	64	0	118982
128	48	64	0	119014
144	36	76	0	119228
144	66	63	0	119431
144	60	51	0	119440
144	62	59	0	119447
128	66	64	0	119528
128	62	64	0	119533
128	60	64	0	119539
144	48	76	0	119544
128	36	64	0	119544
128	48	64	0	119776
144	66	69	0	119781
144	60	57	0	119787
144	62	55	0	119792
128	66	64	0	119833
128	60	64	0	119853
128	62	64	0	119858
144	36	80	0	119870
144	48	78	0	120173
128	36	64	0	120189
144	66	82	0	120194
144	60	82	0	120199
144	62	77	0	120205
128	48	64	0	120452
128	66	64	0	120500
128	60	64	0	120500
128	62	64	0	120510
144	43	66	0	120523
128	43	64	0	120666
144	44	63	0	120821
144	60	87	0	120922
144	66	85	0	120927
128	44	64	0	120942
144	62	72	0	120947
144	56	76	0	121004
128	60	64	0	121164
128	66	64	0	121164
128	56	64	0	121188
128	62	64	0	121193
144	44	85	0	121282
144	66	78	0	121515
144	62	71	0	121515
144	60	68	0	121524
128	60	64	0	121583
128	66	64	0	121588
128	44	64	0	121594
128	62	64	0	121594
144	56	78	0	121594
128	56	64	0	121790
144	66	77	0	121803
144	62	71	0	121809
144	60	69	0	121814
128	66	64	0	121866
128	60	64	0	121880
128	62	64	0	121890
144	44	84	0	121912
144	56	82	0	122223
128	44	64	0	122236
144	66	82	0	122241
144	62	79	0	122241
144	60	81	0	122241
128	56	64	0	122501
128	66	64	0	122542
128	60	64	0	122547
144	44	86	0	122552
128	62	64	0	122562
144	62	77	0	122864
144	66	76	0	122869
144	60	71	0	122875
144	56	79	0	122880
128	44	64	0	122885
128	66	64	0	122910
128	62	64	0	122917
128	60	64	0	122922
128	56	64	0	122963
144	44	85	0	123174
144	60	61	0	123396
144	62	56	0	123402
144	66	61	0	123408
128	66	64	0	123458
128	62	64	0	123474
128	60	64	0	123479
144	56	79	0	123485
128	44	64	0	123517
144	66	64	0	123682
144	62	54	0	123688
144	60	57	0	123694
128	56	64	0	123745
128	66	64	0	123745
128	62	64	0	123763
128	60	64	0	123769
144	44	76	0	123805
144	56	78	0	124121
144	62	79	0	124127
144	60	78	0	124132
144	66	78	0	124137
128	44	64	0	124153
144	44	73	0	124440
128	56	64	0	124447
128	60	64	0	124466
128	66	64	0	124482
128	62	64	0	124500
144	56	81	0	124750
144	66	70	0	124759
144	60	70	0	124764
144	62	71	0	124769
128	44	64	0	124791
128	62	64	0	124845
128	60	64	0	124857
128	56	64	0	124862
128	66	64	0	124874
144	44	74	0	125100
144	60	64	0	125312
144	66	69	0	125312
144	62	69	0	125320
144	56	81	0	125371
128	44	64	0	125413
128	60	64	0	125433
128	62	64	0	125439
128	66	64	0	125444
128	56	64	0	125580
144	66	74	0	125616
144	62	65	0	125622
144	60	64	0	125627
128	66	64	0	125660
128	62	64	0	125679
128	60	64	0	125685
144	44	81	0	125761
144	56	78	0	126043
128	44	64	0	126051
144	62	87	0	126051
144	60	84	0	126060
144	66	84	0	126060
128	56	64	0	126324
144	44	78	0	126358
128	60	64	0	126381
128	66	64	0	126387
128	62	64	0	126401
144	62	82	0	126666
144	56	79	0	126672
144	60	78	0	126678
144	66	77	0	126683
128	44	64	0	126688
128	66	64	0	126741
128	56	64	0	126755
128	60	64	0	126769
128	62	64	0	126779
144	44	76	0	126983
144	62	67	0	127209
144	60	66	0	127214
144	66	63	0	127224
128	66	64	0	127279
144	56	72	0	127290
128	62	64	0	127313
128	60	64	0	127313
128	44	64	0	127313
128	56	64	0	127544
144	62	64	0	127550
144	60	65	0	127555
144	66	63	0	127555
128	66	64	0	127610
128	60	64	0	127619
144	44	75	0	127624
128	62	64	0	127630
144	56	76	0	127957
144	60	75	0	127963
144	66	71	0	127972
144	62	66	0	127978
128	44	64	0	128009
128	56	64	0	128142
144	43	72	0	128262
128	60	64	0	128276
128	66	64	0	128282
128	62	64	0	128301
144	60	75	0	128569
144	66	73	0	128575
144	63	74	0	128581
144	55	76	0	128587
128	43	64	0	128602
128	63	64	0	128637
128	55	64	0	128658
128	66	64	0	128672
128	60	64	0	128678
144	43	64	0	128867
144	60	63	0	129095
144	66	63	0	129102
144	63	59	0	129114
128	66	64	0	129154
128	63	64	0	129164
128	60	64	0	129170
144	55	77	0	129177
128	43	64	0	129193
128	55	64	0	129331
144	60	69	0	129393
144	66	61	0	129403
144	63	60	0	129408
128	66	64	0	129459
128	63	64	0	129465
128	60	64	0	129473
144	43	74	0	129479
144	66	86	0	129789
144	63	86	0	129795
144	55	76	0	129800
144	60	84	0	129800
128	43	64	0	129806
128	55	64	0	130083
144	43	72	0	130105
128	66	64	0	130130
128	60	64	0	130136
128	63	64	0	130136
144	55	84	0	130404
144	63	87	0	130404
144	60	86	0	130411
144	66	82	0	130417
128	43	64	0	130422
128	55	64	0	130561
128	63	64	0	130567
128	66	64	0	130572
128	60	64	0	130577
144	43	69	0	130745
144	60	76	0	130970
144	66	71	0	130977
144	63	66	0	130990
128	66	64	0	131027
128	63	64	0	131036
128	60	64	0	131043
144	55	78	0	131049
128	43	64	0	131072
128	55	64	0	131240
144	63	74	0	131274
144	60	78	0	131279
144	66	75	0	131284
128	66	64	0	131329
128	63	64	0	131335
144	43	79	0	131352
128	60	64	0	131358
144	66	85	0	131677
144	60	88	0	131683
144	63	85	0	131688
144	55	78	0	131688
128	43	64	0	131693
128	55	64	0	131911
128	63	64	0	131983
128	60	64	0	131989
128	66	64	0	131994
144	43	79	0	131999
128	43	64	0	132322
144	66	90	0	132322
144	55	80	0	132328
144	62	87	0	132334
144	60	87	0	132339
128	60	64	0	132394
128	62	64	0	132409
128	66	64	0	132417
128	55	64	0	132435
144	43	85	0	132638
144	60	84	0	132902
144	62	76	0	132908
144	66	73	0	132915
144	55	78	0	132921
128	66	64	0	132958
128	43	64	0	132963
128	62	64	0	132963
128	60	64	0	132963
144	60	83	0	133170
144	62	74	0	133177
144	66	75	0	133177
128	55	64	0	133188
128	66	64	0	133228
128	60	64	0	133238
128	62	64	0	133246
144	43	82	0	133263
144	55	75	0	133574
144	60	90	0	133574
144	62	86	0	133582
144	66	85	0	133582
128	43	64	0	133603
128	55	64	0	133880
128	66	64	0	133888
144	43	77	0	133900
128	60	64	0	133900
128	62	64	0	133927
144	60	88	0	134203
144	62	83	0	134203
144	66	82	0	134211
144	55	77	0	134217
128	43	64	0	134217
128	66	64	0	134318
128	60	64	0	134339
128	62	64	0	134339
128	55	64	0	134355
144	43	75	0	134537
144	66	73	0	134745
144	60	74	0	134751
144	62	64	0	134751
128	66	64	0	134801
128	62	64	0	134816
144	55	75	0	134816
128	60	64	0	134825
128	43	64	0	134831
128	55	64	0	135015
144	66	75	0	135051
144	62	69	0	135052
144	60	69	0	135058
128	66	64	0	135098
128	60	64	0	135113
128	62	64	0	135118
144	43	80	0	135137
144	55	69	0	135439
144	66	69	0	135445
144	62	62	0	135445
144	60	66	0	135457
128	43	64	0	135483
128	55	64	0	135707
128	62	64	0	135750
128	66	64	0	135756
144	43	71	0	135764
128	60	64	0	135769
144	55	75	0	136064
144	59	69	0	136074
144	67	72	0	136082
144	63	71	0	136082
128	43	64	0	136088
128	55	64	0	136241
128	67	64	0	136308
128	63	64	0	136313
128	59	64	0	136313
144	43	72	0	136380
144	63	57	0	136590
144	59	58	0	136599
144	67	53	0	136604
144	55	72	0	136666
128	43	64	0	136671
128	63	64	0	136679
128	67	64	0	136686
128	59	64	0	136698
128	55	64	0	136843
144	63	58	0	136880
144	59	48	0	136885
144	67	50	0	136890
128	67	64	0	136960
128	63	64	0	136966
128	59	64	0	136982
144	43	75	0	136988
144	55	75	0	137295
144	63	75	0	137296
144	59	71	0	137302
144	67	77	0	137308
128	43	64	0	137328
128	55	64	0	137530
128	63	64	0	137605
128	67	64	0	137614
128	59	64	0	137623
144	43	72	0	137630
144	55	68	0	137934
144	59	69	0	137934
144	63	68	0	137948
128	43	64	0	137953
144	67	52	0	137969
128	59	64	0	138006
128	63	64	0	138012
128	55	64	0	138012
128	67	64	0	138038
144	43	72	0	138238
144	59	66	0	138463
144	63	64	0	138476
144	67	63	0	138482
144	55	72	0	138512
128	63	64	0	138533
128	67	64	0	138542
128	43	64	0	138547
128	59	64	0	138569
128	55	64	0	138650
144	59	71	0	138754
144	63	63	0	138768
144	67	57	0	138774
128	63	64	0	138822
128	59	64	0	138828
128	67	64	0	138834
144	43	72	0	138864
144	67	67	0	139158
144	63	73	0	139159
144	55	71	0	139168
144	59	70	0	139168
128	43	64	0	139168
128	55	64	0	139417
144	43	75	0	139467
128	67	64	0	139475
128	63	64	0	139480
128	59	64	0	139485
144	66	76	0	139772
144	60	70	0	139772
144	55	72	0	139779
144	63	73	0	139785
128	43	64	0	139804
128	63	64	0	139827
128	66	64	0	139839
128	60	64	0	139844
128	55	64	0	139887
144	43	72	0	140091
144	60	70	0	140336
144	66	67	0	140336
144	55	72	0	140362
128	43	64	0	140372
144	63	40	0	140378
128	66	64	0	140387
128	60	64	0	140404
128	63	64	0	140429
128	55	64	0	140543
144	60	66	0	140613
144	63	55	0	140620
144	66	56	0	140627
128	66	64	0	140680
144	43	75	0	140680
128	63	64	0	140680
128	60	64	0	140689
144	60	75	0	141005
144	55	69	0	141005
144	66	74	0	141010
144	63	70	0	141010
128	43	64	0	141025
128	55	64	0	141280
128	60	64	0	141303
144	43	75	0	141312
128	66	64	0	141317
128	63	64	0	141317
144	55	78	0	141613
144	59	81	0	141614
128	43	64	0	141619
144	62	72	0	141625
144	63	79	0	141631
128	55	64	0	141781
128	63	64	0	141781
128	59	64	0	141795
128	62	64	0	141817
144	43	77	0	141966
144	63	70	0	142164
144	59	66	0	142170
144	62	55	0	142179
128	63	64	0	142221
128	43	64	0	142234
144	55	78	0	142244
128	62	64	0	142250
128	59	64	0	142255
128	55	64	0	142416
144	59	66	0	142471
144	63	70	0	142471
144	62	60	0	142482
128	63	64	0	142527
128	62	64	0	142543
128	59	64	0	142554
144	43	79	0	142560
144	55	82	0	142875
144	63	85	0	142875
144	62	74	0	142887
144	59	73	0	142892
128	43	64	0	142897
128	55	64	0	143168
128	62	64	0	143177
128	63	64	0	143186
144	43	81	0	143192
128	59	64	0	143214
128	43	64	0	143490
144	62	69	0	143520
144	55	78	0	143520
144	58	76	0	143526
144	67	77	0	143532
128	55	64	0	143679
128	58	64	0	143746
128	67	64	0	143746
128	62	64	0	143774
144	43	69	0	143834
128	43	64	0	144041
144	62	64	0	144047
144	58	63	0	144058
144	67	47	0	144069
144	55	66	0	144101
128	58	64	0	144114
128	67	64	0	144137
128	62	64	0	144145
128	55	64	0	144266
144	58	69	0	144333
144	62	55	0	144338
144	67	52	0	144346
128	67	64	0	144412
144	43	78	0	144418
128	58	64	0	144423
128	62	64	0	144441
144	55	73	0	144727
128	43	64	0	144734
144	67	65	0	144746
144	62	64	0	144746
144	58	71	0	144753
128	55	64	0	144969
128	58	64	0	145017
128	67	64	0	145032
128	62	64	0	145032
144	43	72	0	145049
128	43	64	0	145343
144	63	76	0	145343
144	59	77	0	145349
144	55	78	0	145354
144	67	79	0	145359
128	55	64	0	145473
128	63	64	0	145494
128	59	64	0	145512
128	67	64	0	145512
144	43	78	0	145658
144	63	80	0	145874
144	59	75	0	145874
144	67	64	0	145898
128	43	64	0	145903
144	55	66	0	145943
128	67	64	0	145949
128	63	64	0	145964
128	59	64	0	145964
144	59	72	0	146134
144	63	70	0	146135
144	67	59	0	146154
128	55	64	0	146179
128	67	64	0	146220
144	43	69	0	146245
128	63	64	0	146260
128	59	64	0	146266
144	63	69	0	146553
144	59	67	0	146558
144	67	68	0	146565
144	55	72	0	146570
128	43	64	0	146575
128	55	64	0	146827
128	59	64	0	146868
128	63	64	0	146873
144	43	69	0	146878
128	67	64	0	146878
144	55	72	0	147165
128	43	64	0	147171
144	60	50	0	147180
144	67	63	0	147185
144	64	59	0	147190
144	62	28	0	147219
128	67	64	0	147239
128	60	64	0	147255
128	64	64	0	147261
128	62	64	0	147267
128	55	64	0	147283
144	43	73	0	147482
144	60	68	0	147705
144	64	66	0	147710
144	67	54	0	147721
144	55	66	0	147755
128	43	64	0	147773
128	67	64	0	147782
128	64	64	0	147803
128	60	64	0	147813
144	60	77	0	147973
144	64	65	0	147978
144	67	58	0	147989
128	55	64	0	148035
128	60	64	0	148040
128	67	64	0	148047
128	64	64	0	148063
144	43	73	0	148100
144	60	73	0	148390
144	64	75	0	148397
144	67	69	0	148397
144	55	75	0	148404
128	43	64	0	148404
128	55	64	0	148638
128	60	64	0	148682
128	67	64	0	148691
128	64	64	0	148697
144	43	69	0	148702
144	67	76	0	148994
144	64	80	0	148994
144	61	86	0	149000
144	55	80	0	149000
128	43	64	0	149009
128	67	64	0	149097
128	61	64	0	149109
128	64	64	0	149122
128	55	64	0	149154
144	43	71	0	149306
144	61	78	0	149552
144	64	69	0	149552
144	67	66	0	149560
144	55	73	0	149594
128	43	64	0	149612
128	67	64	0	149618
128	61	64	0	149623
128	64	64	0	149628
144	61	67	0	149811
144	67	65	0	149811
144	64	66	0	149821
128	55	64	0	149866
128	61	64	0	149873
128	67	64	0	149878
128	64	64	0	149885
144	43	71	0	149926
144	67	78	0	150230
144	61	82	0	150230
144	64	78	0	150238
144	55	76	0	150251
128	43	64	0	150271
128	64	64	0	150507
128	55	64	0	150520
128	61	64	0	150535
144	43	78	0	150557
128	67	64	0	150562
144	66	87	0	150865
144	63	85	0	150872
144	62	80	0	150877
144	55	77	0	150882
128	43	64	0	150890
128	63	64	0	150975
128	62	64	0	150982
128	66	64	0	150988
128	55	64	0	150996
144	43	75	0	151151
144	62	66	0	151395
144	66	71	0	151400
144	63	66	0	151405
144	55	76	0	151444
128	66	64	0	151460
128	63	64	0	151465
128	43	64	0	151470
128	62	64	0	151470
128	55	64	0	151622
144	62	66	0	151684
144	66	64	0	151689
144	63	64	0	151694
128	66	64	0	151737
128	63	64	0	151737
128	62	64	0	151756
144	43	75	0	151772
144	66	78	0	152068
144	62	80	0	152077
144	55	79	0	152082
144	63	79	0	152087
128	43	64	0	152094
128	55	64	0	152360
144	43	78	0	152396
128	66	64	0	152419
128	62	64	0	152424
128	63	64	0	152424
144	59	87	0	152705
128	43	64	0	152713
144	55	75	0	152713
144	62	78	0	152720
144	63	84	0	152725
128	59	64	0	152815
128	63	64	0	152825
128	62	64	0	152835
128	55	64	0	152840
144	43	75	0	153014
144	59	72	0	153246
144	63	71	0	153257
144	62	60	0	153257
128	63	64	0	153315
128	62	64	0	153323
144	55	64	0	153328
128	43	64	0	153336
128	59	64	0	153356
128	55	64	0	153550
144	63	66	0	153555
144	59	60	0	153555
144	62	58	0	153561
128	63	64	0	153605
128	62	64	0	153622
128	59	64	0	153630
144	43	71	0	153635
144	55	75	0	153957
144	62	78	0	153958
144	63	82	0	153966
144	59	80	0	153971
128	43	64	0	153977
128	55	64	0	154197
128	62	64	0	154213
128	59	64	0	154233
128	63	64	0	154246
144	43	78	0	154257
128	43	64	0	154557
144	55	78	0	154568
144	60	79	0	154573
144	58	82	0	154580
144	63	74	0	154585
128	55	64	0	154731
128	60	64	0	154745
128	63	64	0	154758
128	58	64	0	154769
144	43	75	0	154881
144	60	75	0	155082
144	58	74	0	155082
144	63	68	0	155088
128	63	64	0	155146
128	43	64	0	155151
128	58	64	0	155157
128	60	64	0	155162
144	55	75	0	155173
128	55	64	0	155346
144	60	80	0	155363
144	63	73	0	155369
144	58	69	0	155386
128	58	64	0	155446
144	43	76	0	155471
128	63	64	0	155476
128	60	64	0	155483
144	60	84	0	155801
144	55	76	0	155806
144	63	77	0	155811
144	58	82	0	155811
128	43	64	0	155822
128	55	64	0	156024
128	60	64	0	156044
128	63	64	0	156069
128	58	64	0	156094
144	43	77	0	156100
144	57	78	0	156394
144	60	86	0	156394
144	55	76	0	156408
128	43	64	0	156413
144	63	78	0	156418
128	55	64	0	156535
128	63	64	0	156535
128	57	64	0	156562
128	60	64	0	156596
144	43	75	0	156694
144	63	70	0	156895
144	57	61	0	156905
144	60	66	0	156911
128	43	64	0	156974
128	63	64	0	156994
128	57	64	0	156994
128	60	64	0	157004
144	55	69	0	157009
128	55	64	0	157174
144	63	65	0	157194
144	60	59	0	157201
144	57	47	0	157225
128	63	64	0	157275
128	60	64	0	157294
128	57	64	0	157299
144	43	78	0	157314
144	57	77	0	157638
144	63	78	0	157644
144	60	75	0	157649
144	55	77	0	157660
128	43	64	0	157688
128	57	64	0	157920
128	63	64	0	157926
128	55	64	0	157936
128	60	64	0	157958
144	43	83	0	157966
144	64	78	0	158260
144	55	86	0	158266
144	66	73	0	158272
144	60	76	0	158285
128	43	64	0	158291
144	62	78	0	158291
128	66	64	0	158422
128	62	64	0	158427
128	55	64	0	158432
128	60	64	0	158448
128	64	64	0	158470
144	43	75	0	158579
128	43	64	0	158753
144	66	75	0	158759
144	60	59	0	158769
144	64	64	0	158775
128	66	64	0	158858
128	60	64	0	158871
128	64	64	0	158879
144	55	82	0	158900
144	60	75	0	159084
144	66	79	0	159090
144	64	71	0	159095
128	55	64	0	159120
144	43	75	0	159182
128	60	64	0	159198
128	66	64	0	159198
128	64	64	0	159205
128	43	64	0	159465
144	55	78	0	159478
144	66	86	0	159503
144	60	87	0	159508
144	64	80	0	159514
128	55	64	0	159716
128	60	64	0	159733
128	66	64	0	159759
144	43	78	0	159788
128	64	64	0	159798
144	55	78	0	160091
144	62	83	0	160097
128	43	64	0	160102
144	63	89	0	160107
144	66	84	0	160112
128	62	64	0	160200
128	63	64	0	160206
128	66	64	0	160215
128	55	64	0	160215
144	43	76	0	160403
144	62	65	0	160602
144	66	68	0	160608
144	63	69	0	160620
128	63	64	0	160676
128	66	64	0	160682
144	55	59	0	160682
128	62	64	0	160682
128	43	64	0	160724
128	55	64	0	160921
144	63	64	0	160922
144	62	55	0	160927
144	66	59	0	160934
144	43	67	0	160989
128	63	64	0	160995
128	66	64	0	161000
128	62	64	0	161007
144	63	72	0	161318
144	55	68	0	161324
144	66	71	0	161329
144	62	68	0	161334
128	43	64	0	161356
128	63	64	0	161558
128	66	64	0	161574
128	55	64	0	161584
128	62	64	0	161584
144	43	73	0	161637
144	55	71	0	161921
144	62	72	0	161940
144	68	71	0	161950
144	65	68	0	161956
128	43	64	0	161961
128	68	64	0	162001
128	62	64	0	162009
128	65	64	0	162015
128	55	64	0	162058
144	43	75	0	162228
144	62	62	0	162450
144	68	60	0	162460
144	65	57	0	162470
144	55	69	0	162507
128	43	64	0	162533
128	68	64	0	162533
128	65	64	0	162533
128	62	64	0	162545
144	68	72	0	162738
144	62	62	0	162745
128	68	64	0	162796
128	62	64	0	162817
128	55	64	0	162847
144	43	71	0	162854
144	68	76	0	163145
144	55	72	0	163152
144	65	68	0	163158
144	62	65	0	163166
128	43	64	0	163185
128	68	64	0	163375
128	55	64	0	163389
128	62	64	0	163406
128	65	64	0	163434
144	43	73	0	163443
144	55	74	0	163757
128	43	64	0	163763
144	62	66	0	163768
144	71	65	0	163773
144	67	73	0	163778
128	67	64	0	163847
128	71	64	0	163852
128	62	64	0	163861
128	55	64	0	163882
144	43	73	0	164072
144	62	49	0	164287
144	67	52	0	164292
144	71	52	0	164305
128	67	64	0	164373
128	71	64	0	164378
144	55	64	0	164378
128	62	64	0	164378
128	43	64	0	164390
144	67	59	0	164581
144	62	53	0	164590
144	71	41	0	164600
128	55	64	0	164609
128	71	64	0	164669
128	62	64	0	164676
128	67	64	0	164683
144	43	72	0	164694
144	71	79	0	165008
144	62	72	0	165008
144	67	72	0	165016
144	55	77	0	165021
128	43	64	0	165049
128	71	64	0	165198
128	62	64	0	165203
128	67	64	0	165214
128	55	64	0	165233
144	43	78	0	165301
128	43	64	0	165592
144	55	73	0	165615
144	74	79	0	165623
144	62	77	0	165628
128	74	64	0	165703
128	62	64	0	165721
128	55	64	0	165726
144	43	69	0	165917
144	62	62	0	166149
144	74	59	0	166157
144	55	70	0	166207
128	43	64	0	166226
128	74	64	0	166237
128	62	64	0	166249
144	74	69	0	166451
144	62	66	0	166456
128	55	64	0	166472
128	74	64	0	166516
128	62	64	0	166534
144	43	66	0	166560
144	74	74	0	166885
144	62	69	0	166890
144	55	75	0	166895
128	43	64	0	166912
128	55	64	0	167133
128	62	64	0	167153
128	74	64	0	167183
144	43	79	0	167198
128	43	64	0	167506
144	64	72	0	167513
144	55	75	0	167518
144	76	73	0	167523
128	76	64	0	167742
128	64	64	0	167742
128	55	64	0	167747
144	43	66	0	167836
144	64	62	0	168039
144	76	68	0	168044
128	43	64	0	168113
144	55	71	0	168128
128	76	64	0	168134
128	64	64	0	168147
144	76	76	0	168315
144	64	70	0	168321
128	55	64	0	168326
128	76	64	0	168380
128	64	64	0	168398
144	43	80	0	168445
144	64	82	0	168731
144	76	81	0	168739
144	55	77	0	168758
128	43	64	0	168774
128	64	64	0	169004
128	55	64	0	169004
128	76	64	0	169029
144	43	78	0	169041
144	65	73	0	169349
144	77	78	0	169354
144	55	75	0	169354
128	43	64	0	169367
128	77	64	0	169447
128	65	64	0	169447
128	55	64	0	169463
144	43	75	0	169666
144	65	70	0	169868
144	77	73	0	169873
144	55	78	0	169933
128	43	64	0	169943
128	77	64	0	169954
128	65	64	0	169978
144	65	72	0	170160
144	77	81	0	170160
128	55	64	0	170196
128	77	64	0	170242
128	65	64	0	170258
144	43	75	0	170267
144	65	83	0	170567
144	77	83	0	170573
144	55	80	0	170573
128	43	64	0	170584
144	76	43	0	170622
128	76	64	0	170674
128	55	64	0	170823
128	65	64	0	170853
144	43	86	0	170858
128	77	64	0	170870
144	55	81	0	171174
128	43	64	0	171174
144	78	89	0	171192
144	66	88	0	171192
128	55	64	0	171357
128	66	64	0	171368
128	78	64	0	171380
144	43	75	0	171495
144	78	78	0	171732
144	66	77	0	171732
128	43	64	0	171776
128	66	64	0	171788
128	78	64	0	171788
144	55	78	0	171801
144	78	72	0	172013
144	66	72	0	172014
128	55	64	0	172024
128	78	64	0	172062
128	66	64	0	172069
144	43	81	0	172123
144	55	68	0	172442
144	66	75	0	172450
144	78	75	0	172457
128	43	64	0	172473
128	66	64	0	172726
128	55	64	0	172746
128	78	64	0	172754
144	43	68	0	172764
144	67	69	0	173078
144	79	74	0	173086
128	43	64	0	173091
144	55	67	0	173103
144	72	71	0	173109
128	55	64	0	173166
128	72	64	0	173178
128	79	64	0	173198
128	67	64	0	173208
144	43	72	0	173361
144	79	67	0	173600
144	67	69	0	173605
144	72	60	0	173617
128	43	64	0	173653
128	79	64	0	173660
144	55	55	0	173665
128	72	64	0	173682
128	67	64	0	173687
128	55	64	0	173844
144	75	63	0	173864
144	72	52	0	173879
144	67	50	0	173902
128	75	64	0	173953
128	72	64	0	173958
144	43	84	0	173979
128	67	64	0	173984
144	79	71	0	174292
144	55	72	0	174298
128	43	64	0	174303
144	67	68	0	174308
144	75	72	0	174313
144	72	71	0	174313
128	55	64	0	174552
128	79	64	0	174590
144	43	69	0	174596
128	75	64	0	174605
128	67	64	0	174610
128	72	64	0	174615
128	43	64	0	174871
144	67	73	0	174892
144	55	78	0	174897
144	79	71	0	174897
144	74	65	0	174904
144	72	71	0	174909
128	74	64	0	174978
128	72	64	0	174983
128	79	64	0	174995
128	67	64	0	174995
128	55	64	0	175014
144	43	73	0	175184
144	79	65	0	175368
144	74	60	0	175391
144	67	59	0	175396
144	72	56	0	175404
128	79	64	0	175449
128	43	64	0	175460
128	72	64	0	175465
128	74	64	0	175470
128	67	64	0	175475
144	55	70	0	175501
128	55	64	0	175650
144	79	60	0	175655
144	74	54	0	175672
144	72	50	0	175672
144	67	39	0	175682
128	79	64	0	175740
128	74	64	0	175745
128	72	64	0	175751
144	43	77	0	175761
128	67	64	0	175761
144	79	72	0	176063
144	55	69	0	176080
144	67	59	0	176086
144	72	64	0	176091
144	74	57	0	176096
128	43	64	0	176096
128	79	64	0	176317
128	55	64	0	176328
128	67	64	0	176333
128	74	64	0	176354
128	72	64	0	176371
144	43	81	0	176376
128	43	64	0	176555
144	67	79	0	176687
144	74	67	0	176694
144	78	83	0	176700
144	72	76	0	176706
128	78	64	0	176887
128	72	64	0	176892
128	67	64	0	176901
128	74	64	0	176906
144	43	77	0	176957
144	78	64	0	177164
144	74	52	0	177169
144	67	52	0	177169
144	72	53	0	177174
128	43	64	0	177179
144	55	66	0	177208
128	72	64	0	177245
128	78	64	0	177250
128	74	64	0	177258
128	67	64	0	177283
128	55	64	0	177288
144	78	64	0	177420
144	74	63	0	177425
144	67	57	0	177425
144	72	52	0	177431
128	72	64	0	177525
144	43	77	0	177538
128	78	64	0	177550
128	74	64	0	177555
128	67	64	0	177567
144	78	73	0	177875
144	55	67	0	177880
144	74	65	0	177880
144	67	66	0	177886
144	72	73	0	177886
128	43	64	0	177908
128	67	64	0	178208
128	55	64	0	178213
128	78	64	0	178218
144	43	78	0	178223
128	72	64	0	178229
128	74	64	0	178234
144	55	59	0	178516
128	43	64	0	178526
144	67	52	0	178537
144	78	61	0	178545
144	72	63	0	178550
144	74	54	0	178555
128	78	64	0	178621
128	74	64	0	178626
128	72	64	0	178631
128	67	64	0	178646
128	55	64	0	178672
144	43	64	0	178825
144	72	53	0	179026
144	67	50	0	179031
144	78	52	0	179036
144	74	48	0	179036
128	78	64	0	179096
144	55	60	0	179112
128	74	64	0	179112
128	72	64	0	179112
128	43	64	0	179122
128	67	64	0	179140
128	55	64	0	179346
144	67	45	0	179352
144	78	45	0	179358
144	74	43	0	179380
144	72	43	0	179380
144	43	66	0	179406
128	72	64	0	179456
128	78	64	0	179456
128	74	64	0	179462
128	67	64	0	179484
144	78	51	0	179764
144	55	55	0	179770
144	67	48	0	179770
144	72	49	0	179780
128	43	64	0	179786
144	74	42	0	179786
128	78	64	0	179971
128	74	64	0	179984
128	72	64	0	179995
128	55	64	0	179995
128	67	64	0	180014
144	43	60	0	180066
144	67	48	0	180365
144	72	46	0	180379
144	78	54	0	180379
128	43	64	0	180384
144	55	54	0	180385
144	74	48	0	180391
128	78	64	0	180441
128	55	64	0	180448
128	72	64	0	180448
128	74	64	0	180456
128	67	64	0	180476
144	43	65	0	180670
144	67	50	0	180887
144	78	53	0	180892
144	72	38	0	180906
144	74	39	0	180906
128	78	64	0	180969
128	72	64	0	180979
128	74	64	0	180985
128	67	64	0	180985
144	55	47	0	181002
128	43	64	0	181002
144	78	44	0	181173
144	67	34	0	181187
144	74	38	0	181187
128	55	64	0	181195
144	72	41	0	181195
144	43	62	0	181267
128	72	64	0	181283
128	74	64	0	181283
128	67	64	0	181300
128	78	64	0	181300
144	78	51	0	181591
144	67	43	0	181607
144	72	51	0	181613
144	74	47	0	181620
144	55	51	0	181626
128	43	64	0	181626
128	78	64	0	181829
128	74	64	0	181829
128	67	64	0	181838
128	55	64	0	181838
128	72	64	0	181845
144	43	69	0	181880
128	43	64	0	182137
144	55	65	0	182199
144	81	38	0	182206
144	72	58	0	182217
144	67	39	0	182217
128	67	64	0	182348
128	81	64	0	182357
128	55	64	0	182366
128	72	64	0	182383
144	43	66	0	182508
144	72	41	0	182713
144	81	28	0	182729
144	67	32	0	182747
128	43	64	0	182761
144	55	51	0	182780
128	81	64	0	182801
128	72	64	0	182808
128	67	64	0	182813
144	72	52	0	182990
128	55	64	0	183001
144	81	25	0	183006
144	67	33	0	183011
144	43	69	0	183059
128	81	64	0	183112
128	67	64	0	183127
128	72	64	0	183132
128	43	64	0	183371
144	55	58	0	183381
144	72	48	0	183404
144	81	35	0	183417
128	55	64	0	183649
128	72	64	0	183655
144	43	73	0	183672
128	81	64	0	183772
128	43	64	0	183928
144	72	61	0	184003
144	55	58	0	184008
144	81	57	0	184021
144	78	59	0	184026
144	75	67	0	184026
128	78	64	0	184114
128	75	64	0	184132
128	72	64	0	184132
128	81	64	0	184164
128	55	64	0	184181
144	43	66	0	184327
144	72	56	0	184523
144	81	50	0	184528
144	75	55	0	184557
144	78	50	0	184562
128	75	64	0	184616
128	43	64	0	184621
128	78	64	0	184626
128	81	64	0	184631
128	72	64	0	184636
144	55	61	0	184646
128	55	64	0	184826
144	81	50	0	184836
144	72	55	0	184851
144	75	42	0	184866
144	78	42	0	184871
144	43	62	0	184927
128	78	64	0	184934
128	75	64	0	184934
128	72	64	0	184944
128	81	64	0	184957
144	72	57	0	185247
144	81	60	0	185252
128	43	64	0	185257
144	55	58	0	185263
144	78	61	0	185272
144	75	55	0	185277
128	75	64	0	185512
128	55	64	0	185517
128	72	64	0	185526
144	43	71	0	185547
128	78	64	0	185552
128	81	64	0	185573
128	43	64	0	185850
144	55	66	0	185855
144	74	59	0	185876
144	81	63	0	185881
144	78	68	0	185893
128	78	64	0	186023
128	74	64	0	186028
128	81	64	0	186035
128	55	64	0	186114
144	43	62	0	186189
144	81	52	0	186384
144	74	44	0	186389
144	78	56	0	186395
128	78	64	0	186456
128	43	64	0	186461
128	81	64	0	186466
144	55	62	0	186476
128	74	64	0	186488
144	81	52	0	186692
128	55	64	0	186701
144	74	43	0	186706
144	78	43	0	186706
128	78	64	0	186771
128	81	64	0	186771
144	43	68	0	186788
128	74	64	0	186788
144	74	57	0	187113
144	78	59	0	187113
144	81	54	0	187120
144	55	60	0	187120
128	43	64	0	187127
128	78	64	0	187310
128	81	64	0	187365
128	74	64	0	187396
128	55	64	0	187396
144	43	62	0	187419
128	43	64	0	187671
144	86	67	0	187733
144	55	58	0	187733
144	74	55	0	187742
144	79	63	0	187757
128	79	64	0	187815
128	74	64	0	187835
128	86	64	0	187841
128	55	64	0	187871
144	43	64	0	188031
144	86	61	0	188217
144	74	42	0	188241
144	79	52	0	188251
128	43	64	0	188288
128	86	64	0	188295
144	55	54	0	188301
128	79	64	0	188316
128	74	64	0	188329
128	55	64	0	188456
144	86	62	0	188509
144	74	52	0	188509
144	79	46	0	188531
128	86	64	0	188582
128	79	64	0	188601
128	74	64	0	188607
144	43	65	0	188641
128	43	64	0	188945
144	86	63	0	188950
144	55	55	0	188950
144	74	60	0	188959
144	79	63	0	188985
128	86	64	0	189107
128	74	64	0	189240
128	79	64	0	189266
128	55	64	0	189285
144	43	67	0	189285
144	86	50	0	189617
144	55	58	0	189617
144	74	52	0	189625
128	43	64	0	189625
144	79	55	0	189643
128	55	64	0	189701
128	79	64	0	189708
128	86	64	0	189713
128	74	64	0	189719
144	43	62	0	189916
144	86	53	0	190081
144	74	38	0	190105
144	79	50	0	190115
128	86	64	0	190169
128	79	64	0	190184
128	74	64	0	190199
128	43	64	0	190212
144	55	54	0	190217
144	86	53	0	190407
128	55	64	0	190413
144	74	31	0	190423
144	79	36	0	190441
128	86	64	0	190495
144	43	68	0	190505
128	79	64	0	190523
128	74	64	0	190532
144	86	62	0	190826
128	43	64	0	190836
144	74	48	0	190842
144	55	58	0	190842
144	79	58	0	190864
128	86	64	0	191067
128	55	64	0	191067
128	74	64	0	191092
128	79	64	0	191121
144	43	66	0	191139
144	86	58	0	191450
128	43	64	0	191450
144	74	52	0	191458
144	55	60	0	191458
144	79	61	0	191467
128	86	64	0	191550
128	74	64	0	191571
128	79	64	0	191583
128	55	64	0	191613
144	43	64	0	191794
144	86	48	0	191994
144	74	42	0	192000
144	79	44	0	192029
128	43	64	0	192067
128	86	64	0	192085
144	55	55	0	192096
128	79	64	0	192096
128	74	64	0	192107
128	55	64	0	192275
144	74	41	0	192329
144	86	34	0	192329
144	79	44	0	192345
128	86	64	0	192392
128	79	64	0	192414
144	43	66	0	192420
128	74	64	0	192425
128	43	64	0	192740
144	86	58	0	192747
144	55	47	0	192757
144	74	48	0	192762
144	79	57	0	192767
128	55	64	0	193005
128	86	64	0	193015
128	74	64	0	193039
128	79	64	0	193053
144	43	64	0	193060
144	86	50	0	193372
144	55	51	0	193388
128	43	64	0	193393
144	74	47	0	193398
144	79	52	0	193403
128	86	64	0	193455
128	55	64	0	193462
128	79	64	0	193467
128	74	64	0	193477
144	43	62	0	193676
144	74	36	0	193900
144	79	35	0	193925
128	43	64	0	193964
144	55	52	0	193993
128	79	64	0	193998
128	74	64	0	194003
128	55	64	0	194203
144	86	43	0	194208
144	74	35	0	194213
144	79	24	0	194268
144	43	62	0	194296
128	86	64	0	194317
128	79	64	0	194328
128	74	64	0	194333
128	43	64	0	194634
144	86	65	0	194639
144	55	59	0	194649
144	74	55	0	194654
144	79	65	0	194669
128	86	64	0	197542
128	74	64	0	197553
128	55	64	0	197561
128	79	64	0	197578
