144	55	66	0	3440
144	62	62	0	3447
144	54	63	0	3752
128	55	64	0	3752
128	62	64	0	3782
144	66	57	0	3793
144	63	60	0	3803
128	54	64	0	5539
128	63	64	0	5546
128	66	64	0	5563
144	55	65	0	5889
144	62	58	0	5898
128	55	64	0	6214
144	54	63	0	6214
144	66	64	0	6232
128	62	64	0	6244
144	63	53	0	6262
128	54	64	0	6540
128	66	64	0	6545
144	59	69	0	6545
128	63	64	0	6551
144	62	74	0	6560
128	59	64	0	6809
144	54	61	0	6827
128	62	64	0	6841
144	66	58	0	6841
144	63	51	0	6866
128	66	64	0	7087
128	54	64	0	7087
128	63	64	0	7101
144	55	61	0	7125
144	62	69	0	7130
128	55	64	0	7413
144	54	61	0	7424
128	62	64	0	7429
144	66	65	0	7429
144	63	52	0	7462
128	66	64	0	7678
128	63	64	0	7707
144	59	65	0	7712
128	54	64	0	7717
144	62	69	0	7727
128	59	64	0	7995
144	54	63	0	8000
144	66	59	0	8011
128	62	64	0	8016
144	63	53	0	8030
128	66	64	0	8246
128	54	64	0	8278
128	63	64	0	8284
144	62	72	0	8295
144	55	78	0	8295
144	66	61	0	8586
128	55	64	0	8591
144	54	59	0	8599
128	62	64	0	8599
144	63	52	0	8616
128	66	64	0	8833
128	63	64	0	8863
128	54	64	0	8869
144	62	74	0	8878
144	59	76	0	8883
128	59	64	0	9158
144	54	65	0	9169
144	66	61	0	9169
128	62	64	0	9177
144	63	51	0	9206
128	66	64	0	9434
128	54	64	0	9454
128	63	64	0	9454
144	55	74	0	9479
144	62	69	0	9479
128	55	64	0	9754
144	66	60	0	9773
128	62	64	0	9778
144	54	59	0	9790
144	63	47	0	9814
128	66	64	0	10064
128	54	64	0	10071
128	63	64	0	10082
144	59	73	0	10082
144	62	70	0	10103
128	59	64	0	10390
144	54	59	0	10441
128	62	64	0	10441
144	66	52	0	10454
144	63	55	0	10472
128	66	64	0	10827
128	54	64	0	10832
128	63	64	0	10851
144	62	70	0	10862
144	55	70	0	10862
144	66	60	0	11216
128	55	64	0	11222
128	62	64	0	11228
144	54	60	0	11233
144	63	52	0	11249
128	54	64	0	11549
128	66	64	0	11566
128	63	64	0	11572
144	59	72	0	11577
144	62	69	0	11589
128	59	64	0	11789
144	54	60	0	11803
128	62	64	0	11820
144	66	52	0	11831
144	63	43	0	11841
128	66	64	0	12042
128	54	64	0	12042
128	63	64	0	12078
144	62	61	0	12100
144	55	73	0	12100
144	54	52	0	12357
128	55	64	0	12357
128	62	64	0	12379
144	66	58	0	12388
144	63	47	0	12420
128	66	64	0	12636
128	54	64	0	12643
128	63	64	0	12666
144	59	68	0	12688
144	62	62	0	12706
128	59	64	0	12937
144	54	58	0	12951
128	62	64	0	12965
144	66	55	0	12981
144	63	44	0	13016
128	66	64	0	13246
128	54	64	0	13274
128	63	64	0	13287
144	55	68	0	13295
144	62	66	0	13308
128	55	64	0	13581
144	54	61	0	13604
144	66	63	0	13604
128	62	64	0	13623
144	63	47	0	13660
128	66	64	0	13821
128	54	64	0	13875
128	63	64	0	13895
144	52	67	0	13904
144	60	73	0	13922
128	52	64	0	14192
144	66	65	0	14197
144	54	61	0	14206
128	60	64	0	14214
144	63	58	0	14231
128	66	64	0	14435
128	54	64	0	14488
128	63	64	0	14495
144	62	75	0	14495
144	55	79	0	14512
144	66	60	0	14782
128	55	64	0	14792
144	54	66	0	14804
128	62	64	0	14812
144	63	55	0	14841
128	66	64	0	15000
128	54	64	0	15051
128	63	64	0	15091
144	52	60	0	15111
144	60	62	0	15122
128	52	64	0	15394
144	54	59	0	15403
144	66	61	0	15408
128	60	64	0	15414
144	63	43	0	15458
128	66	64	0	15618
128	54	64	0	15667
128	63	64	0	15680
144	62	72	0	15703
144	55	75	0	15703
128	55	64	0	15946
144	54	53	0	15968
144	66	52	0	15978
128	62	64	0	15984
144	63	44	0	16021
128	66	64	0	16058
128	54	64	0	16225
128	63	64	0	16256
144	59	76	0	16279
144	62	69	0	16287
128	59	64	0	16473
144	54	56	0	16496
128	62	64	0	16504
144	66	56	0	16517
128	54	64	0	16558
144	63	28	0	16558
128	66	64	0	16569
128	63	64	0	16620
144	55	75	0	16787
144	62	72	0	16788
128	55	64	0	17034
128	62	64	0	17044
144	54	61	0	17044
144	66	55	0	17056
144	63	47	0	17087
128	66	64	0	17117
128	54	64	0	17117
128	63	64	0	17157
144	59	76	0	17325
144	62	73	0	17325
128	59	64	0	17583
144	66	60	0	17589
144	54	67	0	17596
128	62	64	0	17610
144	63	54	0	17615
128	66	64	0	17644
128	54	64	0	17663
128	63	64	0	17677
144	62	74	0	17882
144	55	79	0	17882
144	54	66	0	18152
144	66	61	0	18152
128	55	64	0	18170
128	62	64	0	18177
144	63	59	0	18186
128	66	64	0	18220
128	54	64	0	18367
128	63	64	0	18399
144	59	80	0	18424
144	62	75	0	18430
128	59	64	0	18646
128	62	64	0	18670
144	66	61	0	18675
144	54	65	0	18675
144	63	50	0	18710
128	66	64	0	18736
128	63	64	0	18787
128	54	64	0	18835
144	55	77	0	18942
144	62	77	0	18963
128	55	64	0	19184
128	62	64	0	19202
144	54	59	0	19214
144	66	56	0	19227
144	63	49	0	19243
128	66	64	0	19288
128	63	64	0	19322
128	54	64	0	19375
144	59	77	0	19469
144	62	75	0	19484
128	59	64	0	19680
144	54	68	0	19712
128	62	64	0	19722
144	66	60	0	19740
144	63	53	0	19756
128	66	64	0	19813
128	63	64	0	19954
128	54	64	0	19959
144	55	85	0	19990
144	62	78	0	19995
128	55	64	0	20245
144	66	65	0	20250
128	62	64	0	20256
144	54	64	0	20265
144	63	52	0	20304
128	66	64	0	20422
128	54	64	0	20485
128	63	64	0	20498
144	52	78	0	20509
144	60	87	0	20516
144	66	71	0	20737
128	60	64	0	20752
128	52	64	0	20762
144	54	64	0	20768
144	63	60	0	20777
128	66	64	0	20886
128	63	64	0	20987
128	54	64	0	21000
144	62	85	0	21008
144	55	75	0	21029
144	66	67	0	21252
128	55	64	0	21262
128	62	64	0	21269
144	54	68	0	21274
144	63	55	0	21326
128	66	64	0	21368
128	54	64	0	21485
128	63	64	0	21505
144	52	84	0	21514
144	60	87	0	21530
144	66	72	0	21744
128	60	64	0	21752
128	52	64	0	21752
144	54	70	0	21760
144	63	64	0	21787
128	66	64	0	21875
128	63	64	0	21995
128	54	64	0	22000
144	62	84	0	22005
144	55	87	0	22027
128	55	64	0	22253
144	66	76	0	22253
128	62	64	0	22262
144	54	75	0	22284
144	63	70	0	22295
128	66	64	0	22403
128	63	64	0	22493
128	54	64	0	22493
144	59	84	0	22506
144	51	67	0	22517
144	54	72	0	22732
128	51	64	0	22740
144	66	82	0	22749
128	59	64	0	22766
144	63	68	0	22777
128	66	64	0	22885
144	62	82	0	22983
128	63	64	0	22983
128	54	64	0	22992
144	55	93	0	23015
144	66	72	0	23226
128	62	64	0	23242
128	55	64	0	23242
144	54	73	0	23250
144	63	63	0	23287
128	66	64	0	23352
128	54	64	0	23487
128	63	64	0	23501
144	51	69	0	23514
144	59	87	0	23520
144	66	80	0	23761
128	51	64	0	23775
144	54	72	0	23780
128	59	64	0	23785
144	63	66	0	23797
128	66	64	0	23930
128	54	64	0	24019
144	62	84	0	24029
128	63	64	0	24034
144	55	90	0	24041
144	54	70	0	24297
128	55	64	0	24297
144	66	69	0	24304
128	62	64	0	24322
144	63	66	0	24347
128	66	64	0	24418
128	54	64	0	24529
128	63	64	0	24552
144	52	72	0	24572
144	60	81	0	24572
144	53	58	0	24578
128	53	64	0	24640
144	66	67	0	24808
128	60	64	0	24819
128	52	64	0	24824
144	54	68	0	24829
144	63	53	0	24916
128	66	64	0	24999
128	63	64	0	25081
128	54	64	0	25091
144	62	83	0	25106
144	55	90	0	25106
144	66	65	0	25322
128	62	64	0	25337
128	55	64	0	25347
144	54	66	0	25353
144	63	64	0	25372
128	66	64	0	25458
128	54	64	0	25559
128	63	64	0	25585
144	52	78	0	25596
144	60	75	0	25608
128	52	64	0	25831
128	60	64	0	25848
144	54	66	0	25848
144	66	63	0	25855
144	63	61	0	25893
128	66	64	0	25962
128	54	64	0	26091
128	63	64	0	26091
144	62	69	0	26119
144	55	78	0	26137
128	55	64	0	26365
128	62	64	0	26372
144	66	61	0	26385
144	54	59	0	26423
144	63	53	0	26438
128	66	64	0	26452
128	63	64	0	26627
128	54	64	0	26627
144	51	66	0	26663
144	59	64	0	26671
128	51	64	0	26872
144	54	63	0	26905
144	66	70	0	26905
128	59	64	0	26913
144	63	57	0	26967
128	66	64	0	27060
128	54	64	0	27147
128	63	64	0	27160
144	62	74	0	27182
144	51	63	0	27198
128	62	64	0	27467
144	66	66	0	27474
144	54	63	0	27508
128	51	64	0	27526
144	63	61	0	27533
128	66	64	0	27595
128	54	64	0	27720
144	51	55	0	27745
128	63	64	0	27759
144	62	75	0	27775
128	51	64	0	27986
144	54	66	0	28010
144	66	65	0	28034
128	62	64	0	28040
144	63	64	0	28065
128	66	64	0	28187
128	63	64	0	28313
128	54	64	0	28313
144	62	78	0	28338
144	55	85	0	28343
128	55	64	0	28566
128	62	64	0	28566
144	66	59	0	28579
144	54	60	0	28592
144	63	53	0	28615
128	66	64	0	28666
128	63	64	0	28794
128	54	64	0	28815
144	62	59	0	28839
144	55	66	0	28863
128	55	64	0	29067
128	62	64	0	29067
144	54	56	0	29079
144	66	52	0	29085
144	63	42	0	29121
128	66	64	0	29251
128	54	64	0	29309
128	63	64	0	29309
144	62	56	0	29334
144	55	66	0	29345
128	55	64	0	29574
144	54	60	0	29579
128	62	64	0	29586
144	66	56	0	29595
144	63	44	0	29621
128	66	64	0	29796
128	54	64	0	29819
144	59	67	0	29819
128	63	64	0	29825
144	62	60	0	29850
128	59	64	0	30056
128	62	64	0	30080
144	66	55	0	30089
144	58	54	0	30089
144	63	56	0	30105
128	66	64	0	30292
128	58	64	0	30297
144	59	69	0	30322
128	63	64	0	30322
144	62	59	0	30365
128	59	64	0	30556
144	54	64	0	30573
144	66	60	0	30582
128	62	64	0	30589
144	63	53	0	30615
128	66	64	0	30757
128	54	64	0	30799
128	63	64	0	30809
144	55	71	0	30827
144	62	62	0	30842
128	55	64	0	31061
144	66	64	0	31076
144	54	61	0	31081
128	62	64	0	31087
144	63	58	0	31096
128	54	64	0	31282
128	66	64	0	31299
128	63	64	0	31314
144	59	77	0	31320
144	62	70	0	31337
128	59	64	0	31542
128	62	64	0	31550
144	63	70	0	31555
144	58	59	0	31562
128	63	64	0	31769
128	58	64	0	31789
144	59	71	0	31800
144	62	69	0	31805
128	59	64	0	32047
144	58	68	0	32052
144	66	70	0	32062
128	62	64	0	32069
128	58	64	0	32286
144	60	82	0	32314
128	66	64	0	32322
144	62	81	0	32330
128	60	64	0	32549
144	63	70	0	32556
128	62	64	0	32561
144	58	64	0	32566
128	58	64	0	32794
128	63	64	0	32806
144	59	68	0	32819
144	62	69	0	32827
128	59	64	0	33059
128	62	64	0	33070
144	63	67	0	33075
144	57	61	0	33080
144	56	63	0	33294
128	57	64	0	33299
128	63	64	0	33309
144	62	64	0	33353
144	66	27	0	33365
128	66	64	0	33405
128	56	64	0	33519
144	55	72	0	33557
144	66	64	0	33593
128	62	64	0	33611
128	55	64	0	33842
144	54	72	0	33851
128	54	64	0	34107
144	55	76	0	34134
144	62	60	0	34145
128	66	64	0	34157
128	55	64	0	34416
144	54	69	0	34426
144	66	72	0	34433
144	63	69	0	34439
128	62	64	0	34445
128	63	64	0	35963
144	63	12	0	36105
128	66	64	0	36266
128	63	64	0	36299
128	54	64	0	36338
144	63	78	0	36442
144	66	69	0	36451
128	63	64	0	37098
144	62	69	0	37104
144	55	66	0	37109
128	66	64	0	37122
128	55	64	0	37398
128	62	64	0	37406
144	55	80	0	37594
144	62	71	0	37603
128	55	64	0	37792
128	62	64	0	37801
144	55	58	0	38082
144	62	62	0	38102
128	55	64	0	38241
128	62	64	0	38248
144	55	64	0	38552
144	62	68	0	38562
144	66	54	0	38790
128	62	64	0	38795
128	55	64	0	38800
144	54	50	0	38805
144	63	56	0	38811
128	54	64	0	39001
128	66	64	0	39022
128	63	64	0	39022
144	59	74	0	39041
144	62	62	0	39049
128	59	64	0	39236
144	54	57	0	39250
144	66	51	0	39262
128	62	64	0	39272
144	63	30	0	39319
128	66	64	0	39472
128	54	64	0	39477
128	63	64	0	39501
144	55	69	0	39511
144	62	66	0	39528
128	55	64	0	39698
128	62	64	0	39709
144	55	61	0	40000
144	62	45	0	40018
128	55	64	0	40148
128	62	64	0	40157
144	62	60	0	40468
144	55	69	0	40468
128	55	64	0	40603
128	62	64	0	40624
144	62	62	0	40946
144	55	64	0	40946
128	62	64	0	41169
144	66	58	0	41175
144	54	63	0	41180
128	55	64	0	41188
144	63	53	0	41198
128	66	64	0	41353
128	54	64	0	41360
128	63	64	0	41400
144	62	64	0	41417
144	59	68	0	41422
144	54	60	0	41605
128	59	64	0	41610
128	62	64	0	41650
144	66	48	0	41666
144	63	37	0	41700
128	66	64	0	41835
128	54	64	0	41864
128	63	64	0	41870
144	55	82	0	41897
144	62	72	0	41905
128	55	64	0	42098
128	62	64	0	42116
144	62	62	0	42372
144	55	71	0	42377
128	55	64	0	42505
128	62	64	0	42522
144	55	64	0	42832
144	62	58	0	42839
128	55	64	0	42985
128	62	64	0	43016
144	62	66	0	43277
144	55	73	0	43283
144	66	58	0	43490
128	55	64	0	43496
144	54	58	0	43501
128	62	64	0	43506
144	63	59	0	43532
128	66	64	0	43651
128	63	64	0	43711
128	54	64	0	43711
144	60	71	0	43722
144	52	69	0	43741
144	54	57	0	43912
128	52	64	0	43928
128	60	64	0	43956
144	66	59	0	43969
144	63	55	0	44001
128	66	64	0	44107
128	54	64	0	44149
128	63	64	0	44176
144	55	76	0	44183
144	62	78	0	44190
144	66	55	0	44398
128	55	64	0	44398
128	62	64	0	44404
144	54	55	0	44404
144	63	55	0	44452
128	66	64	0	44469
128	63	64	0	44547
128	54	64	0	44599
144	59	58	0	44652
144	50	77	0	44664
144	66	70	0	44884
128	50	64	0	44893
128	59	64	0	44893
144	54	61	0	44902
144	63	63	0	44918
128	66	64	0	45034
128	54	64	0	45105
128	63	64	0	45106
144	55	86	0	45138
144	62	79	0	45144
144	54	61	0	45358
128	55	64	0	45358
144	66	61	0	45358
128	62	64	0	45373
144	63	49	0	45423
128	66	64	0	45497
128	54	64	0	45560
128	63	64	0	45583
144	52	77	0	45613
144	60	78	0	45613
128	52	64	0	45816
144	54	64	0	45816
128	60	64	0	45824
144	66	69	0	45824
144	63	58	0	45868
128	66	64	0	45978
128	54	64	0	46054
128	63	64	0	46059
144	62	78	0	46083
144	55	85	0	46083
128	55	64	0	46292
144	54	66	0	46298
128	62	64	0	46304
144	66	70	0	46304
144	63	57	0	46359
128	66	64	0	46441
128	54	64	0	46497
128	63	64	0	46516
144	50	82	0	46539
144	59	84	0	46559
144	66	73	0	46771
144	54	64	0	46771
128	50	64	0	46786
128	59	64	0	46795
144	63	54	0	46825
128	66	64	0	46878
128	63	64	0	46976
128	54	64	0	46986
144	59	84	0	47003
144	50	88	0	47016
144	66	73	0	47236
144	54	70	0	47236
128	50	64	0	47243
144	63	65	0	47263
128	59	64	0	47263
128	66	64	0	47389
128	63	64	0	47458
128	54	64	0	47473
144	59	80	0	47479
144	50	86	0	47487
128	50	64	0	47689
144	54	68	0	47702
144	66	71	0	47718
128	59	64	0	47727
144	63	60	0	47754
128	66	64	0	47831
128	63	64	0	47893
128	54	64	0	47923
144	59	78	0	47930
144	50	81	0	47938
128	50	64	0	48148
144	54	70	0	48160
128	59	64	0	48165
144	66	67	0	48172
144	63	51	0	48213
128	66	64	0	48307
128	63	64	0	48329
128	54	64	0	48361
144	59	82	0	48384
144	51	70	0	48390
128	51	64	0	48592
144	66	67	0	48608
144	54	49	0	48614
128	59	64	0	48626
144	63	55	0	48641
128	63	64	0	48723
128	66	64	0	48771
128	54	64	0	48786
144	51	56	0	48835
144	59	70	0	48842
128	51	64	0	48987
144	54	50	0	49009
144	66	66	0	49073
128	59	64	0	49083
144	63	38	0	49127
128	54	64	0	49171
144	51	48	0	49213
128	66	64	0	49255
128	63	64	0	49283
144	59	72	0	49294
144	54	51	0	49418
128	51	64	0	49425
128	59	64	0	49516
144	66	67	0	49522
144	63	59	0	49544
128	66	64	0	49658
128	63	64	0	49689
128	54	64	0	49700
144	59	76	0	49719
144	51	68	0	49728
144	66	70	0	49927
128	59	64	0	49947
144	63	55	0	49965
144	54	61	0	49965
128	51	64	0	49973
128	66	64	0	50110
128	54	64	0	50143
128	63	64	0	50161
144	59	78	0	50178
144	50	80	0	50190
144	54	72	0	50404
128	50	64	0	50409
144	66	70	0	50409
128	59	64	0	50420
144	63	63	0	50441
128	66	64	0	50619
128	54	64	0	50633
128	63	64	0	50633
144	51	66	0	50642
144	59	75	0	50659
144	66	58	0	50861
128	59	64	0	50875
128	51	64	0	50881
144	63	52	0	50886
144	54	63	0	50893
128	66	64	0	51048
128	63	64	0	51083
128	54	64	0	51097
144	59	64	0	51106
144	50	68	0	51111
128	50	64	0	51267
144	54	54	0	51296
144	66	63	0	51313
128	59	64	0	51319
144	63	51	0	51342
128	66	64	0	51480
128	63	64	0	51508
128	54	64	0	51514
144	59	62	0	51520
144	51	66	0	51526
128	51	64	0	51733
144	66	54	0	51739
144	54	58	0	51752
128	59	64	0	51752
144	63	55	0	51759
128	66	64	0	51909
128	63	64	0	51909
144	59	55	0	51959
128	54	64	0	51965
144	50	58	0	51987
128	50	64	0	52152
128	59	64	0	52182
144	54	45	0	52190
144	66	51	0	52190
144	63	23	0	52260
128	63	64	0	52347
128	66	64	0	52363
128	54	64	0	52378
144	51	58	0	52411
144	59	49	0	52417
128	51	64	0	52619
144	66	51	0	52625
128	59	64	0	52630
144	54	58	0	52642
144	63	42	0	52660
128	66	64	0	52815
128	63	64	0	52815
144	59	60	0	52865
128	54	64	0	52865
144	50	53	0	52895
128	50	64	0	53083
144	66	55	0	53084
128	59	64	0	53102
144	54	57	0	53115
144	63	46	0	53142
128	66	64	0	53266
128	54	64	0	53304
128	63	64	0	53304
144	51	60	0	53326
144	59	54	0	53337
128	51	64	0	53516
144	54	68	0	53534
144	66	59	0	53567
128	59	64	0	53589
144	63	53	0	53611
128	66	64	0	53727
128	54	64	0	53747
128	63	64	0	53747
144	59	62	0	53795
144	47	58	0	53795
128	47	64	0	53930
144	54	60	0	53983
128	59	64	0	53990
144	66	55	0	54000
144	63	51	0	54034
128	63	64	0	54163
128	66	64	0	54168
128	54	64	0	54220
144	59	59	0	54231
144	51	53	0	54277
144	66	55	0	54452
128	59	64	0	54470
128	51	64	0	54470
144	54	55	0	54491
144	63	51	0	54496
128	66	64	0	54630
128	54	64	0	54670
128	63	64	0	54676
144	55	64	0	54703
144	59	58	0	54703
128	55	64	0	54907
144	66	52	0	54922
144	54	59	0	54936
128	59	64	0	54941
144	63	50	0	54958
128	66	64	0	55090
128	63	64	0	55118
128	54	64	0	55132
144	59	53	0	55166
144	52	62	0	55175
128	52	64	0	55388
144	66	54	0	55394
128	59	64	0	55400
144	54	59	0	55405
144	63	52	0	55433
128	66	64	0	55567
128	63	64	0	55592
128	54	64	0	55612
144	59	60	0	55646
144	55	69	0	55646
128	55	64	0	55862
128	59	64	0	55871
144	54	60	0	55876
144	66	49	0	55881
144	63	46	0	55919
128	63	64	0	56004
128	66	64	0	56010
128	54	64	0	56064
144	55	66	0	56102
144	59	58	0	56107
144	66	45	0	56283
128	59	64	0	56293
128	55	64	0	56323
144	63	49	0	56335
144	54	57	0	56369
128	66	64	0	56472
128	63	64	0	56518
128	54	64	0	56523
144	59	51	0	56560
144	55	64	0	56581
128	55	64	0	56770
144	66	57	0	56783
128	59	64	0	56802
144	54	58	0	56808
144	63	54	0	56818
128	66	64	0	56967
128	54	64	0	57006
128	63	64	0	57020
144	55	69	0	57031
144	59	59	0	57040
128	59	64	0	57246
144	66	65	0	57252
128	55	64	0	57257
144	54	59	0	57262
144	63	46	0	57291
128	66	64	0	57420
128	54	64	0	57445
128	63	64	0	57490
144	59	71	0	57495
144	62	66	0	57510
128	59	64	0	57707
144	66	60	0	57714
128	62	64	0	57720
144	54	61	0	57731
144	63	55	0	57746
128	66	64	0	57897
128	54	64	0	57944
128	63	64	0	57952
144	55	67	0	57976
144	62	60	0	57983
128	55	64	0	58185
144	54	55	0	58202
128	62	64	0	58208
144	66	50	0	58213
144	63	53	0	58235
128	66	64	0	58416
128	54	64	0	58422
128	63	64	0	58435
144	59	71	0	58441
144	62	64	0	58454
144	54	57	0	58646
128	59	64	0	58656
144	66	56	0	58674
128	62	64	0	58682
144	63	58	0	58708
128	66	64	0	58808
128	54	64	0	58887
128	63	64	0	58893
144	62	64	0	58903
144	55	71	0	58918
128	55	64	0	59127
144	54	61	0	59127
144	66	59	0	59138
128	62	64	0	59156
144	63	51	0	59203
128	66	64	0	59308
128	54	64	0	59353
128	63	64	0	59353
144	52	69	0	59390
144	60	66	0	59398
128	52	64	0	59587
144	66	59	0	59597
128	60	64	0	59603
144	54	53	0	59613
144	63	51	0	59653
128	66	64	0	59769
128	54	64	0	59809
128	63	64	0	59823
144	55	69	0	59833
144	62	59	0	59858
144	66	52	0	60032
128	62	64	0	60043
128	55	64	0	60074
144	54	58	0	60074
144	63	55	0	60081
128	66	64	0	60219
128	54	64	0	60272
128	63	64	0	60272
144	62	58	0	60301
144	59	64	0	60317
144	66	55	0	60516
128	59	64	0	60517
144	54	59	0	60523
128	62	64	0	60533
144	63	49	0	60578
128	66	64	0	60693
128	54	64	0	60731
128	63	64	0	60743
144	55	68	0	60770
144	62	62	0	60776
144	66	55	0	60968
128	62	64	0	60973
128	55	64	0	60994
144	63	55	0	61000
144	54	59	0	61036
128	66	64	0	61152
128	54	64	0	61171
128	63	64	0	61186
144	62	62	0	61212
144	55	69	0	61240
128	55	64	0	61421
128	62	64	0	61436
144	66	55	0	61441
144	54	58	0	61447
144	63	51	0	61469
128	63	64	0	61599
128	66	64	0	61626
128	54	64	0	61646
144	55	69	0	61693
144	62	54	0	61698
128	55	64	0	61882
128	62	64	0	61892
144	66	48	0	61892
144	54	56	0	61899
144	63	47	0	61952
128	63	64	0	62080
128	66	64	0	62091
128	54	64	0	62108
144	55	75	0	62145
144	62	62	0	62154
144	66	58	0	62365
128	62	64	0	62377
128	55	64	0	62377
144	50	60	0	62396
144	63	47	0	62402
128	66	64	0	62575
128	50	64	0	62588
128	63	64	0	62604
144	55	66	0	62621
144	62	59	0	62637
128	55	64	0	62833
128	62	64	0	62833
144	66	61	0	62850
144	50	51	0	62878
144	63	51	0	62883
128	66	64	0	63050
128	63	64	0	63055
128	50	64	0	63074
144	55	65	0	63080
144	62	62	0	63093
128	62	64	0	63313
128	55	64	0	63318
144	66	54	0	63324
144	63	52	0	63347
144	50	49	0	63353
128	66	64	0	63533
128	63	64	0	63546
128	50	64	0	63552
144	55	63	0	63560
144	62	58	0	63570
128	55	64	0	63786
128	62	64	0	63800
144	50	62	0	63817
144	63	58	0	63834
144	67	67	0	63854
128	63	64	0	63971
144	55	56	0	64029
128	50	64	0	64034
128	67	64	0	64055
144	62	52	0	64060
128	55	64	0	64257
128	62	64	0	64275
144	50	64	0	64280
144	67	63	0	64286
144	63	61	0	64305
128	67	64	0	64482
128	50	64	0	64498
128	63	64	0	64508
144	62	62	0	64522
144	55	59	0	64527
144	67	63	0	64744
144	50	63	0	64752
128	55	64	0	64772
128	62	64	0	64777
144	63	67	0	64785
128	67	64	0	64974
128	50	64	0	64982
144	55	69	0	64988
144	62	70	0	65006
128	63	64	0	65011
144	50	72	0	65206
128	55	64	0	65215
144	67	71	0	65226
144	63	72	0	65231
128	62	64	0	65260
128	50	64	0	65435
144	55	72	0	65451
128	67	64	0	65458
144	62	75	0	65466
128	63	64	0	65479
144	67	70	0	65656
144	50	70	0	65661
128	55	64	0	65675
128	62	64	0	65695
144	63	59	0	65717
128	50	64	0	65881
144	55	71	0	65894
144	62	77	0	65899
128	67	64	0	65905
128	63	64	0	65911
144	50	75	0	66104
128	55	64	0	66104
144	66	70	0	66143
128	62	64	0	66167
128	50	64	0	66330
144	55	64	0	66342
128	66	64	0	66363
144	62	75	0	66378
144	50	70	0	66560
144	66	64	0	66576
128	55	64	0	66582
144	69	61	0	66582
128	62	64	0	66612
128	50	64	0	66788
144	55	66	0	66807
128	66	64	0	66807
144	62	72	0	66822
128	69	64	0	66827
144	50	68	0	67014
128	55	64	0	67023
144	69	60	0	67058
144	66	66	0	67063
128	62	64	0	67073
128	50	64	0	67268
128	69	64	0	67280
128	66	64	0	67280
144	55	60	0	67290
144	62	69	0	67295
128	55	64	0	67492
144	50	58	0	67499
128	62	64	0	67519
144	69	65	0	67537
144	66	62	0	67571
128	50	64	0	67718
128	66	64	0	67723
144	55	66	0	67740
144	62	70	0	67745
128	69	64	0	67751
144	50	65	0	67949
128	55	64	0	67958
128	62	64	0	67994
144	63	67	0	67999
144	67	37	0	68013
128	67	64	0	68174
128	50	64	0	68189
144	62	68	0	68204
128	63	64	0	68209
144	55	59	0	68220
144	50	64	0	68405
128	55	64	0	68405
128	62	64	0	68435
144	67	60	0	68435
144	63	55	0	68461
128	67	64	0	68579
128	50	64	0	68641
128	63	64	0	68660
144	62	61	0	68665
144	55	63	0	68671
144	50	60	0	68879
128	55	64	0	68885
144	67	62	0	68898
128	62	64	0	68898
144	63	58	0	68937
128	67	64	0	69079
128	50	64	0	69110
144	55	64	0	69140
128	63	64	0	69145
144	62	62	0	69158
128	55	64	0	69338
144	50	64	0	69338
144	66	64	0	69374
128	62	64	0	69385
144	63	62	0	69398
128	50	64	0	69576
128	63	64	0	69583
144	55	62	0	69597
128	66	64	0	69602
144	62	58	0	69602
144	50	64	0	69812
128	55	64	0	69821
128	62	64	0	69834
144	66	67	0	69840
144	63	58	0	69876
128	50	64	0	70040
128	66	64	0	70040
128	63	64	0	70046
144	62	68	0	70055
144	55	62	0	70061
128	62	64	0	70217
144	50	62	0	70274
128	55	64	0	70281
144	66	67	0	70304
144	60	72	0	70316
144	63	41	0	70400
128	66	64	0	70485
128	63	64	0	70511
128	50	64	0	70516
128	60	64	0	70542
144	55	71	0	70547
128	55	64	0	70767
144	50	68	0	70772
144	66	66	0	70791
144	60	66	0	70796
128	66	64	0	70955
128	60	64	0	70980
128	50	64	0	71001
144	55	70	0	71038
128	55	64	0	71265
144	50	70	0	71265
144	60	60	0	71282
144	66	50	0	71288
144	63	63	0	71298
128	66	64	0	71451
128	63	64	0	71461
128	50	64	0	71507
144	55	74	0	71519
128	60	64	0	71519
144	62	77	0	71524
128	55	64	0	71728
144	50	69	0	71728
144	63	72	0	71739
144	60	74	0	71759
128	62	64	0	71774
128	50	64	0	71970
128	60	64	0	71988
144	55	72	0	71988
128	63	64	0	72049
144	50	77	0	72195
128	55	64	0	72205
144	62	78	0	72258
128	50	64	0	72434
144	55	66	0	72458
128	62	64	0	72497
144	50	69	0	72669
128	55	64	0	72675
144	62	69	0	72710
144	55	70	0	72891
128	50	64	0	72891
128	62	64	0	72978
128	55	64	0	73137
144	50	71	0	73145
144	62	70	0	73163
128	50	64	0	73357
144	55	69	0	73363
128	62	64	0	73480
128	55	64	0	73581
144	50	72	0	73603
144	60	85	0	73632
144	63	71	0	73658
128	63	64	0	73844
128	50	64	0	73844
144	55	74	0	73857
128	60	64	0	73868
144	60	55	0	74062
144	66	58	0	74075
128	55	64	0	74075
144	50	71	0	74082
144	63	51	0	74082
128	50	64	0	74304
144	55	64	0	74314
128	66	64	0	74340
128	63	64	0	74361
128	60	64	0	74366
128	55	64	0	74512
144	50	62	0	74535
144	60	60	0	74576
144	66	55	0	74591
144	63	55	0	74597
128	50	64	0	74768
144	55	64	0	74769
128	66	64	0	74801
128	60	64	0	74807
128	63	64	0	74827
144	50	59	0	74981
128	55	64	0	74987
144	60	56	0	75024
144	66	54	0	75024
144	63	45	0	75035
144	55	64	0	75226
128	50	64	0	75226
128	66	64	0	75257
128	60	64	0	75265
128	63	64	0	75273
128	55	64	0	75417
144	50	55	0	75424
144	62	38	0	75489
144	66	53	0	75489
144	63	48	0	75497
128	63	64	0	75671
128	66	64	0	75678
128	50	64	0	75678
144	55	56	0	75694
128	62	64	0	75694
128	55	64	0	75923
144	50	54	0	75923
144	62	46	0	75937
144	66	44	0	75937
144	63	52	0	75954
128	50	64	0	76164
144	55	57	0	76164
128	66	64	0	76172
128	63	64	0	76172
128	62	64	0	76182
144	50	54	0	76410
128	55	64	0	76410
144	66	51	0	76415
144	62	51	0	76421
144	63	53	0	76429
128	50	64	0	76627
128	66	64	0	76633
128	63	64	0	76638
128	62	64	0	76644
144	55	58	0	76661
128	55	64	0	76872
144	50	60	0	76882
144	62	38	0	76893
144	66	55	0	76906
144	63	64	0	76911
128	62	64	0	77003
128	50	64	0	77122
128	66	64	0	77129
144	55	64	0	77143
128	63	64	0	77152
144	62	68	0	77166
128	55	64	0	77361
144	51	46	0	77388
128	62	64	0	77397
144	69	32	0	77429
144	67	26	0	77448
128	51	64	0	77595
128	67	64	0	77603
128	69	64	0	77619
144	55	60	0	77635
144	62	13	0	77665
144	69	43	0	77863
128	62	64	0	77864
128	55	64	0	77877
144	51	57	0	77887
128	51	64	0	78092
128	69	64	0	78111
144	55	60	0	78132
144	62	54	0	78132
128	55	64	0	78338
144	51	47	0	78358
144	69	58	0	78378
128	62	64	0	78378
128	51	64	0	78563
144	55	57	0	78603
128	69	64	0	78603
144	62	56	0	78614
128	55	64	0	78805
144	51	49	0	78805
128	62	64	0	78845
144	69	61	0	78857
128	51	64	0	79031
144	55	62	0	79058
144	62	60	0	79075
128	69	64	0	79075
128	62	64	0	79289
144	51	51	0	79289
144	69	63	0	79301
128	55	64	0	79307
128	51	64	0	79515
144	55	62	0	79541
144	67	61	0	79541
128	69	64	0	79552
128	67	64	0	79748
128	55	64	0	79748
144	69	50	0	79771
144	51	44	0	79771
128	51	64	0	79960
144	55	58	0	79993
128	69	64	0	80026
144	70	66	0	80027
144	51	53	0	80221
128	55	64	0	80221
128	70	64	0	80248
144	69	31	0	80261
128	51	64	0	80430
144	70	46	0	80466
144	55	63	0	80478
128	69	64	0	80485
128	55	64	0	80697
144	51	44	0	80705
128	70	64	0	80721
144	69	59	0	80728
128	51	64	0	80909
128	69	64	0	80949
144	55	64	0	80961
144	70	62	0	80967
144	51	49	0	81174
128	55	64	0	81179
128	70	64	0	81188
144	69	50	0	81215
128	51	64	0	81406
128	69	64	0	81422
144	70	61	0	81437
144	55	66	0	81462
144	51	53	0	81609
128	55	64	0	81640
128	70	64	0	81680
144	74	61	0	81686
128	51	64	0	81854
144	55	77	0	81896
144	67	47	0	81918
144	69	46	0	81918
128	74	64	0	81924
128	67	64	0	82125
144	74	61	0	82125
128	69	64	0	82132
128	55	64	0	82156
144	50	52	0	82165
128	74	64	0	82395
128	50	64	0	82395
144	55	72	0	82404
144	69	51	0	82417
128	55	64	0	82591
144	51	54	0	82599
128	69	64	0	82616
144	74	54	0	82626
128	51	64	0	82838
144	55	73	0	82875
144	69	64	0	82906
128	74	64	0	82913
144	50	57	0	83072
128	55	64	0	83079
128	69	64	0	83111
144	74	68	0	83111
128	50	64	0	83321
144	55	66	0	83334
128	74	64	0	83368
144	69	64	0	83386
144	51	59	0	83572
128	55	64	0	83572
128	69	64	0	83572
144	74	61	0	83592
128	51	64	0	83791
144	55	77	0	83817
144	70	70	0	83817
128	74	64	0	83832
128	55	64	0	84056
144	50	61	0	84056
128	70	64	0	84100
144	74	41	0	84116
128	50	64	0	84286
144	55	66	0	84298
128	74	64	0	84314
144	69	67	0	84328
128	69	64	0	84539
128	55	64	0	84553
144	74	61	0	84553
144	51	59	0	84558
128	51	64	0	84766
128	74	64	0	84786
144	55	69	0	84791
144	70	66	0	84797
128	70	64	0	84997
144	74	64	0	85008
128	55	64	0	85028
144	50	56	0	85046
128	50	64	0	85253
144	55	65	0	85259
128	74	64	0	85278
144	69	63	0	85278
128	69	64	0	85499
128	55	64	0	85507
144	74	59	0	85507
144	51	51	0	85517
128	51	64	0	85707
128	74	64	0	85724
144	55	75	0	85724
144	67	67	0	85737
144	74	61	0	85948
128	55	64	0	85948
128	67	64	0	85954
144	50	55	0	85964
128	74	64	0	86164
128	50	64	0	86175
144	55	65	0	86181
144	67	39	0	86200
128	67	64	0	86302
144	66	48	0	86308
128	66	64	0	86403
128	55	64	0	86479
144	51	58	0	86507
144	66	33	0	86557
128	66	64	0	86659
128	51	64	0	86690
144	55	66	0	86734
144	67	57	0	86778
128	55	64	0	86996
144	50	42	0	87024
128	50	64	0	87218
144	55	60	0	87230
144	51	53	0	87466
128	55	64	0	87474
128	51	64	0	87658
144	55	64	0	87695
128	67	64	0	87762
128	55	64	0	87931
144	50	51	0	87948
128	50	64	0	88185
144	55	55	0	88190
128	55	64	0	88410
144	51	46	0	88415
128	51	64	0	88655
144	55	59	0	88698
128	55	64	0	88966
144	50	44	0	88981
128	50	64	0	89239
144	55	48	0	89249
128	55	64	0	89539
144	51	39	0	89561
144	74	56	0	89875
128	51	64	0	89880
144	55	64	0	89909
144	50	47	0	90216
128	55	64	0	90221
128	50	64	0	90445
144	55	47	0	90456
128	55	64	0	90674
144	51	48	0	90680
128	51	64	0	90910
144	55	62	0	90946
144	50	43	0	91186
128	55	64	0	91186
128	50	64	0	91409
144	55	57	0	91409
128	55	64	0	91636
144	51	52	0	91649
128	74	64	0	91659
144	75	55	0	91674
144	78	48	0	91680
128	78	64	0	91808
128	51	64	0	91854
128	75	64	0	91887
144	55	61	0	91901
144	74	54	0	91907
128	55	64	0	92131
144	78	55	0	92140
144	50	44	0	92147
128	74	64	0	92147
144	75	54	0	92171
128	78	64	0	92318
128	50	64	0	92348
128	75	64	0	92354
144	55	59	0	92360
144	74	58	0	92376
144	51	58	0	92605
128	55	64	0	92611
128	74	64	0	92611
144	78	59	0	92622
144	75	55	0	92646
128	75	64	0	92721
128	78	64	0	92773
128	51	64	0	92822
144	71	68	0	92841
144	55	70	0	92856
144	78	59	0	93078
128	55	64	0	93078
128	71	64	0	93078
144	51	59	0	93086
144	75	58	0	93103
128	78	64	0	93247
128	75	64	0	93281
128	51	64	0	93282
144	74	63	0	93307
144	55	67	0	93329
144	78	54	0	93549
128	74	64	0	93554
144	75	58	0	93566
128	78	64	0	93756
128	75	64	0	93761
144	72	68	0	93789
144	78	59	0	94026
128	72	64	0	94026
144	75	58	0	94043
128	78	64	0	94202
128	75	64	0	94217
144	74	64	0	94237
144	78	55	0	94489
128	74	64	0	94500
144	75	58	0	94539
128	78	64	0	94675
128	75	64	0	94709
144	71	59	0	94748
128	71	64	0	94991
144	78	59	0	94991
144	75	63	0	95009
128	78	64	0	95106
128	75	64	0	95113
144	68	16	0	95369
128	68	64	0	95415
144	68	58	0	95528
128	68	64	0	95833
144	74	67	0	95871
128	55	64	0	96476
144	50	54	0	96553
144	62	61	0	96553
128	74	64	0	96612
128	50	64	0	96804
128	62	64	0	96809
144	55	58	0	96815
144	67	50	0	96847
128	67	64	0	97013
144	62	50	0	97052
128	55	64	0	97072
144	50	49	0	97103
128	62	64	0	97279
128	50	64	0	97303
144	55	47	0	97315
144	67	46	0	97325
128	67	64	0	97507
144	62	54	0	97533
128	55	64	0	97567
144	50	49	0	97579
144	55	64	0	97757
128	50	64	0	97763
128	62	64	0	97804
144	67	30	0	97845
144	71	43	0	97873
144	72	32	0	97888
128	72	64	0	97951
128	71	64	0	97977
128	67	64	0	98022
144	62	59	0	98035
128	55	64	0	98067
144	50	58	0	98073
144	71	58	0	98267
128	62	64	0	98274
128	50	64	0	98288
144	55	58	0	98299
144	67	49	0	98308
144	62	61	0	98531
128	71	64	0	98536
144	50	64	0	98542
128	67	64	0	98547
128	55	64	0	98552
144	55	61	0	98768
128	50	64	0	98773
144	71	54	0	98797
128	62	64	0	98805
144	67	48	0	98816
128	67	64	0	98993
128	55	64	0	99010
144	62	50	0	99022
144	50	42	0	99031
128	71	64	0	99040
144	55	59	0	99244
128	50	64	0	99254
144	50	60	0	99508
128	55	64	0	99513
144	66	56	0	99519
128	62	64	0	99524
144	63	56	0	99532
128	50	64	0	99703
144	55	56	0	99722
128	55	64	0	99941
144	50	52	0	99947
128	66	64	0	99956
128	63	64	0	99961
144	62	58	0	99969
128	50	64	0	100158
144	55	55	0	100194
128	62	64	0	100422
144	66	55	0	100427
144	63	54	0	100435
144	50	56	0	100443
128	55	64	0	100443
128	50	64	0	100627
144	55	54	0	100634
128	66	64	0	100845
128	63	64	0	100852
144	62	53	0	100874
128	55	64	0	100879
144	50	51	0	100916
128	50	64	0	101129
144	55	57	0	101129
144	50	57	0	101364
144	63	63	0	101371
128	62	64	0	101371
128	55	64	0	101371
144	67	61	0	101388
128	50	64	0	102249
144	55	59	0	102261
144	50	59	0	102480
128	55	64	0	102490
128	63	64	0	102505
144	62	60	0	102530
128	67	64	0	102682
128	50	64	0	102709
144	55	62	0	102709
144	50	51	0	102921
128	55	64	0	102946
144	60	66	0	102984
128	62	64	0	103017
128	50	64	0	103157
144	55	58	0	103182
144	63	68	0	103403
128	55	64	0	103403
144	50	60	0	103410
128	60	64	0	103417
128	50	64	0	103627
144	55	62	0	103627
128	63	64	0	103846
128	55	64	0	103855
144	59	61	0	103869
144	50	54	0	103869
144	62	45	0	103887
128	50	64	0	104091
144	55	55	0	104103
144	50	55	0	104325
128	55	64	0	104340
128	50	64	0	104568
144	55	57	0	104568
128	62	64	0	104798
144	50	55	0	104804
128	55	64	0	104809
144	63	63	0	104814
144	60	67	0	104814
128	59	64	0	104820
144	55	63	0	105033
128	50	64	0	105033
128	55	64	0	105247
144	50	47	0	105252
128	50	64	0	105497
144	55	43	0	105502
144	54	54	0	105789
128	55	64	0	105802
128	60	64	0	105888
128	54	64	0	106015
144	55	55	0	106043
128	55	64	0	106241
144	59	58	0	106267
128	63	64	0	106279
128	59	64	0	106466
144	55	64	0	106478
128	55	64	0	106711
144	54	57	0	106722
128	54	64	0	106937
144	55	60	0	106963
144	62	56	0	107167
128	55	64	0	107237
144	66	46	0	107436
128	62	64	0	107436
144	63	44	0	107458
128	66	64	0	107508
128	63	64	0	107546
144	62	67	0	107660
144	55	68	0	107661
128	55	64	0	107908
128	62	64	0	107920
144	55	72	0	108128
144	62	66	0	108150
128	55	64	0	108270
128	62	64	0	108324
144	55	73	0	108572
144	62	64	0	108579
128	55	64	0	108716
128	62	64	0	108744
144	55	71	0	109018
144	62	68	0	109026
128	55	64	0	109216
128	62	64	0	109234
144	54	49	0	109234
144	66	48	0	109261
144	63	51	0	109268
128	66	64	0	109352
128	63	64	0	109381
128	54	64	0	109428
144	55	54	0	109462
144	62	55	0	109469
128	55	64	0	109646
128	62	64	0	109661
144	54	23	0	109695
144	66	40	0	109705
144	63	29	0	109738
128	63	64	0	109848
128	66	64	0	109866
128	54	64	0	109893
144	62	54	0	109918
144	55	63	0	109938
128	55	64	0	110109
128	62	64	0	110120
144	54	27	0	110133
144	66	45	0	110145
144	63	31	0	110182
128	63	64	0	110325
128	66	64	0	110331
128	54	64	0	110351
144	62	54	0	110387
144	55	64	0	110399
128	55	64	0	110586
128	62	64	0	110586
144	66	46	0	110609
144	54	42	0	110622
144	63	45	0	110629
128	66	64	0	110802
128	54	64	0	110802
128	63	64	0	110827
144	55	66	0	110837
144	62	64	0	110853
144	54	47	0	111013
128	55	64	0	111031
128	62	64	0	111087
144	66	52	0	111094
144	63	50	0	111117
128	54	64	0	111258
128	66	64	0	111284
144	59	67	0	111297
128	63	64	0	111311
144	62	64	0	111333
144	54	52	0	111489
128	59	64	0	111497
144	66	51	0	111542
128	62	64	0	111547
144	63	54	0	111568
128	66	64	0	111719
128	54	64	0	111724
128	63	64	0	111731
144	62	65	0	111757
144	55	60	0	111769
128	62	64	0	111976
144	66	53	0	111981
128	55	64	0	111986
144	63	54	0	111992
144	54	44	0	111997
128	54	64	0	112178
128	66	64	0	112183
128	63	64	0	112196
144	59	78	0	112221
144	62	64	0	112234
144	54	60	0	112422
128	59	64	0	112422
144	66	57	0	112442
128	62	64	0	112442
144	63	54	0	112460
128	66	64	0	112652
128	54	64	0	112663
128	63	64	0	112663
144	55	77	0	112691
144	62	72	0	112697
144	54	59	0	112890
128	55	64	0	112908
144	66	60	0	112932
128	62	64	0	112932
144	63	51	0	112960
128	66	64	0	113100
128	54	64	0	113125
128	63	64	0	113125
144	60	74	0	113148
144	52	80	0	113148
144	54	64	0	113347
128	52	64	0	113370
144	66	70	0	113398
128	60	64	0	113410
144	63	64	0	113410
128	66	64	0	113576
128	63	64	0	113602
144	62	87	0	113619
128	54	64	0	113625
144	55	89	0	113642
144	54	61	0	113818
144	66	67	0	113840
128	55	64	0	113848
128	62	64	0	113858
144	63	63	0	113872
128	66	64	0	113993
128	54	64	0	114073
128	63	64	0	114088
144	52	86	0	114096
144	60	86	0	114096
144	54	62	0	114296
144	66	68	0	114312
128	52	64	0	114319
128	60	64	0	114336
144	63	61	0	114336
128	66	64	0	114501
128	54	64	0	114547
128	63	64	0	114561
144	55	90	0	114561
144	62	84	0	114571
144	66	73	0	114785
128	62	64	0	114805
144	54	66	0	114815
128	55	64	0	114815
144	63	63	0	114838
128	66	64	0	114930
128	63	64	0	115001
128	54	64	0	115014
144	59	81	0	115034
144	51	68	0	115042
144	54	63	0	115209
128	51	64	0	115209
144	66	71	0	115254
128	59	64	0	115265
144	63	69	0	115281
128	66	64	0	115403
128	63	64	0	115460
128	54	64	0	115469
144	62	77	0	115484
144	55	80	0	115493
144	66	65	0	115700
128	62	64	0	115700
128	55	64	0	115707
144	54	68	0	115714
144	63	54	0	115771
128	66	64	0	115864
128	54	64	0	115904
144	50	80	0	115928
128	63	64	0	115928
144	59	80	0	115945
144	54	68	0	116141
144	66	72	0	116146
128	59	64	0	116151
128	50	64	0	116151
144	63	67	0	116171
128	66	64	0	116271
128	54	64	0	116366
128	63	64	0	116377
144	62	77	0	116392
144	55	87	0	116398
144	66	61	0	116608
144	54	67	0	116630
128	62	64	0	116630
128	55	64	0	116636
144	63	63	0	116675
128	66	64	0	116742
128	54	64	0	116812
128	63	64	0	116826
144	50	78	0	116857
144	59	77	0	116868
144	54	68	0	117078
144	66	66	0	117078
128	50	64	0	117085
128	59	64	0	117090
144	63	64	0	117108
128	66	64	0	117205
128	63	64	0	117297
128	54	64	0	117311
144	59	78	0	117319
144	50	80	0	117326
128	50	64	0	117555
144	54	69	0	117560
128	59	64	0	117565
144	66	60	0	117570
144	63	59	0	117587
128	66	64	0	117659
128	54	64	0	117766
128	63	64	0	117766
144	50	77	0	117784
144	59	78	0	117784
144	54	74	0	117999
128	50	64	0	118019
128	59	64	0	118019
144	66	59	0	118028
144	63	59	0	118051
128	66	64	0	118113
128	63	64	0	118177
128	54	64	0	118206
144	48	80	0	118214
144	57	66	0	118244
128	57	64	0	118355
144	66	70	0	118444
144	63	63	0	118475
144	54	74	0	118475
128	48	64	0	118486
128	66	64	0	118575
128	63	64	0	118651
144	48	75	0	118666
128	54	64	0	118666
144	57	72	0	118672
144	54	70	0	118893
128	48	64	0	118898
128	57	64	0	118903
144	66	63	0	118923
144	63	60	0	118945
128	66	64	0	118994
128	54	64	0	119120
144	48	78	0	119135
128	63	64	0	119142
144	57	80	0	119158
144	54	75	0	119358
128	57	64	0	119358
128	48	64	0	119372
144	66	71	0	119378
144	63	63	0	119391
128	66	64	0	119515
128	54	64	0	119562
128	63	64	0	119572
144	48	81	0	119572
144	57	81	0	119599
144	54	78	0	119796
128	48	64	0	119807
144	66	74	0	119820
144	63	66	0	119836
128	57	64	0	119836
128	66	64	0	119870
128	63	64	0	119893
128	54	64	0	119984
144	48	81	0	120030
144	56	83	0	120052
144	54	80	0	120275
128	48	64	0	120288
128	56	64	0	120288
128	54	64	0	120474
144	48	85	0	120503
144	56	86	0	120532
144	54	75	0	120715
128	48	64	0	120736
128	56	64	0	120784
128	54	64	0	120951
144	56	70	0	120970
144	48	70	0	120975
144	54	68	0	121172
128	48	64	0	121193
128	56	64	0	121237
128	54	64	0	121390
144	48	60	0	121442
144	56	63	0	121442
144	54	63	0	121611
128	48	64	0	121660
128	56	64	0	121760
128	54	64	0	121839
144	56	51	0	121869
144	47	52	0	121896
144	48	33	0	121923
128	48	64	0	122013
128	56	64	0	122099
128	47	64	0	122131
144	54	70	0	122142
128	54	64	0	122300
144	47	48	0	122347
144	56	60	0	122356
144	54	65	0	122572
128	47	64	0	122583
128	54	64	0	122739
144	47	51	0	122782
128	56	64	0	122788
144	55	64	0	122815
128	47	64	0	123041
144	54	57	0	123072
128	55	64	0	123102
128	54	64	0	123198
144	47	49	0	123262
144	55	64	0	123290
128	47	64	0	123443
144	54	60	0	123470
128	55	64	0	123543
128	54	64	0	123616
144	47	43	0	123656
144	55	62	0	123724
128	47	64	0	123928
144	54	61	0	123960
128	55	64	0	123969
128	54	64	0	124135
144	55	55	0	124169
144	47	57	0	124182
128	47	64	0	124383
144	54	61	0	124383
128	55	64	0	124404
128	54	64	0	124558
144	55	53	0	124603
144	47	58	0	124629
128	47	64	0	124801
144	54	66	0	124816
128	55	64	0	124835
128	54	64	0	124991
144	47	60	0	125070
144	54	70	0	125085
128	47	64	0	125292
128	54	64	0	125348
144	55	85	0	125608
144	47	56	0	125616
128	47	64	0	125681
128	55	64	0	126026
144	47	69	0	126229
144	55	75	0	126229
128	47	64	0	126478
144	54	56	0	126492
128	55	64	0	126492
144	43	58	0	126501
128	54	64	0	126691
128	43	64	0	126716
144	55	63	0	126746
144	47	60	0	126756
128	55	64	0	126944
128	47	64	0	126944
144	54	61	0	126963
144	43	47	0	126977
128	54	64	0	127168
128	43	64	0	127190
144	55	47	0	127197
144	47	53	0	127221
128	47	64	0	127402
128	55	64	0	127422
144	43	42	0	127431
144	54	53	0	127437
128	54	64	0	127623
128	43	64	0	127645
144	55	59	0	127645
144	47	56	0	127671
144	43	51	0	127833
128	47	64	0	127833
128	55	64	0	127860
144	54	59	0	127883
128	54	64	0	128084
128	43	64	0	128114
144	55	64	0	128114
144	47	62	0	128135
128	47	64	0	128348
144	43	57	0	128355
128	55	64	0	128355
144	50	60	0	128371
128	50	64	0	128589
128	43	64	0	128589
144	47	66	0	128623
144	55	59	0	128623
128	55	64	0	128806
128	47	64	0	128813
144	43	59	0	128835
144	50	57	0	128843
144	55	49	0	129028
128	50	64	0	129035
128	43	64	0	129060
144	47	70	0	129077
128	47	64	0	129281
128	55	64	0	129290
144	43	61	0	129299
144	50	62	0	129320
128	50	64	0	129508
144	55	58	0	129533
128	43	64	0	129533
144	47	72	0	129557
144	43	60	0	129763
128	55	64	0	129771
128	47	64	0	129798
144	50	62	0	129808
128	50	64	0	129938
128	43	64	0	129967
144	38	64	0	130009
144	50	54	0	130038
128	50	64	0	130176
128	38	64	0	130187
144	43	54	0	134229
144	31	60	0	134241
128	31	64	0	134326
128	43	64	0	134344
