144	60	63	0	1194
128	60	64	0	1739
144	66	52	0	1758
144	60	59	0	2228
128	66	64	0	2234
128	60	64	0	2395
144	69	59	0	2683
128	69	64	0	3161
144	60	59	0	3174
128	60	64	0	3603
144	66	48	0	3642
128	66	64	0	4077
144	60	44	0	4128
128	60	64	0	4292
144	57	49	0	4617
144	48	58	0	4617
144	69	51	0	4650
128	69	64	0	4772
144	60	44	0	4782
128	48	64	0	4819
128	57	64	0	4852
128	60	64	0	4876
144	66	44	0	4934
128	66	64	0	5035
144	57	41	0	5115
144	60	44	0	5120
144	48	44	0	5128
128	60	64	0	5215
128	48	64	0	5245
144	69	53	0	5262
128	57	64	0	5273
128	69	64	0	5364
144	60	42	0	5412
128	60	64	0	5519
144	57	38	0	5555
144	48	50	0	5580
144	66	45	0	5580
128	66	64	0	5694
128	48	64	0	5700
128	57	64	0	5706
144	60	46	0	5735
128	60	64	0	5875
144	69	48	0	5895
144	57	49	0	6013
144	48	56	0	6029
128	69	64	0	6035
144	60	62	0	6050
128	48	64	0	6130
128	57	64	0	6130
128	60	64	0	6146
144	57	48	0	6527
144	69	56	0	6535
144	48	59	0	6540
128	48	64	0	6674
128	69	64	0	6682
144	60	44	0	6687
128	57	64	0	6702
128	60	64	0	6818
144	66	40	0	6883
128	66	64	0	6976
144	57	36	0	7021
144	60	44	0	7033
144	48	38	0	7042
128	57	64	0	7113
128	60	64	0	7125
128	48	64	0	7125
144	69	46	0	7191
128	69	64	0	7302
144	60	31	0	7327
128	60	64	0	7447
144	57	28	0	7514
144	66	46	0	7561
128	57	64	0	7561
128	66	64	0	7631
144	60	40	0	7678
128	60	64	0	7781
144	69	46	0	7889
128	69	64	0	8010
144	60	64	0	8018
128	60	64	0	8093
144	36	57	0	8519
128	36	64	0	8588
144	36	62	0	8962
128	36	64	0	9037
144	36	59	0	9427
128	36	64	0	9499
144	36	60	0	9897
128	36	64	0	9970
144	36	53	0	10398
128	36	64	0	10476
144	36	62	0	10870
128	36	64	0	10991
144	36	56	0	11328
128	36	64	0	11454
144	36	58	0	11821
128	36	64	0	11959
144	36	69	0	12263
144	63	63	0	12283
128	36	64	0	12412
144	60	53	0	12470
128	63	64	0	12508
128	60	64	0	12578
144	57	64	0	12586
144	36	64	0	12759
144	54	75	0	12781
128	57	64	0	12827
128	54	64	0	12827
128	36	64	0	12880
144	36	62	0	13245
128	36	64	0	13407
144	36	69	0	13729
128	36	64	0	13858
144	36	64	0	14206
144	75	59	0	14221
128	36	64	0	14357
144	72	40	0	14418
128	75	64	0	14427
128	72	64	0	14496
144	69	59	0	14524
144	36	63	0	14709
144	66	62	0	14727
128	69	64	0	14737
128	36	64	0	14839
128	66	64	0	14897
144	36	62	0	15187
128	36	64	0	15310
144	36	65	0	15648
128	36	64	0	15764
144	72	52	0	16124
144	36	66	0	16135
128	36	64	0	16261
128	72	64	0	16296
144	75	45	0	16331
128	75	64	0	16403
144	78	37	0	16456
144	36	63	0	16589
128	78	64	0	16624
144	72	48	0	16648
128	36	64	0	16701
128	72	64	0	16750
144	75	32	0	16834
128	75	64	0	16917
144	78	47	0	16940
128	78	64	0	17066
144	36	64	0	17092
144	81	29	0	17137
128	36	64	0	17176
128	81	64	0	17322
144	78	39	0	17353
128	78	64	0	17473
144	75	43	0	17485
144	36	65	0	17565
128	75	64	0	17589
144	72	54	0	17609
128	36	64	0	17634
128	72	64	0	17678
144	72	54	0	18038
144	36	66	0	18060
128	36	64	0	18149
128	72	64	0	18197
144	75	29	0	18253
128	75	64	0	18336
144	78	44	0	18380
128	78	64	0	18530
144	36	68	0	18538
128	36	64	0	18621
144	75	24	0	18840
128	75	64	0	18905
144	78	52	0	18924
128	78	64	0	18991
144	36	62	0	19003
144	81	65	0	19065
128	36	64	0	19075
128	81	64	0	19227
144	78	44	0	19264
128	78	64	0	19333
144	75	48	0	19338
128	75	64	0	19420
144	36	68	0	19489
144	72	63	0	19499
128	36	64	0	19619
128	72	64	0	19641
144	36	42	0	20012
128	36	64	0	20074
144	36	66	0	20473
128	36	64	0	20620
144	36	62	0	20975
128	36	64	0	21154
144	36	63	0	21473
128	36	64	0	21645
144	69	61	0	21948
144	36	71	0	21963
128	69	64	0	22111
128	36	64	0	22117
144	66	48	0	22117
128	66	64	0	22204
144	67	46	0	22250
128	67	64	0	22388
144	64	59	0	22426
144	36	64	0	22435
144	66	58	0	22575
128	36	64	0	22585
128	64	64	0	22598
128	66	64	0	22765
144	63	47	0	22775
128	63	64	0	22866
144	36	62	0	22905
144	64	65	0	22928
128	36	64	0	23040
128	64	64	0	23082
144	63	47	0	23108
128	63	64	0	23241
144	61	51	0	23277
144	36	66	0	23381
128	61	64	0	23391
144	60	65	0	23418
128	60	64	0	23488
128	36	64	0	23520
144	64	66	0	23860
144	36	74	0	23871
128	36	64	0	24013
144	63	61	0	24075
128	64	64	0	24085
144	61	48	0	24250
128	63	64	0	24278
128	61	64	0	24336
144	36	69	0	24351
144	60	63	0	24384
128	36	64	0	24478
128	60	64	0	24516
144	58	62	0	24550
128	58	64	0	24694
144	57	36	0	24719
128	57	64	0	24774
144	36	62	0	24782
144	64	54	0	24897
144	65	41	0	24909
128	36	64	0	24928
128	65	64	0	24975
128	64	64	0	25033
144	63	64	0	25033
144	61	67	0	25156
128	63	64	0	25156
128	61	64	0	25239
144	60	62	0	25293
144	36	64	0	25308
128	36	64	0	25442
128	60	64	0	25451
144	58	64	0	25451
128	58	64	0	25611
144	57	47	0	25630
128	57	64	0	25693
144	36	65	0	25775
144	64	72	0	25813
128	36	64	0	25932
144	63	59	0	25964
128	64	64	0	25971
144	61	60	0	26101
128	63	64	0	26137
128	61	64	0	26210
144	60	56	0	26259
144	36	62	0	26269
128	36	64	0	26397
144	58	66	0	26415
128	60	64	0	26421
128	58	64	0	26557
144	57	35	0	26613
128	57	64	0	26695
144	36	69	0	26710
144	56	47	0	26737
128	56	64	0	26800
128	36	64	0	26838
144	36	62	0	27217
128	36	64	0	27277
144	36	64	0	27676
144	64	53	0	27699
128	36	64	0	27810
144	63	54	0	27847
128	64	64	0	27867
144	61	53	0	28038
128	63	64	0	28067
128	61	64	0	28135
144	36	66	0	28183
144	60	55	0	28200
128	36	64	0	28319
128	60	64	0	28355
144	58	49	0	28374
128	58	64	0	28470
144	57	54	0	28488
128	57	64	0	28564
144	36	66	0	28635
144	64	71	0	28709
128	36	64	0	28790
144	63	65	0	28839
128	64	64	0	28861
144	61	59	0	29021
128	63	64	0	29035
144	36	55	0	29164
128	61	64	0	29170
144	60	61	0	29184
128	36	64	0	29304
128	60	64	0	29338
144	58	63	0	29346
128	58	64	0	29483
144	57	60	0	29483
128	57	64	0	29539
144	36	62	0	29603
144	64	71	0	29653
128	36	64	0	29768
144	63	69	0	29784
128	64	64	0	29812
144	61	63	0	29936
128	63	64	0	29954
128	61	64	0	30053
144	60	57	0	30103
144	36	62	0	30103
128	36	64	0	30239
144	58	62	0	30259
128	60	64	0	30267
128	58	64	0	30414
144	57	58	0	30429
144	36	64	0	30583
128	57	64	0	30593
144	55	53	0	30611
128	36	64	0	30720
128	55	64	0	30771
144	54	59	0	30776
128	54	64	0	30836
144	52	59	0	30909
128	52	64	0	31011
144	36	60	0	31071
144	51	62	0	31080
128	36	64	0	31155
128	51	64	0	31197
144	36	68	0	31562
128	36	64	0	31700
144	36	53	0	32026
128	36	64	0	32169
144	36	59	0	32527
128	36	64	0	32614
144	36	58	0	32975
128	36	64	0	33053
144	36	62	0	33472
128	36	64	0	33613
144	36	51	0	33945
128	36	64	0	34099
144	36	52	0	34444
128	36	64	0	34560
144	36	63	0	34898
128	36	64	0	35042
144	36	58	0	35389
144	55	53	0	35399
128	36	64	0	35527
144	54	47	0	35584
128	55	64	0	35584
144	51	54	0	35739
128	54	64	0	35752
144	36	51	0	35851
128	51	64	0	35887
128	36	64	0	35929
144	36	63	0	36348
144	55	66	0	36387
128	36	64	0	36501
144	54	63	0	36535
128	55	64	0	36573
128	54	64	0	36669
144	52	58	0	36698
144	36	58	0	36781
144	51	61	0	36839
128	52	64	0	36850
128	36	64	0	36944
128	51	64	0	36964
144	49	55	0	36971
144	48	65	0	37099
128	49	64	0	37137
128	48	64	0	37181
144	55	58	0	37298
144	36	65	0	37298
144	54	62	0	37396
128	55	64	0	37435
128	36	64	0	37479
128	54	64	0	37574
144	52	49	0	37589
128	52	64	0	37748
144	51	59	0	37797
144	36	32	0	37797
128	51	64	0	37889
128	36	64	0	37913
144	52	44	0	37929
128	52	64	0	38028
144	36	48	0	38243
144	54	67	0	38261
128	36	64	0	38331
128	54	64	0	38401
144	52	44	0	38439
128	52	64	0	38548
144	48	66	0	38724
128	48	64	0	38864
144	36	62	0	39199
144	55	51	0	39217
144	54	63	0	39339
128	55	64	0	39356
128	36	64	0	39362
128	54	64	0	39460
144	52	54	0	39514
128	52	64	0	39629
144	54	61	0	39673
144	36	47	0	39718
128	54	64	0	39805
128	36	64	0	39849
144	52	45	0	39861
128	52	64	0	39960
144	51	24	0	40057
128	51	64	0	40130
144	52	47	0	40202
128	52	64	0	40285
144	36	78	0	41140
128	36	64	0	41519
144	36	66	0	41608
128	36	64	0	41709
144	36	68	0	42123
128	36	64	0	42243
144	36	66	0	42604
128	36	64	0	42684
144	36	68	0	43080
144	60	52	0	43097
128	36	64	0	43244
128	60	64	0	43255
144	63	37	0	43290
144	66	46	0	43378
128	63	64	0	43384
144	36	62	0	43551
128	66	64	0	43578
144	69	60	0	43595
128	36	64	0	43685
128	69	64	0	43739
144	66	50	0	43752
144	63	37	0	43937
128	66	64	0	43959
128	63	64	0	44034
144	60	60	0	44034
144	36	61	0	44046
128	36	64	0	44381
144	72	71	0	44531
128	60	64	0	44531
144	36	52	0	44563
128	36	64	0	44635
128	72	64	0	44698
144	36	65	0	44972
144	72	59	0	44987
128	36	64	0	45298
144	75	67	0	45479
144	36	65	0	45494
128	72	64	0	45494
128	36	64	0	45772
128	75	64	0	45787
144	72	55	0	45815
128	72	64	0	45878
144	75	42	0	45920
144	36	75	0	45940
144	72	71	0	45957
128	75	64	0	45983
128	36	64	0	46225
144	75	72	0	46432
128	72	64	0	46443
144	36	74	0	46468
128	36	64	0	46720
128	75	64	0	46748
144	72	48	0	46791
144	75	59	0	46844
128	72	64	0	46862
144	36	78	0	46918
144	72	77	0	46936
128	75	64	0	46948
144	69	74	0	46992
128	72	64	0	47043
128	36	64	0	47246
128	69	64	0	47404
144	72	69	0	47422
144	36	68	0	47471
128	36	64	0	47707
128	72	64	0	47712
144	72	71	0	47817
144	69	69	0	47909
128	72	64	0	47909
144	36	76	0	47954
144	66	82	0	48009
128	69	64	0	48045
128	36	64	0	48255
144	69	64	0	48416
128	66	64	0	48426
144	36	64	0	48451
128	69	64	0	48618
128	36	64	0	48638
144	36	69	0	48901
144	60	62	0	48906
144	63	66	0	49094
128	60	64	0	49094
128	36	64	0	49149
128	63	64	0	49240
144	66	46	0	49250
128	66	64	0	49339
144	36	69	0	49370
144	60	46	0	49378
144	63	58	0	49513
128	60	64	0	49530
128	63	64	0	49621
128	36	64	0	49641
144	66	41	0	49654
144	69	64	0	49816
128	66	64	0	49816
144	36	68	0	49836
144	66	58	0	49990
128	69	64	0	50001
128	36	64	0	50016
144	63	55	0	50181
128	66	64	0	50194
144	36	74	0	50284
144	60	82	0	50335
128	63	64	0	50367
128	36	64	0	50593
144	36	75	0	50829
144	63	59	0	51015
128	36	64	0	51047
128	60	64	0	51047
144	66	59	0	51124
128	63	64	0	51130
128	66	64	0	51299
144	36	67	0	51299
144	60	60	0	51323
144	63	49	0	51494
128	60	64	0	51494
128	36	64	0	51539
128	63	64	0	51618
144	66	54	0	51645
144	36	70	0	51765
128	66	64	0	51799
144	69	49	0	51824
144	60	56	0	51934
128	36	64	0	51978
128	69	64	0	51978
128	60	64	0	52094
144	66	59	0	52136
144	36	71	0	52242
128	66	64	0	52293
144	60	66	0	52308
128	36	64	0	52485
144	36	72	0	52751
144	66	59	0	52768
128	66	64	0	52834
128	36	64	0	52953
144	66	56	0	53121
128	60	64	0	53134
128	66	64	0	53222
144	36	66	0	53254
144	60	52	0	53254
128	60	64	0	53417
144	66	50	0	53425
128	36	64	0	53452
128	66	64	0	53539
144	60	45	0	53545
128	60	64	0	53703
144	36	65	0	53720
144	66	60	0	53726
128	66	64	0	53866
144	60	62	0	53872
128	36	64	0	53951
128	60	64	0	54015
144	66	64	0	54051
144	36	75	0	54168
144	60	70	0	54180
128	66	64	0	54221
128	36	64	0	54409
128	60	64	0	54501
144	69	67	0	54650
144	36	77	0	54662
144	66	60	0	54856
128	69	64	0	54862
128	36	64	0	54909
144	67	59	0	54971
128	66	64	0	54986
144	36	71	0	55150
144	64	63	0	55161
128	67	64	0	55170
128	64	64	0	55296
144	67	39	0	55296
128	36	64	0	55365
128	67	64	0	55434
144	64	49	0	55443
128	64	64	0	55565
144	66	48	0	55606
144	36	68	0	55623
128	66	64	0	55749
144	64	62	0	55775
128	36	64	0	55825
128	64	64	0	55920
144	69	62	0	56031
144	36	74	0	56122
128	36	64	0	56317
128	69	64	0	56363
144	60	59	0	56590
144	36	74	0	56612
128	60	64	0	56752
144	63	62	0	56752
128	36	64	0	56828
128	63	64	0	56847
144	60	41	0	56904
128	60	64	0	57031
144	63	55	0	57075
144	36	66	0	57094
128	63	64	0	57225
144	60	49	0	57256
128	36	64	0	57293
128	60	64	0	57377
144	63	59	0	57415
128	63	64	0	57544
144	60	62	0	57556
144	36	72	0	57566
144	63	60	0	57732
128	60	64	0	57732
128	36	64	0	57810
128	63	64	0	57881
144	60	57	0	57898
144	36	51	0	58026
128	60	64	0	58041
144	63	56	0	58076
128	63	64	0	58146
144	60	60	0	58216
128	36	64	0	58252
128	60	64	0	58300
144	63	51	0	58397
128	63	64	0	58515
144	36	67	0	58540
144	60	69	0	58548
144	63	55	0	58702
128	60	64	0	58710
128	63	64	0	58849
144	60	60	0	58869
128	36	64	0	58922
128	60	64	0	59022
144	36	66	0	59027
144	63	58	0	59039
128	36	64	0	59156
144	60	47	0	59170
128	63	64	0	59176
128	60	64	0	59330
144	63	55	0	59342
128	63	64	0	59496
144	36	69	0	59502
144	60	64	0	59502
128	36	64	0	59632
128	60	64	0	59661
144	63	63	0	59677
128	63	64	0	59805
144	60	60	0	59831
144	36	69	0	59948
144	63	71	0	59998
128	60	64	0	60028
128	36	64	0	60105
128	63	64	0	60111
144	36	77	0	60438
144	60	82	0	60462
128	60	64	0	60626
144	63	59	0	60643
128	36	64	0	60699
128	63	64	0	60729
144	60	64	0	60794
128	60	64	0	60947
144	63	65	0	60972
144	36	69	0	60979
128	63	64	0	61102
144	60	58	0	61127
128	36	64	0	61127
128	60	64	0	61230
144	63	58	0	61282
144	36	69	0	61398
128	63	64	0	61421
144	60	66	0	61436
128	60	64	0	61575
144	63	57	0	61598
128	36	64	0	61616
128	63	64	0	61712
144	60	60	0	61759
128	60	64	0	61868
144	36	70	0	61895
144	63	58	0	61908
128	36	64	0	62012
128	63	64	0	62032
144	60	63	0	62071
128	60	64	0	62172
144	63	64	0	62213
128	63	64	0	62382
144	36	73	0	62395
144	60	81	0	62395
128	60	64	0	62572
144	63	63	0	62573
128	36	64	0	62609
128	63	64	0	62707
144	60	65	0	62746
144	36	69	0	62853
128	60	64	0	62880
144	63	51	0	62900
128	63	64	0	62986
128	36	64	0	63001
144	60	29	0	63057
128	60	64	0	63172
144	63	40	0	63229
128	63	64	0	63322
144	60	63	0	63387
128	60	64	0	63480
144	36	65	0	63790
144	60	75	0	63808
128	36	64	0	63918
128	60	64	0	63928
144	60	71	0	64354
144	36	66	0	64354
128	36	64	0	64509
128	60	64	0	64751
144	36	49	0	64814
128	36	64	0	65044
144	60	64	0	65245
128	60	64	0	65743
144	36	62	0	65751
128	36	64	0	66077
144	60	45	0	66238
128	60	64	0	66621
144	36	40	0	66705
128	36	64	0	67166
144	60	38	0	67188
128	60	64	0	67677
144	36	55	0	67704
128	36	64	0	68095
144	55	53	0	68161
144	36	45	0	68235
128	36	64	0	68355
144	54	58	0	68396
128	55	64	0	68404
128	54	64	0	68574
144	52	51	0	68607
144	36	52	0	68665
128	52	64	0	68752
144	51	58	0	68766
128	36	64	0	68779
128	51	64	0	68912
144	49	45	0	68950
144	48	63	0	69015
128	49	64	0	69021
128	48	64	0	69100
144	36	52	0	69119
144	55	52	0	69216
128	36	64	0	69263
128	55	64	0	69287
144	54	66	0	69293
128	54	64	0	69438
144	52	62	0	69522
144	36	52	0	69568
128	52	64	0	69608
128	36	64	0	69662
144	36	60	0	70067
144	55	37	0	70139
144	53	26	0	70167
128	53	64	0	70237
128	36	64	0	70253
128	55	64	0	70266
144	52	42	0	70418
144	54	64	0	70507
128	52	64	0	70516
144	36	49	0	70533
128	54	64	0	70636
128	36	64	0	70669
144	52	57	0	70687
128	52	64	0	70817
144	51	47	0	70871
128	51	64	0	70973
144	36	48	0	71024
144	52	59	0	71024
144	51	55	0	71171
128	52	64	0	71176
128	36	64	0	71176
128	51	64	0	71295
144	49	49	0	71346
144	36	59	0	71494
144	48	73	0	71523
128	49	64	0	71567
128	36	64	0	71632
128	48	64	0	71633
144	55	23	0	71966
128	55	64	0	72167
144	54	58	0	72167
128	54	64	0	72309
144	52	59	0	72349
128	52	64	0	72469
144	54	49	0	72543
128	54	64	0	72616
144	52	38	0	72671
128	52	64	0	72858
144	51	53	0	72858
128	51	64	0	72933
144	52	40	0	73010
128	52	64	0	73181
144	51	47	0	73202
128	51	64	0	73328
144	49	38	0	73395
144	48	58	0	73548
128	49	64	0	73548
128	48	64	0	73708
144	36	59	0	74956
144	24	60	0	75388
128	36	64	0	75402
128	24	64	0	75536
144	36	52	0	75888
128	36	64	0	76530
144	36	69	0	76882
144	24	60	0	77302
128	36	64	0	77318
128	24	64	0	77684
144	36	45	0	77796
144	24	46	0	78259
128	36	64	0	78296
128	24	64	0	78765
144	36	47	0	78796
144	24	43	0	79212
128	36	64	0	79237
128	24	64	0	79680
144	36	33	0	79724
144	69	47	0	79730
144	24	51	0	80166
128	36	64	0	80181
128	24	64	0	80654
144	36	44	0	80704
144	66	52	0	80727
128	69	64	0	80779
128	36	64	0	81119
144	24	56	0	81119
128	24	64	0	81507
144	36	51	0	81642
128	66	64	0	81810
144	69	59	0	81810
128	69	64	0	81959
144	66	47	0	81991
128	36	64	0	82019
144	24	38	0	82065
128	66	64	0	82114
144	69	53	0	82160
128	69	64	0	82291
128	24	64	0	82342
144	66	46	0	82342
144	36	36	0	82400
128	66	64	0	82443
144	69	46	0	82480
128	69	64	0	82627
144	24	56	0	82663
128	36	64	0	82663
144	72	57	0	82668
144	69	57	0	82801
128	72	64	0	82807
128	24	64	0	82968
128	69	64	0	82976
144	66	52	0	83004
144	36	51	0	83027
128	66	64	0	83102
144	69	72	0	83137
144	24	66	0	83206
128	36	64	0	83221
128	24	64	0	83646
144	36	56	0	83674
144	66	54	0	83851
128	69	64	0	83888
128	66	64	0	83963
128	36	64	0	84011
144	69	43	0	84020
144	24	53	0	84087
128	69	64	0	84136
144	66	55	0	84145
128	66	64	0	84217
144	69	54	0	84271
144	66	45	0	84419
128	69	64	0	84429
128	24	64	0	84536
128	66	64	0	84542
144	36	43	0	84603
144	60	50	0	84633
128	60	64	0	84714
144	66	61	0	84722
128	66	64	0	84837
144	60	57	0	84873
128	36	64	0	84962
144	24	56	0	84989
128	60	64	0	85010
144	63	57	0	85048
128	24	64	0	85442
144	36	38	0	85534
128	63	64	0	85674
144	60	44	0	85688
128	60	64	0	85839
144	63	54	0	85867
128	36	64	0	85904
144	24	57	0	85957
128	63	64	0	86008
144	60	56	0	86027
128	60	64	0	86140
144	63	51	0	86186
128	63	64	0	86259
144	60	53	0	86300
128	24	64	0	86388
144	36	42	0	86438
128	60	64	0	86472
144	63	58	0	86512
128	63	64	0	86582
144	60	58	0	86633
128	60	64	0	86731
144	63	53	0	86807
128	36	64	0	86890
128	63	64	0	86898
144	24	43	0	86925
144	60	64	0	86942
128	24	64	0	87360
144	36	43	0	87447
128	60	64	0	87580
144	63	61	0	87595
128	63	64	0	87688
144	60	57	0	87760
128	36	64	0	87907
144	24	59	0	87912
128	60	64	0	87929
144	63	59	0	87949
128	63	64	0	88084
144	60	55	0	88117
128	60	64	0	88209
144	63	60	0	88252
128	24	64	0	88389
128	63	64	0	88410
144	36	54	0	88420
144	60	56	0	88428
128	60	64	0	88562
144	63	58	0	88581
128	63	64	0	88713
144	60	59	0	88749
128	60	64	0	88845
144	24	62	0	88875
128	36	64	0	88890
144	63	59	0	88890
144	36	58	0	89365
128	63	64	0	89365
128	24	64	0	89371
144	60	62	0	89377
128	60	64	0	89499
144	66	59	0	89506
128	66	64	0	89679
144	63	57	0	89718
144	24	63	0	89823
128	36	64	0	89853
128	63	64	0	89871
144	60	56	0	89887
144	66	58	0	90031
128	60	64	0	90031
128	66	64	0	90188
144	63	48	0	90211
128	63	64	0	90301
144	36	53	0	90307
128	24	64	0	90313
144	60	53	0	90337
128	60	64	0	90459
144	66	51	0	90473
128	66	64	0	90608
144	63	46	0	90644
128	36	64	0	90727
128	63	64	0	90754
144	24	54	0	90765
144	60	48	0	90797
128	60	64	0	90929
144	66	42	0	90943
128	66	64	0	91134
144	63	45	0	91144
128	63	64	0	91227
128	24	64	0	91227
144	36	62	0	91262
144	60	54	0	91276
144	66	56	0	91422
128	60	64	0	91422
128	66	64	0	91587
144	63	51	0	91601
128	36	64	0	91687
128	63	64	0	91697
144	24	52	0	91727
144	60	51	0	91758
128	60	64	0	91901
144	66	55	0	91914
128	66	64	0	92101
144	63	47	0	92136
128	24	64	0	92200
128	63	64	0	92233
144	36	51	0	92251
144	60	59	0	92272
128	60	64	0	92419
144	66	54	0	92459
128	66	64	0	92620
144	63	44	0	92641
128	36	64	0	92688
144	24	53	0	92732
128	63	64	0	92732
144	60	59	0	92781
128	60	64	0	92881
128	24	64	0	92958
144	60	63	0	93201
144	36	62	0	93201
128	60	64	0	93393
144	66	59	0	93398
128	66	64	0	93556
144	63	45	0	93575
128	36	64	0	93663
144	24	54	0	93678
128	63	64	0	93725
144	60	55	0	93748
128	60	64	0	93869
144	66	48	0	93877
128	66	64	0	94041
144	63	42	0	94049
128	24	64	0	94134
128	63	64	0	94151
144	36	57	0	94179
144	60	57	0	94179
128	60	64	0	94361
144	66	62	0	94361
128	66	64	0	94541
144	63	41	0	94549
128	36	64	0	94631
144	24	55	0	94636
128	63	64	0	94642
144	60	59	0	94685
128	60	64	0	94823
144	66	54	0	94833
128	66	64	0	94987
144	63	48	0	94995
128	63	64	0	95100
144	36	66	0	95139
144	60	65	0	95139
128	24	64	0	95147
144	66	56	0	95298
128	60	64	0	95317
144	63	58	0	95468
128	66	64	0	95503
128	63	64	0	95645
144	24	58	0	95666
144	60	65	0	95674
128	36	64	0	95679
144	66	59	0	95823
128	60	64	0	95830
128	66	64	0	95984
144	63	52	0	95984
128	63	64	0	96131
128	24	64	0	96131
144	60	62	0	96160
144	36	52	0	96160
128	60	64	0	96320
144	66	52	0	96320
144	63	46	0	96487
128	66	64	0	96487
128	36	64	0	96627
144	24	59	0	96627
128	63	64	0	96637
144	60	64	0	96648
128	24	64	0	96724
128	60	64	0	96741
144	24	70	0	97083
144	60	64	0	97089
128	60	64	0	97242
144	66	58	0	97281
128	66	64	0	97448
144	63	49	0	97471
128	63	64	0	97584
144	60	58	0	97604
144	66	55	0	97769
128	60	64	0	97774
128	66	64	0	97927
144	63	40	0	97941
128	63	64	0	98057
144	60	62	0	98064
128	60	64	0	98241
144	66	53	0	98252
128	66	64	0	98409
144	63	51	0	98409
128	63	64	0	98553
144	60	64	0	98575
128	60	64	0	98633
128	24	64	0	98663
144	24	55	0	99006
144	60	55	0	99027
128	60	64	0	99105
144	66	48	0	99190
128	24	64	0	99295
128	66	64	0	99331
144	63	46	0	99331
144	24	18	0	99389
128	63	64	0	99460
144	60	43	0	99495
128	60	64	0	99608
144	66	48	0	99645
128	66	64	0	99809
144	63	42	0	99828
128	63	64	0	99916
144	60	47	0	99958
128	60	64	0	100074
144	66	54	0	100123
128	66	64	0	100288
144	63	50	0	100298
144	60	62	0	100444
128	63	64	0	100459
128	24	64	0	100526
128	60	64	0	100882
144	57	65	0	100935
144	60	54	0	101078
128	57	64	0	101090
128	60	64	0	101247
144	57	63	0	101255
128	57	64	0	101335
144	60	60	0	101399
128	60	64	0	101556
144	54	52	0	101595
128	54	64	0	101654
144	60	65	0	101718
128	60	64	0	101866
144	51	63	0	101900
128	51	64	0	101976
144	60	58	0	102027
128	60	64	0	102155
144	57	59	0	102210
128	57	64	0	102325
144	60	65	0	102325
128	60	64	0	102457
144	54	62	0	102509
128	54	64	0	102577
144	60	60	0	102637
128	60	64	0	102781
144	51	70	0	102824
144	60	61	0	102959
128	51	64	0	102976
128	60	64	0	103091
144	57	53	0	103152
144	60	60	0	103282
128	57	64	0	103344
128	60	64	0	103426
144	54	58	0	103483
128	54	64	0	103557
144	60	59	0	103591
128	60	64	0	103768
144	51	71	0	103781
144	60	60	0	103939
128	51	64	0	103939
128	60	64	0	104069
144	60	72	0	104146
128	60	64	0	104242
144	48	64	0	104249
128	48	64	0	104466
144	60	59	0	106731
144	69	43	0	108213
144	72	55	0	108636
128	69	64	0	108648
128	60	64	0	108882
144	66	48	0	109170
128	66	64	0	110028
144	63	60	0	110046
144	75	61	0	110046
128	72	64	0	110053
128	63	64	0	110512
144	60	9	0	110606
144	72	57	0	111020
128	75	64	0	111044
144	66	57	0	111520
128	60	64	0	111534
144	78	61	0	111534
128	72	64	0	111542
128	66	64	0	112005
144	63	44	0	112026
128	78	64	0	112368
144	75	47	0	112386
128	63	64	0	112448
144	69	54	0	112455
128	75	64	0	112482
144	81	62	0	112517
128	69	64	0	113014
144	66	50	0	113023
144	78	48	0	113348
128	66	64	0	113374
128	78	64	0	113426
144	60	70	0	113440
144	72	61	0	113448
128	60	64	0	114303
128	81	64	0	114382
128	72	64	0	114440
144	57	51	0	114446
144	72	54	0	114749
128	57	64	0	114888
144	60	34	0	115223
128	60	64	0	115713
128	72	64	0	116344
144	57	66	0	116384
144	72	74	0	116694
128	57	64	0	117179
144	51	55	0	117190
144	66	51	0	117818
128	51	64	0	118067
128	66	64	0	118256
144	48	58	0	118293
144	66	48	0	118448
128	66	64	0	118529
144	57	50	0	118687
144	66	48	0	118800
128	66	64	0	118866
144	66	48	0	119059
128	66	64	0	119151
128	57	64	0	119192
128	48	64	0	119232
144	54	31	0	119267
144	66	47	0	119353
128	66	64	0	119447
128	54	64	0	119655
144	66	61	0	119683
128	66	64	0	119835
144	48	56	0	120155
144	66	54	0	120316
128	66	64	0	120456
128	48	64	0	120532
144	57	48	0	120544
144	66	61	0	120654
128	66	64	0	120721
144	66	55	0	120960
128	66	64	0	121094
128	57	64	0	121122
144	54	53	0	121122
144	66	54	0	121293
128	66	64	0	121400
128	54	64	0	121543
144	51	31	0	121571
144	66	55	0	121658
128	66	64	0	121719
128	51	64	0	121765
128	72	64	0	121878
144	48	62	0	122055
144	69	61	0	122088
128	69	64	0	122242
144	66	42	0	122273
128	66	64	0	122349
144	69	54	0	122399
128	69	64	0	122500
144	66	51	0	122541
128	48	64	0	122559
144	57	23	0	122589
128	66	64	0	122678
144	69	57	0	122707
128	69	64	0	122800
144	66	50	0	122870
128	66	64	0	122950
144	69	53	0	123018
128	57	64	0	123039
144	54	51	0	123048
128	69	64	0	123132
144	66	53	0	123189
128	66	64	0	123276
144	69	48	0	123330
128	69	64	0	123434
144	66	44	0	123478
128	54	64	0	123488
144	51	51	0	123510
128	66	64	0	123631
144	69	50	0	123675
128	69	64	0	123779
144	66	58	0	123816
128	66	64	0	123880
128	51	64	0	123975
144	48	69	0	123984
144	69	64	0	124019
128	69	64	0	124156
144	66	59	0	124174
128	66	64	0	124277
144	69	63	0	124328
144	66	51	0	124479
128	69	64	0	124479
144	57	46	0	124491
128	48	64	0	124543
128	66	64	0	124618
144	69	52	0	124641
128	69	64	0	124782
144	66	56	0	124823
128	66	64	0	124946
144	69	59	0	124965
128	57	64	0	124986
144	54	54	0	124991
128	69	64	0	125108
144	66	56	0	125137
128	66	64	0	125209
144	69	46	0	125263
128	54	64	0	125389
128	69	64	0	125425
144	51	59	0	125443
144	66	53	0	125453
128	66	64	0	125528
128	51	64	0	125561
144	66	61	0	125936
144	48	42	0	125955
128	66	64	0	126098
144	69	59	0	126120
128	69	64	0	126255
144	66	50	0	126265
128	66	64	0	126412
144	69	59	0	126431
144	57	45	0	126443
128	48	64	0	126498
128	69	64	0	126570
144	66	47	0	126590
128	66	64	0	126724
144	69	57	0	126739
128	69	64	0	126874
144	66	46	0	126883
144	54	50	0	126898
128	57	64	0	126928
128	66	64	0	127018
144	69	54	0	127043
128	69	64	0	127167
144	66	51	0	127218
128	66	64	0	127312
128	54	64	0	127319
144	51	53	0	127338
144	69	59	0	127344
128	69	64	0	127474
144	66	42	0	127515
128	66	64	0	127674
144	69	57	0	127691
128	51	64	0	127821
128	69	64	0	127845
144	66	53	0	127874
144	48	56	0	127901
128	66	64	0	128007
144	69	48	0	128034
128	69	64	0	128168
144	66	58	0	128204
128	48	64	0	128283
144	57	45	0	128283
128	66	64	0	128318
144	69	46	0	128376
128	69	64	0	128481
144	66	55	0	128513
128	66	64	0	128604
144	69	54	0	128663
128	69	64	0	128810
128	57	64	0	128810
144	66	50	0	128833
144	54	46	0	128833
128	66	64	0	128920
144	69	50	0	128992
128	69	64	0	129064
144	66	48	0	129126
128	54	64	0	129267
128	66	64	0	129267
144	51	61	0	129280
144	69	61	0	129298
128	51	64	0	129337
128	69	64	0	129364
144	48	75	0	129756
144	66	75	0	129785
128	66	64	0	129907
144	69	64	0	129922
144	66	56	0	130094
128	69	64	0	130101
128	48	64	0	130237
144	57	52	0	130237
128	66	64	0	130245
144	64	53	0	130287
128	64	64	0	130380
144	66	53	0	130432
128	66	64	0	130494
144	64	41	0	130581
128	64	64	0	130682
128	57	64	0	130705
144	63	49	0	130732
144	54	43	0	130745
128	63	64	0	130813
144	64	55	0	130868
128	64	64	0	131017
144	63	36	0	131069
128	54	64	0	131125
144	51	58	0	131190
128	63	64	0	131225
128	51	64	0	131268
144	48	45	0	131714
144	69	22	0	131714
128	69	64	0	131909
144	66	46	0	131938
128	66	64	0	131998
144	69	36	0	132061
128	48	64	0	132179
128	69	64	0	132188
144	57	44	0	132204
144	66	38	0	132221
128	66	64	0	132325
144	69	36	0	132420
128	69	64	0	132513
144	66	37	0	132561
128	57	64	0	132627
128	66	64	0	132645
144	69	47	0	132703
144	54	21	0	132762
128	69	64	0	132833
144	66	35	0	132869
128	66	64	0	132974
144	69	39	0	133041
128	54	64	0	133057
128	69	64	0	133148
144	51	49	0	133173
144	66	45	0	133180
128	51	64	0	133279
128	66	64	0	133279
144	69	46	0	133639
144	48	55	0	133639
128	69	64	0	133786
144	66	48	0	133800
128	66	64	0	133906
144	69	50	0	133955
128	48	64	0	134044
144	57	30	0	134080
128	69	64	0	134087
144	66	41	0	134115
128	66	64	0	134204
144	69	53	0	134266
128	69	64	0	134370
144	66	42	0	134425
128	66	64	0	134543
128	57	64	0	134578
144	69	46	0	134603
144	54	42	0	134623
128	69	64	0	134735
144	66	40	0	134775
128	66	64	0	134869
144	69	42	0	134949
128	54	64	0	134995
128	69	64	0	135037
144	66	55	0	135101
144	51	45	0	135138
128	66	64	0	135546
144	67	50	0	135600
144	66	46	0	135759
128	67	64	0	135787
128	66	64	0	135892
144	64	48	0	135924
128	64	64	0	136077
144	66	50	0	136089
128	66	64	0	136169
144	64	33	0	136212
128	64	64	0	136389
144	63	42	0	136422
128	63	64	0	136510
144	64	60	0	136565
128	64	64	0	136704
144	63	45	0	136712
128	63	64	0	136830
144	61	53	0	136872
144	60	63	0	137014
128	61	64	0	137014
128	51	64	0	137196
144	51	4	0	137347
128	51	64	0	137445
128	60	64	0	137479
144	55	54	0	137487
144	60	49	0	137618
128	60	64	0	137766
128	55	64	0	137795
144	48	53	0	137805
144	60	66	0	137943
128	60	64	0	138067
128	48	64	0	138067
144	54	55	0	138230
144	60	64	0	138302
128	54	64	0	138324
128	60	64	0	138419
144	48	55	0	138629
144	60	51	0	138639
128	48	64	0	138719
128	60	64	0	138719
144	52	63	0	138884
144	60	73	0	138929
128	52	64	0	139003
128	60	64	0	139008
144	48	64	0	139383
144	60	53	0	139885
144	63	63	0	139896
128	48	64	0	140016
144	54	60	0	140360
144	57	44	0	140367
128	63	64	0	140389
128	60	64	0	140389
128	54	64	0	140846
144	60	48	0	140852
144	63	59	0	140852
128	57	64	0	140883
128	63	64	0	141334
144	48	64	0	141346
128	60	64	0	141365
144	60	43	0	141872
144	63	59	0	141889
128	48	64	0	141918
144	57	39	0	142327
128	63	64	0	142335
144	54	53	0	142335
128	60	64	0	142359
144	63	50	0	142790
144	60	34	0	142805
128	54	64	0	142819
128	57	64	0	142836
144	48	58	0	143271
128	63	64	0	143283
128	60	64	0	143312
144	60	49	0	143792
128	48	64	0	143792
144	63	56	0	143798
128	63	64	0	144233
144	57	40	0	144240
128	60	64	0	144248
144	54	51	0	144274
144	63	54	0	144707
144	60	42	0	144715
128	57	64	0	144779
128	54	64	0	144791
144	48	63	0	145196
128	63	64	0	145209
128	60	64	0	145214
144	63	55	0	145693
144	60	50	0	145711
128	48	64	0	145744
128	63	64	0	146211
144	57	39	0	146211
144	54	49	0	146217
128	60	64	0	146234
144	63	61	0	146642
144	60	49	0	146657
128	54	64	0	146681
128	57	64	0	146694
144	48	56	0	147101
128	60	64	0	147217
128	63	64	0	147284
144	69	43	0	147290
128	69	64	0	147389
144	63	55	0	147389
144	60	60	0	147423
128	48	64	0	147544
128	60	64	0	147613
144	69	47	0	147644
144	57	49	0	147644
128	63	64	0	147811
128	57	64	0	148094
144	54	58	0	148107
144	60	51	0	148265
144	63	49	0	148295
128	63	64	0	148359
128	60	64	0	148370
128	54	64	0	148443
144	48	51	0	148578
128	48	64	0	149018
144	57	58	0	149033
144	60	47	0	149155
144	63	60	0	149212
128	63	64	0	149294
128	60	64	0	149321
128	57	64	0	149528
144	54	56	0	149534
144	60	13	0	149612
144	63	43	0	149612
128	60	64	0	149745
128	63	64	0	149916
128	54	64	0	149962
144	48	51	0	150034
128	48	64	0	150457
144	57	51	0	150493
144	60	51	0	150493
144	63	65	0	150509
128	57	64	0	150889
128	60	64	0	150929
128	63	64	0	150929
128	69	64	0	150950
144	54	52	0	150950
144	60	55	0	151119
144	66	63	0	151125
128	60	64	0	151226
128	66	64	0	151255
128	54	64	0	151386
144	48	64	0	151427
144	66	64	0	151475
144	60	54	0	151486
128	48	64	0	151862
128	60	64	0	151897
144	57	60	0	151897
128	66	64	0	151919
144	69	55	0	152077
144	60	49	0	152077
128	69	64	0	152215
128	57	64	0	152230
128	60	64	0	152235
144	54	60	0	152272
144	66	66	0	152417
144	60	54	0	152431
128	54	64	0	152840
128	60	64	0	152868
144	48	61	0	152878
128	66	64	0	152884
144	60	52	0	153051
144	66	67	0	153063
128	60	64	0	153173
128	66	64	0	153182
144	57	58	0	153241
128	48	64	0	153256
144	60	55	0	153378
144	69	64	0	153389
128	69	64	0	153502
128	60	64	0	153512
128	57	64	0	153610
144	54	49	0	153617
144	66	58	0	153679
144	60	52	0	153688
128	60	64	0	153792
128	66	64	0	153815
128	54	64	0	153836
144	48	55	0	153867
144	63	64	0	154042
144	60	53	0	154049
128	48	64	0	154098
128	60	64	0	154140
128	63	64	0	154146
144	57	50	0	154156
144	66	73	0	154372
144	54	61	0	154377
144	60	64	0	154386
128	57	64	0	154386
128	54	64	0	154446
128	60	64	0	154604
128	66	64	0	154616
144	48	62	0	154811
144	60	56	0	154962
144	66	40	0	154984
128	48	64	0	155022
128	60	64	0	155036
128	66	64	0	155056
144	66	62	0	155299
144	60	57	0	155306
144	57	55	0	155306
128	66	64	0	155354
128	60	64	0	155371
128	57	64	0	155388
144	66	51	0	155602
144	60	38	0	155612
128	66	64	0	155670
128	60	64	0	155696
144	54	68	0	155783
128	54	64	0	155832
144	66	54	0	155956
144	60	44	0	155964
128	66	64	0	156020
128	60	64	0	156050
144	57	60	0	156273
144	60	65	0	156340
144	66	64	0	156340
128	57	64	0	156357
128	66	64	0	156389
128	60	64	0	156397
144	54	64	0	156735
128	54	64	0	156784
144	60	63	0	156857
144	66	69	0	156857
128	66	64	0	156909
128	60	64	0	156919
144	57	50	0	157109
128	57	64	0	157192
144	66	63	0	157236
144	60	55	0	157236
128	66	64	0	157283
128	60	64	0	157306
144	66	61	0	157463
144	60	53	0	157489
128	66	64	0	157559
128	60	64	0	157559
144	54	63	0	157688
128	54	64	0	157751
144	66	58	0	157854
144	60	51	0	157863
128	66	64	0	157915
128	60	64	0	157942
144	57	57	0	158033
128	57	64	0	158175
144	66	70	0	158175
144	60	64	0	158181
128	66	64	0	158219
128	60	64	0	158233
144	57	69	0	158673
144	66	39	0	158845
128	66	64	0	158912
144	66	52	0	159004
144	60	55	0	159022
128	60	64	0	159103
144	54	65	0	159138
128	66	64	0	159138
128	57	64	0	159155
128	54	64	0	159187
144	66	42	0	159330
128	66	64	0	159394
144	66	55	0	159484
144	60	68	0	159484
128	60	64	0	159545
128	66	64	0	159550
144	57	56	0	159623
128	57	64	0	159720
144	54	67	0	160102
128	54	64	0	160152
144	66	68	0	160250
144	60	57	0	160256
128	66	64	0	160293
128	60	64	0	160320
144	60	61	0	160416
144	66	56	0	160432
128	66	64	0	160485
128	60	64	0	160495
144	57	60	0	160572
144	54	70	0	161056
128	57	64	0	161100
144	66	57	0	161196
144	60	53	0	161208
128	54	64	0	161209
128	66	64	0	161248
128	60	64	0	161280
144	66	58	0	161400
144	60	49	0	161409
128	66	64	0	161452
128	60	64	0	161486
144	57	58	0	161548
144	60	52	0	161695
144	66	46	0	161709
128	60	64	0	161765
128	57	64	0	161770
128	66	64	0	161770
144	66	40	0	161880
144	60	46	0	161886
128	66	64	0	161964
128	60	64	0	161964
144	54	59	0	162024
128	54	64	0	162075
144	55	73	0	162471
144	67	34	0	162531
128	67	64	0	162641
144	66	60	0	162661
128	66	64	0	162735
128	55	64	0	162744
144	67	48	0	162832
144	55	11	0	162838
128	67	64	0	162906
144	66	62	0	162932
128	66	64	0	163007
128	55	64	0	163007
144	67	35	0	163109
128	67	64	0	163206
144	66	39	0	163258
128	66	64	0	163329
144	54	57	0	163413
144	66	46	0	163453
128	54	64	0	163481
128	66	64	0	163540
144	52	62	0	163876
144	64	51	0	163876
128	52	64	0	164022
128	64	64	0	164038
144	54	65	0	164388
144	66	33	0	164448
128	66	64	0	164550
144	64	31	0	164602
128	54	64	0	164602
128	64	64	0	164685
144	66	36	0	164739
128	66	64	0	164830
144	54	51	0	164916
128	54	64	0	164984
144	66	35	0	165028
128	66	64	0	165126
144	64	23	0	165187
128	64	64	0	165327
144	66	48	0	165375
144	54	59	0	165399
128	54	64	0	165457
128	66	64	0	165490
144	64	44	0	165536
128	64	64	0	165643
144	66	40	0	165700
128	66	64	0	165825
144	64	48	0	165883
144	54	38	0	165893
128	54	64	0	166250
144	55	33	0	166362
144	67	51	0	166383
128	64	64	0	166388
128	55	64	0	166511
128	67	64	0	166527
144	66	44	0	166542
144	54	23	0	166580
128	66	64	0	166632
128	54	64	0	166683
144	64	21	0	166724
128	64	64	0	166783
144	63	48	0	166873
128	63	64	0	167299
144	55	42	0	167319
144	67	53	0	167327
128	55	64	0	167421
144	66	55	0	167472
128	67	64	0	167484
128	66	64	0	167631
144	64	42	0	167636
144	63	57	0	167809
128	64	64	0	167814
144	54	51	0	167840
128	54	64	0	167907
128	63	64	0	168262
144	67	51	0	168282
144	55	50	0	168295
128	55	64	0	168384
144	66	56	0	168416
128	67	64	0	168434
128	66	64	0	168614
144	63	53	0	168641
128	63	64	0	168716
144	66	52	0	168770
144	54	44	0	168813
128	66	64	0	168866
128	54	64	0	168880
144	64	49	0	168943
128	64	64	0	169033
144	66	48	0	169097
128	66	64	0	169190
144	64	55	0	169248
144	55	41	0	169266
128	55	64	0	169361
128	64	64	0	169395
144	66	58	0	169402
128	66	64	0	169480
144	64	62	0	169567
144	63	53	0	169743
128	64	64	0	169743
128	63	64	0	169822
144	67	62	0	170225
144	55	53	0	170232
128	55	64	0	170315
128	67	64	0	170396
144	66	50	0	170412
128	66	64	0	170486
144	64	51	0	170538
128	64	64	0	170622
144	66	55	0	170678
144	54	51	0	170724
128	66	64	0	170767
128	54	64	0	170786
144	64	43	0	170835
128	64	64	0	170934
144	63	51	0	170982
128	63	64	0	171086
144	66	50	0	171154
144	55	51	0	171184
128	55	64	0	171261
128	66	64	0	171282
144	64	52	0	171332
128	64	64	0	171478
144	63	40	0	171520
128	63	64	0	171589
144	63	55	0	171685
144	54	29	0	171718
128	54	64	0	171764
128	63	64	0	171803
144	55	56	0	172205
128	55	64	0	172582
144	60	64	0	172638
128	60	64	0	173137
144	55	49	0	173156
144	60	59	0	173560
128	55	64	0	173577
144	48	59	0	174042
128	60	64	0	174067
144	60	64	0	174549
128	48	64	0	174571
144	55	60	0	175030
128	60	64	0	175055
144	60	64	0	175524
128	55	64	0	175577
128	60	64	0	176006
144	55	51	0	176026
144	60	51	0	176144
128	55	64	0	176275
128	60	64	0	176905
144	55	53	0	176926
144	60	58	0	177050
128	55	64	0	177187
128	60	64	0	177207
144	58	52	0	177247
144	60	53	0	177336
128	58	64	0	177732
144	55	42	0	177832
128	60	64	0	177876
128	55	64	0	178309
144	67	63	0	178339
144	60	51	0	178339
128	60	64	0	178808
128	67	64	0	178815
144	55	36	0	178843
128	55	64	0	179325
144	67	59	0	179325
144	60	55	0	179331
144	58	54	0	179355
128	58	64	0	179426
128	67	64	0	179769
128	60	64	0	179785
144	55	63	0	179826
144	60	45	0	179984
128	60	64	0	180110
144	70	44	0	180137
128	55	64	0	180266
128	70	64	0	180299
144	58	49	0	180346
144	60	44	0	180479
144	70	59	0	180630
128	60	64	0	180630
128	70	64	0	180721
128	58	64	0	180721
144	55	59	0	180767
144	60	62	0	180935
144	70	61	0	181112
128	60	64	0	181129
128	55	64	0	181205
144	58	69	0	181256
128	70	64	0	181262
144	70	68	0	181663
128	58	64	0	181688
144	55	66	0	181714
144	69	81	0	181767
128	70	64	0	181781
128	55	64	0	182104
128	69	64	0	182174
144	67	67	0	182210
144	58	60	0	182219
128	58	64	0	182630
144	55	59	0	182681
128	67	64	0	182717
128	55	64	0	183146
144	58	56	0	183173
144	60	53	0	183523
128	58	64	0	183615
144	55	66	0	183657
128	60	64	0	183657
144	63	61	0	183673
128	55	64	0	184063
144	58	59	0	184141
128	63	64	0	184150
144	60	61	0	184165
128	60	64	0	184282
128	58	64	0	184331
144	63	61	0	184483
128	63	64	0	184616
144	60	68	0	184634
144	55	63	0	184648
128	55	64	0	185105
144	58	60	0	185115
144	63	75	0	185137
128	60	64	0	185154
128	58	64	0	185527
144	55	59	0	185589
128	55	64	0	185998
144	58	51	0	186064
128	63	64	0	186231
144	60	62	0	186249
128	60	64	0	186351
144	63	51	0	186411
128	58	64	0	186518
144	55	56	0	186573
128	63	64	0	186573
144	60	62	0	186711
128	60	64	0	186846
144	63	58	0	186853
128	55	64	0	186929
144	54	63	0	186941
128	63	64	0	187024
144	60	68	0	187041
144	55	67	0	187054
128	54	64	0	187068
128	55	64	0	187199
128	60	64	0	187226
144	55	62	0	187531
144	60	62	0	187549
144	63	62	0	187689
128	60	64	0	187694
128	63	64	0	187765
128	55	64	0	187799
144	60	40	0	187833
128	60	64	0	187957
144	63	54	0	188010
144	58	59	0	188016
128	63	64	0	188141
144	60	51	0	188171
128	58	64	0	188287
128	60	64	0	188309
144	63	52	0	188329
128	63	64	0	188432
144	55	59	0	188487
144	60	60	0	188487
144	67	57	0	188657
128	60	64	0	188683
144	63	64	0	188818
128	55	64	0	188832
128	67	64	0	188843
144	60	71	0	188977
128	63	64	0	188977
144	58	68	0	188983
128	58	64	0	189055
128	60	64	0	189167
144	60	60	0	189470
144	55	60	0	189491
128	60	64	0	189616
144	63	55	0	189639
128	63	64	0	189726
144	60	52	0	189781
128	60	64	0	189896
128	55	64	0	189920
144	63	52	0	189963
144	58	47	0	189980
128	63	64	0	190053
144	60	58	0	190103
128	60	64	0	190185
144	63	46	0	190276
128	58	64	0	190382
128	63	64	0	190423
144	55	58	0	190446
144	60	64	0	190456
144	67	54	0	190606
128	60	64	0	190606
128	67	64	0	190767
144	60	67	0	190784
128	55	64	0	190903
144	54	68	0	190913
128	60	64	0	190913
144	66	76	0	190925
128	54	64	0	190960
128	66	64	0	191014
144	55	74	0	191405
144	60	73	0	191412
128	60	64	0	191550
144	63	60	0	191558
128	63	64	0	191685
144	60	50	0	191685
128	55	64	0	191849
128	60	64	0	191849
144	63	55	0	191869
144	58	52	0	191879
128	63	64	0	191984
144	60	31	0	192060
128	60	64	0	192147
144	63	49	0	192181
128	58	64	0	192290
128	63	64	0	192314
144	60	55	0	192363
144	55	53	0	192363
128	60	64	0	192460
144	63	49	0	192518
128	63	64	0	192602
144	60	47	0	192667
128	60	64	0	192754
128	55	64	0	192780
144	58	47	0	192820
144	63	39	0	192845
128	63	64	0	192923
144	60	55	0	192966
128	60	64	0	193070
144	63	41	0	193106
128	63	64	0	193211
128	58	64	0	193211
144	55	59	0	193286
144	60	51	0	193292
128	60	64	0	193367
144	63	52	0	193417
128	63	64	0	193497
144	60	47	0	193581
128	55	64	0	193700
144	58	61	0	193732
144	63	62	0	193741
128	60	64	0	193750
128	63	64	0	193899
144	62	31	0	193923
128	58	64	0	193961
128	62	64	0	194037
144	60	47	0	194068
144	55	53	0	194231
128	60	64	0	194240
144	62	52	0	194245
144	63	54	0	194365
128	62	64	0	194371
128	63	64	0	194533
144	65	68	0	194538
128	55	64	0	194538
144	66	80	0	194705
128	65	64	0	194711
144	58	65	0	194724
128	58	64	0	194790
128	66	64	0	194829
144	60	80	0	195221
144	55	69	0	195239
144	63	54	0	195394
128	60	64	0	195418
128	63	64	0	195450
144	62	66	0	195463
144	63	65	0	195632
128	62	64	0	195652
128	55	64	0	195674
144	58	37	0	195756
128	63	64	0	195763
144	60	64	0	195790
128	58	64	0	195868
128	60	64	0	195964
144	62	53	0	195974
128	62	64	0	196109
144	63	63	0	196126
144	55	64	0	196188
128	63	64	0	196254
144	60	63	0	196265
128	60	64	0	196445
144	65	61	0	196552
128	55	64	0	196571
144	58	63	0	196684
144	66	67	0	196721
128	65	64	0	196721
128	58	64	0	196758
128	66	64	0	196878
144	60	67	0	197118
144	55	64	0	197133
144	62	51	0	197299
128	60	64	0	197308
144	63	63	0	197466
128	62	64	0	197466
128	55	64	0	197573
128	63	64	0	197620
144	58	44	0	197628
144	60	62	0	197648
128	60	64	0	197802
144	62	37	0	197824
128	62	64	0	197938
144	63	53	0	197946
128	58	64	0	198053
128	63	64	0	198084
144	60	55	0	198135
144	55	55	0	198135
128	60	64	0	198292
144	62	40	0	198309
128	62	64	0	198408
144	65	54	0	198469
128	55	64	0	198513
144	58	45	0	198602
144	66	58	0	198642
128	65	64	0	198653
128	58	64	0	198799
128	66	64	0	198804
144	60	62	0	199071
144	55	49	0	199107
128	60	64	0	199215
144	63	59	0	199236
128	55	64	0	199346
128	63	64	0	199380
144	60	53	0	199380
144	67	52	0	199552
128	60	64	0	199557
144	58	55	0	199580
128	58	64	0	199655
144	63	48	0	199718
128	67	64	0	199718
128	63	64	0	199888
144	60	51	0	199888
144	55	62	0	200034
128	60	64	0	200040
144	67	59	0	200050
144	60	51	0	200259
128	67	64	0	200259
128	55	64	0	200397
128	60	64	0	200456
144	63	49	0	200473
144	58	61	0	200522
128	63	64	0	200554
144	69	57	0	200597
128	58	64	0	200612
128	69	64	0	200706
144	60	51	0	200768
128	60	64	0	200907
144	63	53	0	200922
128	63	64	0	200995
144	55	57	0	201024
144	69	65	0	201024
128	69	64	0	201149
144	60	72	0	201158
128	60	64	0	201345
144	63	50	0	201366
128	55	64	0	201386
144	58	46	0	201522
144	70	42	0	201522
128	63	64	0	201531
128	70	64	0	201664
144	60	50	0	201717
128	60	64	0	201805
144	63	51	0	201836
128	58	64	0	201955
128	63	64	0	201968
144	54	58	0	201987
144	70	64	0	202000
128	70	64	0	202144
144	63	56	0	202159
128	54	64	0	202251
128	63	64	0	202334
144	60	36	0	202361
144	58	64	0	202456
144	70	71	0	202462
128	60	64	0	202462
128	58	64	0	202541
128	70	64	0	202627
144	54	63	0	202925
144	60	64	0	202934
128	60	64	0	203092
144	63	58	0	203109
128	54	64	0	203109
144	57	55	0	203122
128	63	64	0	203211
144	66	61	0	203254
128	57	64	0	203283
144	54	56	0	203334
128	66	64	0	203342
144	60	66	0	203406
128	54	64	0	203413
144	57	58	0	203472
128	60	64	0	203539
144	63	47	0	203559
128	57	64	0	203615
128	63	64	0	203636
144	66	64	0	203670
144	54	51	0	203683
128	66	64	0	203769
128	54	64	0	203798
144	60	64	0	203831
144	57	58	0	203841
128	60	64	0	203974
128	57	64	0	203984
144	63	47	0	203994
144	54	60	0	204020
128	63	64	0	204068
144	66	64	0	204090
128	54	64	0	204211
128	66	64	0	204217
144	57	69	0	204251
144	60	72	0	204272
128	57	64	0	204389
128	60	64	0	204398
144	48	60	0	204781
128	48	64	0	205235
144	55	45	0	205284
128	55	64	0	205720
144	48	39	0	205811
144	55	53	0	206246
128	48	64	0	206262
128	55	64	0	206722
144	48	58	0	206758
144	60	63	0	206788
128	60	64	0	206873
144	60	43	0	207100
128	60	64	0	207213
128	48	64	0	207239
144	67	31	0	207271
144	55	20	0	207288
128	67	64	0	207372
144	60	42	0	207413
128	60	64	0	207535
144	67	47	0	207570
128	67	64	0	207704
128	55	64	0	207722
144	60	52	0	207746
144	48	21	0	207760
128	60	64	0	207864
144	67	44	0	207905
128	67	64	0	208001
144	60	53	0	208052
128	48	64	0	208192
144	55	40	0	208206
128	60	64	0	208214
144	67	51	0	208231
128	55	64	0	208636
144	48	51	0	208671
128	67	64	0	208706
144	60	44	0	208744
144	66	57	0	208823
128	60	64	0	208832
128	66	64	0	209001
144	60	55	0	209018
128	48	64	0	209052
144	57	33	0	209151
144	69	64	0	209174
128	60	64	0	209183
128	57	64	0	209611
144	48	62	0	209633
128	69	64	0	209698
144	60	27	0	209745
128	60	64	0	209803
144	66	61	0	209817
128	66	64	0	209916
144	60	60	0	209976
128	48	64	0	210103
144	55	53	0	210128
128	60	64	0	210128
144	67	54	0	210158
128	55	64	0	210587
144	48	29	0	210620
128	67	64	0	210680
144	60	46	0	210706
128	60	64	0	210793
144	66	56	0	210828
128	66	64	0	210933
144	60	42	0	210984
128	48	64	0	211115
128	60	64	0	211115
144	57	53	0	211138
144	69	52	0	211148
128	57	64	0	211539
144	48	49	0	211584
128	69	64	0	211641
144	60	38	0	211641
128	60	64	0	211743
144	66	52	0	211774
128	66	64	0	211892
144	60	55	0	211926
128	48	64	0	212062
144	55	39	0	212088
128	60	64	0	212093
144	67	52	0	212132
128	55	64	0	212507
128	67	64	0	212570
144	48	49	0	212570
144	60	51	0	212590
128	60	64	0	212724
144	63	58	0	212741
128	63	64	0	212816
144	60	40	0	212884
128	48	64	0	213032
128	60	64	0	213044
144	63	59	0	213044
144	54	46	0	213054
128	63	64	0	213198
144	60	43	0	213217
128	60	64	0	213308
144	63	34	0	213334
128	54	64	0	213469
128	63	64	0	213496
144	60	43	0	213546
144	48	35	0	213546
128	60	64	0	213628
144	63	47	0	213676
128	63	64	0	213772
144	60	49	0	213835
128	48	64	0	213922
128	60	64	0	213951
144	54	54	0	213957
144	63	56	0	214000
128	63	64	0	214105
144	60	53	0	214137
128	60	64	0	214282
144	63	48	0	214290
128	54	64	0	214421
128	63	64	0	214436
144	64	43	0	214453
144	48	62	0	214453
144	63	66	0	214617
128	64	64	0	214617
128	63	64	0	214748
144	60	53	0	214797
128	48	64	0	214818
144	54	57	0	214902
128	60	64	0	214931
144	64	55	0	214937
144	63	53	0	215081
128	64	64	0	215091
128	63	64	0	215270
144	60	51	0	215275
128	54	64	0	215331
144	48	51	0	215418
128	60	64	0	215427
144	64	51	0	215432
144	63	56	0	215656
128	64	64	0	215656
128	63	64	0	215773
144	60	49	0	215805
128	48	64	0	215930
144	54	58	0	215936
144	64	58	0	215955
128	60	64	0	215956
144	63	57	0	216115
128	64	64	0	216136
128	63	64	0	216315
144	60	53	0	216326
128	54	64	0	216392
144	55	41	0	216441
144	64	56	0	216465
128	60	64	0	216485
144	63	58	0	216609
128	64	64	0	216616
144	60	51	0	216778
128	63	64	0	216778
128	55	64	0	216900
144	54	57	0	216905
144	64	45	0	216963
128	60	64	0	216963
144	63	54	0	217125
128	64	64	0	217144
128	63	64	0	217314
144	60	55	0	217329
128	54	64	0	217334
144	48	58	0	217358
128	60	64	0	217491
144	64	60	0	217511
144	63	64	0	217647
128	64	64	0	217667
128	48	64	0	217803
128	63	64	0	217803
144	52	53	0	217823
144	60	60	0	217830
128	60	64	0	218005
144	64	52	0	218021
144	63	59	0	218138
128	64	64	0	218166
128	52	64	0	218286
128	63	64	0	218308
144	55	43	0	218324
144	60	62	0	218348
128	60	64	0	218505
144	64	55	0	218516
144	63	61	0	218666
128	64	64	0	218677
144	54	52	0	218804
128	55	64	0	218809
128	63	64	0	218852
144	60	61	0	218857
128	60	64	0	219048
144	64	54	0	219053
144	63	63	0	219178
128	64	64	0	219202
128	54	64	0	219238
144	48	63	0	219297
128	63	64	0	219320
144	60	60	0	219351
128	60	64	0	219519
144	64	57	0	219519
144	63	61	0	219647
128	64	64	0	219676
144	52	48	0	219798
128	63	64	0	219812
144	60	60	0	219840
128	48	64	0	219973
128	60	64	0	219996
144	64	59	0	220019
144	63	59	0	220150
128	64	64	0	220168
128	52	64	0	220277
144	55	53	0	220290
128	63	64	0	220299
144	60	56	0	220336
128	60	64	0	220480
144	64	49	0	220503
144	63	59	0	220647
128	64	64	0	220662
128	63	64	0	220749
128	55	64	0	220794
144	54	51	0	220800
144	60	43	0	220830
128	60	64	0	220991
144	64	49	0	221015
128	64	64	0	221128
144	63	60	0	221128
128	63	64	0	221220
128	54	64	0	221233
144	48	53	0	221270
144	60	55	0	221301
128	60	64	0	221462
144	64	49	0	221462
144	63	63	0	221605
128	64	64	0	221624
128	48	64	0	221657
128	63	64	0	221744
144	51	58	0	221744
144	60	60	0	221772
144	64	58	0	221916
128	60	64	0	221927
144	63	61	0	222067
128	64	64	0	222086
128	51	64	0	222196
128	63	64	0	222216
144	55	58	0	222216
144	60	63	0	222241
128	60	64	0	222408
144	64	60	0	222417
144	63	63	0	222551
128	64	64	0	222570
128	63	64	0	222663
128	55	64	0	222680
144	54	52	0	222704
144	60	56	0	222720
128	60	64	0	222887
144	64	59	0	222887
144	63	64	0	223034
128	64	64	0	223048
128	54	64	0	223151
128	63	64	0	223182
144	60	63	0	223188
144	48	51	0	223204
144	64	59	0	223374
128	60	64	0	223374
144	63	66	0	223485
128	64	64	0	223497
128	48	64	0	223598
144	51	64	0	223639
128	63	64	0	223639
144	60	70	0	223659
128	51	64	0	223708
128	60	64	0	223722
144	55	55	0	224139
144	60	72	0	224139
128	60	64	0	224300
144	64	60	0	224317
144	63	62	0	224448
128	64	64	0	224462
128	55	64	0	224576
144	54	53	0	224618
128	63	64	0	224642
144	60	58	0	224657
128	60	64	0	224785
144	64	54	0	224797
144	63	60	0	224940
128	64	64	0	224971
128	54	64	0	225018
144	48	48	0	225079
128	63	64	0	225079
144	60	64	0	225101
144	64	62	0	225261
128	60	64	0	225275
144	63	64	0	225380
128	64	64	0	225405
128	48	64	0	225471
144	51	55	0	225506
128	63	64	0	225551
144	60	60	0	225560
144	64	60	0	225720
128	60	64	0	225730
144	63	64	0	225851
128	64	64	0	225881
128	51	64	0	226013
128	63	64	0	226022
144	55	49	0	226041
144	60	64	0	226050
144	64	62	0	226206
128	60	64	0	226222
144	63	60	0	226364
128	64	64	0	226378
128	63	64	0	226523
144	60	60	0	226536
144	54	58	0	226541
128	55	64	0	226541
144	64	59	0	226692
128	60	64	0	226707
144	63	60	0	226829
128	64	64	0	226858
128	54	64	0	226966
128	63	64	0	226999
144	48	52	0	227011
144	60	62	0	227016
144	64	44	0	227163
128	60	64	0	227169
144	63	60	0	227347
128	64	64	0	227379
144	51	67	0	227481
128	48	64	0	227490
144	60	75	0	227499
128	63	64	0	227506
128	51	64	0	227529
128	60	64	0	227561
144	48	62	0	227986
144	60	75	0	227986
128	60	64	0	228159
144	64	60	0	228159
144	63	64	0	228278
128	64	64	0	228310
144	55	60	0	228442
128	48	64	0	228442
128	63	64	0	228457
144	60	68	0	228457
144	64	60	0	228631
128	60	64	0	228640
144	63	65	0	228762
128	64	64	0	228795
128	63	64	0	228931
128	55	64	0	228947
144	60	65	0	228953
144	54	59	0	228953
128	60	64	0	229105
144	64	64	0	229113
144	63	61	0	229259
128	64	64	0	229285
144	60	82	0	229423
144	51	61	0	229428
128	63	64	0	229428
128	54	64	0	229428
128	51	64	0	229471
128	60	64	0	229486
144	60	76	0	229900
144	48	32	0	229929
144	47	21	0	229957
128	47	64	0	230026
128	60	64	0	230045
144	64	52	0	230051
144	63	58	0	230219
128	64	64	0	230257
144	60	66	0	230371
128	63	64	0	230379
144	55	55	0	230385
128	48	64	0	230385
144	64	63	0	230556
128	60	64	0	230556
144	63	65	0	230691
128	64	64	0	230710
128	55	64	0	230841
128	63	64	0	230841
144	51	62	0	230848
144	60	62	0	230871
128	60	64	0	231022
144	64	60	0	231037
144	63	60	0	231175
128	64	64	0	231243
128	63	64	0	231341
144	60	75	0	231348
144	54	63	0	231358
128	51	64	0	231358
128	54	64	0	231406
128	60	64	0	231411
144	48	57	0	231777
144	60	62	0	231796
128	60	64	0	231899
144	63	59	0	231939
128	63	64	0	232032
144	60	54	0	232080
128	48	64	0	232231
128	60	64	0	232245
144	63	55	0	232275
144	54	53	0	232293
128	63	64	0	232387
144	60	49	0	232432
128	54	64	0	232497
128	60	64	0	232519
144	63	51	0	232576
128	63	64	0	232697
144	48	53	0	232751
144	60	55	0	232763
128	60	64	0	232854
144	63	49	0	232911
128	63	64	0	232986
128	48	64	0	232993
144	60	44	0	233046
128	60	64	0	233154
144	63	57	0	233216
144	54	47	0	233233
128	63	64	0	233321
144	60	55	0	233386
128	60	64	0	233472
128	54	64	0	233478
144	63	53	0	233512
128	63	64	0	233639
144	48	44	0	233704
144	60	51	0	233716
128	60	64	0	233820
144	63	51	0	233848
128	48	64	0	233960
128	63	64	0	233960
144	60	51	0	234006
128	60	64	0	234133
144	54	59	0	234180
144	63	58	0	234187
128	63	64	0	234294
144	60	55	0	234345
128	60	64	0	234438
144	63	51	0	234507
128	54	64	0	234514
128	63	64	0	234617
144	60	62	0	234662
144	48	60	0	234669
128	60	64	0	234777
144	63	59	0	234814
128	63	64	0	234887
144	60	62	0	234899
128	48	64	0	234904
128	60	64	0	234980
144	48	71	0	235105
144	60	72	0	235118
128	60	64	0	235245
128	48	64	0	235255
144	48	55	0	237663
128	48	64	0	239347
144	48	51	0	239479
128	48	64	0	241259
144	48	55	0	241490
128	48	64	0	243137
144	48	51	0	243367
128	48	64	0	244940
144	48	38	0	245253
192	0	67.16.76.8.0.7.0	0	246204
998	0	108	0	246204
998	32	0	0	246204
999	4	0	0	246204
192	0	67.16.76.2.1.0.3.24	0	246213
192	0	67.16.76.2.1.32.65.8	0	246220
998	7	100	0	246226
998	91	14	0	246226
998	93	10	0	246226
192	0	67.16.76.3.1.0.64.0	0	246238
192	0	67.16.76.3.1.12.127	0	246244
192	0	67.16.76.3.1.16.64	0	246260
192	0	67.16.76.8.0.89.16	0	246260
128	48	64	0	246780
144	48	60	0	247209
128	48	64	0	248862
144	48	75	0	249160
144	60	72	0	249273
128	48	64	0	249322
128	60	64	0	249390
144	60	88	0	249458
128	60	64	0	249575
144	48	92	0	249614
144	60	85	0	249759
128	60	64	0	249844
128	48	64	0	249849
144	60	89	0	249937
144	48	97	0	250105
128	60	64	0	250105
144	60	73	0	250222
144	66	76	0	250259
128	66	64	0	250306
128	48	64	0	250325
128	60	64	0	250346
144	60	84	0	250419
144	66	85	0	250424
144	48	95	0	250566
128	60	64	0	250664
128	66	64	0	250670
144	66	86	0	251044
144	60	85	0	251049
144	63	86	0	251054
128	48	64	0	251060
128	63	64	0	251097
128	60	64	0	251112
128	66	64	0	251129
144	66	84	0	251210
144	60	78	0	251215
144	63	83	0	251221
144	54	76	0	251382
128	63	64	0	251395
128	60	64	0	251406
144	48	51	0	251406
128	66	64	0	251412
144	50	37	0	251427
128	50	64	0	251486
128	48	64	0	251536
144	60	87	0	251551
144	63	85	0	251556
144	66	73	0	251561
128	54	64	0	251567
128	63	64	0	251621
128	66	64	0	251638
128	60	64	0	251677
144	63	75	0	251710
144	66	84	0	251718
144	60	58	0	251718
144	48	75	0	251849
128	66	64	0	251875
128	60	64	0	251875
128	63	64	0	251884
144	60	92	0	252029
144	66	92	0	252039
128	48	64	0	252093
144	57	75	0	252159
128	60	64	0	252184
128	66	64	0	252184
144	63	84	0	252322
144	60	75	0	252327
128	60	64	0	252461
128	63	64	0	252468
144	54	54	0	252513
144	55	74	0	252518
128	57	64	0	252545
128	55	64	0	252624
128	54	64	0	252699
144	60	93	0	252968
144	66	93	0	252976
128	60	64	0	253100
128	66	64	0	253122
144	60	81	0	253351
144	66	84	0	253357
128	60	64	0	253512
128	66	64	0	253531
192	0	67.16.76.8.0.7.0	0	253703
998	0	108	0	253703
998	32	0	0	253703
999	5	0	0	253703
192	0	67.16.76.2.1.0.3.24	0	253709
192	0	67.16.76.2.1.32.65.8	0	253716
998	7	103	0	253723
998	91	31	0	253728
998	93	8	0	253733
144	60	79	0	253898
144	66	88	0	253908
128	66	64	0	254178
128	60	64	0	254183
144	60	62	0	254310
144	66	44	0	254342
128	66	64	0	254406
128	60	64	0	254435
192	0	67.16.76.8.0.7.0	0	254612
998	0	108	0	254617
998	32	1	0	254622
999	4	0	0	254623
192	0	67.16.76.2.1.0.3.24	0	254623
192	0	67.16.76.2.1.32.0.0	0	254623
998	7	100	0	254634
998	91	14	0	254634
998	93	0	0	254634
192	0	67.16.76.3.1.0.70.18	0	254643
192	0	67.16.76.3.1.12.0	0	254643
192	0	67.16.76.3.1.11.5	0	254656
192	0	67.16.76.3.1.16.64	0	254662
192	0	67.16.76.8.0.89.16	0	254662
144	60	77	0	254837
144	66	82	0	254837
128	66	64	0	255204
128	60	64	0	255214
144	60	89	0	255350
144	66	91	0	255369
128	60	64	0	255722
144	60	66	0	255902
128	66	64	0	255921
128	60	64	0	256024
144	63	71	0	256035
128	63	64	0	256180
144	60	67	0	256195
144	66	84	0	256377
128	60	64	0	256412
144	48	64	0	256818
128	66	64	0	256866
144	60	64	0	256913
128	60	64	0	256979
144	63	68	0	257022
128	63	64	0	257145
144	60	64	0	257168
144	57	58	0	257322
128	60	64	0	257322
128	48	64	0	257337
144	69	63	0	257337
144	60	63	0	257491
128	69	64	0	257508
128	60	64	0	257607
144	63	64	0	257623
128	63	64	0	257760
144	60	69	0	257775
144	54	68	0	257805
128	57	64	0	257840
128	60	64	0	257922
144	66	69	0	257940
144	60	65	0	258102
128	66	64	0	258102
128	60	64	0	258281
144	63	70	0	258281
144	48	64	0	258295
128	54	64	0	258295
144	57	62	0	258764
128	48	64	0	258764
144	60	76	0	258773
128	63	64	0	258783
144	66	77	0	258934
128	60	64	0	258934
144	60	64	0	259078
128	66	64	0	259078
144	54	64	0	259222
144	63	68	0	259248
128	57	64	0	259248
128	60	64	0	259258
144	60	75	0	259418
128	63	64	0	259428
144	66	71	0	259563
128	60	64	0	259579
128	66	64	0	259719
144	60	80	0	259726
144	48	65	0	259732
128	54	64	0	259732
128	60	64	0	259868
144	66	68	0	259888
128	66	64	0	260057
144	60	64	0	260057
128	48	64	0	260154
144	57	65	0	260163
144	69	82	0	260243
128	60	64	0	260303
128	69	64	0	260451
128	57	64	0	260469
144	54	74	0	260676
144	72	77	0	260692
144	75	69	0	260807
128	72	64	0	260835
128	75	64	0	260940
144	72	45	0	260977
128	72	64	0	261137
128	54	64	0	261147
144	75	66	0	261147
144	57	60	0	261157
128	75	64	0	261289
144	72	63	0	261313
128	72	64	0	261459
144	75	52	0	261471
128	57	64	0	261605
144	54	64	0	261617
128	75	64	0	261645
144	78	70	0	261654
144	75	63	0	261837
128	78	64	0	261867
128	75	64	0	261997
144	72	71	0	261997
128	54	64	0	262113
144	57	69	0	262122
128	72	64	0	262160
144	83	82	0	262168
128	83	64	0	262341
128	57	64	0	262428
144	54	79	0	262616
144	81	87	0	262621
128	81	64	0	262856
128	54	64	0	262948
144	57	72	0	263094
144	81	80	0	263110
144	84	74	0	263237
128	81	64	0	263249
144	81	65	0	263351
128	84	64	0	263362
128	81	64	0	263498
144	84	71	0	263503
128	57	64	0	263503
144	54	69	0	263529
144	82	75	0	263674
128	84	64	0	263695
128	82	64	0	263811
144	81	68	0	263833
128	54	64	0	263919
144	57	60	0	263963
144	79	71	0	263986
128	81	64	0	264013
144	78	88	0	264080
128	79	64	0	264116
144	54	53	0	264124
128	57	64	0	264171
128	78	64	0	264177
128	54	64	0	264182
144	54	76	0	264519
144	78	80	0	264550
128	78	64	0	264708
144	79	63	0	264716
144	78	55	0	264803
128	79	64	0	264808
128	78	64	0	264980
128	54	64	0	264980
144	79	67	0	265000
144	57	64	0	265006
144	78	64	0	265112
128	79	64	0	265118
128	78	64	0	265234
144	79	70	0	265272
128	57	64	0	265302
128	79	64	0	265341
144	78	56	0	265359
128	78	64	0	265469
144	79	79	0	265500
144	54	74	0	265509
128	79	64	0	265590
144	78	71	0	265590
128	78	64	0	265714
144	79	69	0	265730
128	79	64	0	265793
144	78	55	0	265821
128	54	64	0	265919
128	78	64	0	265920
144	79	68	0	265962
144	57	62	0	266005
128	79	64	0	266024
144	78	66	0	266046
128	78	64	0	266127
144	79	67	0	266177
128	79	64	0	266234
128	57	64	0	266235
144	78	70	0	266262
128	78	64	0	266385
144	79	80	0	266425
144	54	80	0	266425
144	78	74	0	266641
128	79	64	0	266653
128	54	64	0	266716
128	78	64	0	266770
144	76	80	0	266798
144	57	66	0	266930
144	78	80	0	266945
128	76	64	0	266950
144	76	74	0	267080
128	78	64	0	267085
128	57	64	0	267226
144	75	76	0	267258
128	76	64	0	267263
144	54	63	0	267374
128	75	64	0	267417
144	76	82	0	267435
144	75	75	0	267593
128	76	64	0	267630
128	54	64	0	267719
128	75	64	0	267779
144	73	73	0	267779
144	57	59	0	267889
144	72	90	0	267931
128	73	64	0	267959
144	54	75	0	268404
128	57	64	0	268404
128	54	64	0	268838
144	57	64	0	268870
128	57	64	0	269288
144	54	60	0	269385
128	54	64	0	269442
144	57	59	0	269811
128	57	64	0	270233
144	48	81	0	270333
128	48	64	0	270851
144	57	69	0	270851
128	57	64	0	271281
144	48	70	0	271299
128	48	64	0	271697
144	57	68	0	271737
128	57	64	0	272230
144	48	55	0	272252
128	48	64	0	272682
144	54	68	0	272689
128	72	64	0	273143
128	54	64	0	273175
144	48	64	0	273188
128	48	64	0	273586
144	54	58	0	273691
128	54	64	0	273843
144	60	75	0	274189
144	66	72	0	274198
144	63	68	0	274205
144	57	55	0	274639
144	54	61	0	274639
144	48	63	0	274639
128	66	64	0	274655
128	63	64	0	274667
128	60	64	0	274667
144	63	63	0	275147
144	60	57	0	275153
144	66	61	0	275153
128	54	64	0	275161
128	48	64	0	275179
128	57	64	0	275193
144	48	53	0	275587
144	54	63	0	275605
128	66	64	0	275617
144	57	54	0	275617
128	63	64	0	275617
128	60	64	0	275628
144	66	63	0	276065
144	63	70	0	276077
144	60	54	0	276077
128	54	64	0	276109
128	48	64	0	276110
128	57	64	0	276143
144	48	58	0	276579
144	57	57	0	276585
128	66	64	0	276585
144	54	64	0	276592
128	63	64	0	276602
128	60	64	0	276616
144	66	58	0	277065
128	54	64	0	277065
144	60	57	0	277073
144	63	60	0	277074
128	48	64	0	277092
128	57	64	0	277099
144	48	58	0	277524
128	66	64	0	277533
144	57	42	0	277533
144	54	53	0	277533
128	63	64	0	277545
128	60	64	0	277545
144	63	73	0	277981
144	60	68	0	277982
144	66	73	0	277982
128	54	64	0	278063
128	48	64	0	278082
128	57	64	0	278099
144	57	61	0	278492
144	54	73	0	278493
144	48	57	0	278493
128	66	64	0	278531
128	63	64	0	278544
128	60	64	0	278551
144	60	80	0	278960
144	66	82	0	278961
144	63	77	0	278969
128	54	64	0	279060
128	57	64	0	279071
128	48	64	0	279084
144	48	79	0	279472
144	57	74	0	279472
144	54	74	0	279472
128	66	64	0	279523
128	63	64	0	279523
128	60	64	0	279542
144	66	75	0	279951
144	60	69	0	279952
144	63	70	0	279952
128	54	64	0	280004
128	48	64	0	280025
128	57	64	0	280034
144	48	84	0	280434
144	57	74	0	280440
144	54	79	0	280440
128	66	64	0	280465
128	63	64	0	280481
128	60	64	0	280486
144	66	79	0	280916
144	63	76	0	280916
144	60	75	0	280916
128	54	64	0	280971
128	57	64	0	280989
128	48	64	0	280999
144	48	75	0	281408
144	57	65	0	281413
144	54	69	0	281422
128	66	64	0	281432
128	60	64	0	281454
128	63	64	0	281459
144	60	72	0	281887
144	66	75	0	281887
144	63	68	0	281894
128	54	64	0	281945
128	48	64	0	281953
128	57	64	0	281966
144	48	80	0	282345
144	57	70	0	282352
144	54	73	0	282352
128	66	64	0	282382
128	63	64	0	282398
128	60	64	0	282406
144	60	70	0	282835
144	66	74	0	282835
144	63	67	0	282844
128	48	64	0	282844
128	54	64	0	282856
128	57	64	0	282882
144	48	84	0	283299
144	57	72	0	283308
144	54	75	0	283316
128	66	64	0	283322
128	63	64	0	283350
128	60	64	0	283350
144	60	81	0	283781
144	63	72	0	283798
144	66	71	0	283804
128	54	64	0	283867
128	48	64	0	283867
128	57	64	0	283892
144	57	75	0	284256
144	48	78	0	284256
144	54	74	0	284256
128	66	64	0	284315
128	63	64	0	284339
128	60	64	0	284339
144	60	77	0	284755
144	63	72	0	284765
144	66	75	0	284770
128	48	64	0	284832
128	54	64	0	284837
128	57	64	0	284851
144	48	80	0	285241
144	57	74	0	285241
144	54	72	0	285247
128	66	64	0	285269
128	63	64	0	285307
128	60	64	0	285307
144	60	84	0	285731
144	66	76	0	285743
144	63	71	0	285743
128	54	64	0	285763
128	48	64	0	285774
128	57	64	0	285788
144	57	73	0	286209
144	48	78	0	286214
144	54	73	0	286220
128	66	64	0	286240
128	63	64	0	286255
128	60	64	0	286267
144	60	76	0	286700
144	63	70	0	286711
144	66	70	0	286711
128	48	64	0	286753
128	54	64	0	286753
128	57	64	0	286775
144	57	75	0	287161
144	54	75	0	287161
144	48	75	0	287168
128	66	64	0	287198
128	63	64	0	287215
128	60	64	0	287226
144	60	74	0	287640
144	63	67	0	287647
144	66	62	0	287660
128	48	64	0	287687
128	54	64	0	287693
128	57	64	0	287713
144	57	82	0	288120
144	54	79	0	288120
128	66	64	0	288128
144	48	75	0	288128
128	63	64	0	288142
128	60	64	0	288151
144	60	83	0	288613
144	63	74	0	288624
144	66	71	0	288632
128	54	64	0	288677
128	48	64	0	288686
128	57	64	0	288694
144	48	77	0	289094
144	57	70	0	289094
144	54	70	0	289102
128	66	64	0	289120
128	63	64	0	289131
128	60	64	0	289131
144	60	75	0	289578
144	63	69	0	289593
144	66	64	0	289603
128	54	64	0	289648
128	48	64	0	289663
128	57	64	0	289673
144	57	74	0	290071
144	48	72	0	290080
144	54	66	0	290086
128	66	64	0	290093
128	60	64	0	290106
128	63	64	0	290106
144	63	72	0	290547
144	60	69	0	290547
144	66	71	0	290547
128	54	64	0	290600
128	48	64	0	290618
128	57	64	0	290631
144	57	72	0	291013
144	48	68	0	291022
144	54	65	0	291022
128	66	64	0	291050
128	60	64	0	291064
128	63	64	0	291069
144	63	65	0	291505
144	60	64	0	291505
144	66	61	0	291515
128	54	64	0	291523
128	48	64	0	291530
128	57	64	0	291541
144	57	80	0	291979
144	48	80	0	291984
128	66	64	0	291993
144	54	64	0	291998
128	60	64	0	292011
128	63	64	0	292011
144	60	72	0	292446
144	63	73	0	292454
144	66	68	0	292461
128	48	64	0	292536
128	54	64	0	292547
128	57	64	0	292553
144	57	71	0	292955
144	54	69	0	292955
144	48	69	0	292955
128	66	64	0	292989
128	63	64	0	293016
128	60	64	0	293022
144	60	74	0	293408
144	63	68	0	293420
144	66	68	0	293420
128	57	64	0	293436
128	54	64	0	293446
128	48	64	0	293452
144	57	76	0	293889
144	54	68	0	293898
144	48	60	0	293915
144	50	59	0	293915
128	66	64	0	293922
128	60	64	0	293947
128	63	64	0	293952
128	50	64	0	294068
144	60	85	0	294387
144	63	80	0	294392
144	66	82	0	294397
128	54	64	0	294421
128	48	64	0	294428
128	57	64	0	294428
144	57	84	0	294885
144	54	78	0	294891
128	66	64	0	294896
144	48	86	0	294901
128	63	64	0	294912
128	60	64	0	294917
144	66	87	0	295375
144	60	84	0	295375
144	63	80	0	295375
128	54	64	0	295399
128	48	64	0	295411
128	57	64	0	295418
128	66	64	0	295835
144	54	61	0	295854
128	63	64	0	295854
144	57	62	0	295854
128	60	64	0	295860
144	48	65	0	295865
144	66	85	0	296316
144	60	77	0	296323
144	63	74	0	296323
128	54	64	0	296346
128	48	64	0	296355
128	57	64	0	296364
144	57	75	0	296791
144	54	74	0	296791
144	48	75	0	296797
128	66	64	0	296814
128	63	64	0	296814
128	60	64	0	296826
144	60	93	0	297252
144	63	87	0	297258
144	66	86	0	297258
128	48	64	0	297280
128	54	64	0	297280
128	57	64	0	297305
144	48	89	0	297716
144	57	69	0	297732
144	54	72	0	297741
128	60	64	0	297754
128	63	64	0	297754
128	66	64	0	297754
144	60	90	0	298209
144	63	85	0	298216
144	66	84	0	298216
128	54	64	0	298232
128	57	64	0	298248
128	48	64	0	298248
144	57	91	0	298696
144	54	83	0	298703
144	48	84	0	298709
128	66	64	0	298709
128	63	64	0	298727
128	60	64	0	298727
144	60	99	0	299194
144	63	88	0	299204
128	48	64	0	299204
128	54	64	0	299210
144	66	87	0	299210
128	57	64	0	299215
128	66	64	0	299632
144	48	87	0	299657
144	57	81	0	299657
144	54	80	0	299666
128	60	64	0	299666
128	63	64	0	299666
128	54	64	0	300123
128	57	64	0	300133
128	48	64	0	300146
144	60	81	0	300151
144	63	80	0	300156
144	66	78	0	300161
128	66	64	0	300573
128	60	64	0	300604
128	63	64	0	300604
144	48	78	0	300623
144	57	72	0	300623
144	54	72	0	300633
128	54	64	0	301064
128	57	64	0	301076
128	48	64	0	301076
144	60	86	0	301092
144	63	83	0	301092
144	66	79	0	301108
128	66	64	0	301506
128	60	64	0	301521
128	63	64	0	301521
144	48	93	0	301549
144	60	72	0	302090
144	63	70	0	302090
128	48	64	0	302098
144	66	66	0	302098
128	66	64	0	302503
128	63	64	0	302520
128	60	64	0	302529
144	48	89	0	302557
128	48	64	0	303056
144	60	58	0	303107
144	63	51	0	303123
144	66	44	0	303134
128	66	64	0	303450
128	63	64	0	303463
128	60	64	0	303468
144	48	87	0	303515
144	60	66	0	304012
144	63	70	0	304017
144	66	67	0	304022
128	48	64	0	304030
128	66	64	0	304431
128	63	64	0	304452
144	48	86	0	304457
128	60	64	0	304457
144	54	83	0	304457
144	57	75	0	304463
128	54	64	0	304915
128	57	64	0	304925
128	48	64	0	304946
144	60	71	0	304974
144	63	73	0	304979
144	66	66	0	304986
128	66	64	0	305363
128	60	64	0	305388
128	63	64	0	305396
144	48	88	0	305457
144	63	79	0	306000
144	60	65	0	306006
128	48	64	0	306015
144	62	53	0	306035
128	62	64	0	306133
128	60	64	0	306419
128	63	64	0	306425
144	57	84	0	306425
128	57	64	0	306843
144	60	72	0	306929
144	66	72	0	306929
144	63	66	0	306929
144	48	93	0	307345
128	66	64	0	307354
128	60	64	0	307354
128	63	64	0	307354
128	48	64	0	307862
144	60	73	0	307887
144	66	71	0	307895
144	63	68	0	307895
128	66	64	0	308288
144	57	85	0	308305
128	60	64	0	308305
128	63	64	0	308305
128	57	64	0	308744
144	60	75	0	308800
144	66	75	0	308800
144	63	70	0	308807
128	66	64	0	309217
128	60	64	0	309227
128	63	64	0	309232
144	48	83	0	309232
128	48	64	0	309736
144	60	79	0	309749
144	63	73	0	309758
144	66	73	0	309758
144	57	77	0	310169
128	66	64	0	310192
128	63	64	0	310201
128	60	64	0	310207
144	66	89	0	310717
128	57	64	0	310745
144	57	86	0	311199
128	66	64	0	311213
128	57	64	0	311662
144	66	70	0	311729
128	66	64	0	312152
144	57	95	0	312162
128	57	64	0	312680
144	66	76	0	312699
128	66	64	0	313096
144	57	100	0	313126
128	57	64	0	313592
144	66	60	0	313642
128	66	64	0	314036
144	57	99	0	314036
128	57	64	0	314578
144	66	68	0	314594
144	57	92	0	314971
128	66	64	0	314996
128	57	64	0	315591
144	66	82	0	315606
144	54	85	0	316004
128	66	64	0	316004
128	54	64	0	316525
144	66	85	0	316566
128	66	64	0	317017
144	57	82	0	317035
128	57	64	0	317502
144	66	85	0	317529
128	66	64	0	317927
144	57	97	0	317966
128	57	64	0	318447
144	66	87	0	318486
128	66	64	0	318906
144	57	93	0	318923
128	57	64	0	319398
144	60	81	0	319430
144	66	84	0	319435
128	66	64	0	319858
128	60	64	0	319858
144	57	89	0	319894
128	57	64	0	320347
144	66	86	0	320401
144	60	75	0	320401
128	66	64	0	320811
128	60	64	0	320819
144	57	69	0	320860
128	57	64	0	321295
144	66	73	0	321335
144	60	59	0	321344
128	60	64	0	321764
128	66	64	0	321764
144	57	66	0	321834
128	57	64	0	322194
144	66	76	0	322283
144	67	72	0	322748
128	66	64	0	322755
144	66	79	0	323246
128	67	64	0	323254
128	66	64	0	323715
144	67	78	0	323715
144	66	85	0	324176
128	67	64	0	324223
128	66	64	0	324661
144	57	96	0	324669
128	57	64	0	325103
144	66	84	0	325205
128	66	64	0	325614
144	57	90	0	325670
128	57	64	0	326061
144	66	73	0	326161
144	67	74	0	326669
128	66	64	0	326669
128	67	64	0	327099
144	66	67	0	327112
128	66	64	0	327624
144	67	58	0	327646
128	67	64	0	328052
144	66	85	0	328052
128	66	64	0	328518
144	55	99	0	328524
128	55	64	0	329015
144	66	87	0	329027
144	57	102	0	329502
128	66	64	0	329517
128	57	64	0	329914
144	66	78	0	329988
144	67	64	0	330473
128	66	64	0	330473
128	67	64	0	330931
144	66	56	0	330949
128	66	64	0	331408
144	67	45	0	331460
128	67	64	0	331886
144	66	62	0	331909
128	66	64	0	332357
144	57	66	0	332383
128	57	64	0	332840
144	66	56	0	332890
128	66	64	0	333384
144	57	57	0	333390
128	57	64	0	333470
144	36	54	0	335823
128	36	64	0	336160
144	36	65	0	336251
128	36	64	0	336385
144	36	69	0	336738
128	36	64	0	336835
144	36	75	0	337201
128	36	64	0	337318
144	23	66	0	337719
144	24	75	0	337719
128	23	64	0	337794
128	24	64	0	338112
144	24	87	0	338191
128	24	64	0	338304
144	24	79	0	338700
128	24	64	0	338834
144	24	100	0	339099
128	24	64	0	339187
144	36	76	0	339603
128	36	64	0	340033
144	36	80	0	340104
128	36	64	0	340244
144	36	101	0	340624
128	36	64	0	340844
144	36	62	0	341092
144	35	60	0	341104
128	35	64	0	341163
128	36	64	0	341176
144	35	99	0	341562
144	36	96	0	341568
128	36	64	0	341825
128	35	64	0	341966
144	36	84	0	342078
128	36	64	0	342177
144	36	103	0	342509
128	36	64	0	343017
144	36	97	0	343459
128	36	64	0	343886
144	36	87	0	343946
128	36	64	0	344068
144	36	87	0	344443
128	36	64	0	344539
144	36	87	0	344956
128	36	64	0	345053
144	36	102	0	345402
128	36	64	0	345851
144	36	94	0	345900
128	36	64	0	346002
144	36	87	0	346346
128	36	64	0	346454
144	36	75	0	346843
128	36	64	0	346903
144	36	102	0	347326
128	36	64	0	347736
144	36	86	0	347806
128	36	64	0	347896
144	36	85	0	348266
128	36	64	0	348361
144	36	72	0	348781
128	36	64	0	348833
144	36	103	0	349233
128	36	64	0	349663
144	36	86	0	349703
128	36	64	0	349808
144	36	89	0	350173
128	36	64	0	350270
144	36	78	0	350675
128	36	64	0	350722
144	36	99	0	351169
128	36	64	0	351553
144	36	87	0	351614
128	36	64	0	351710
144	36	87	0	352087
128	36	64	0	352201
144	36	84	0	352581
128	36	64	0	352696
144	36	102	0	353070
128	36	64	0	353487
144	36	89	0	353557
128	36	64	0	353664
144	36	86	0	354043
128	36	64	0	354158
144	36	85	0	354520
128	36	64	0	354586
144	36	105	0	355032
128	36	64	0	355454
144	36	89	0	355526
128	36	64	0	355618
144	36	86	0	356000
128	36	64	0	356110
144	36	79	0	356478
128	36	64	0	356520
144	36	99	0	356926
128	36	64	0	357354
144	36	86	0	357434
128	36	64	0	357520
144	36	84	0	357908
128	36	64	0	358038
144	36	81	0	358356
128	36	64	0	358404
144	36	105	0	358870
128	36	64	0	359321
144	36	80	0	359407
128	36	64	0	359508
144	36	93	0	359887
128	36	64	0	360010
144	36	79	0	360269
128	36	64	0	360330
144	36	105	0	360785
128	36	64	0	361221
144	36	87	0	361285
128	36	64	0	361379
144	36	84	0	361772
128	36	64	0	361896
144	36	74	0	362224
128	36	64	0	362271
144	36	85	0	362736
144	38	99	0	362743
128	38	64	0	362917
128	36	64	0	363127
144	36	89	0	363187
128	36	64	0	363291
144	36	81	0	363682
128	36	64	0	363765
144	36	81	0	364160
128	36	64	0	364207
144	36	96	0	364675
128	36	64	0	365129
144	36	70	0	365177
128	36	64	0	365273
144	36	75	0	365633
128	36	64	0	365703
144	36	76	0	366093
128	36	64	0	366162
144	55	80	0	366545
144	54	79	0	366721
128	55	64	0	366762
128	54	64	0	366885
144	52	73	0	366914
128	52	64	0	367032
144	54	73	0	367060
128	54	64	0	367185
144	52	66	0	367185
128	52	64	0	367345
144	51	71	0	367352
128	51	64	0	367510
144	52	87	0	367510
144	51	77	0	367681
128	52	64	0	367718
144	49	76	0	367844
128	51	64	0	367857
144	48	100	0	368006
128	49	64	0	368017
128	48	64	0	368257
