144	57	75	0	1867
144	63	67	0	2181
128	57	64	0	2209
128	63	64	0	2248
144	61	71	0	2258
144	67	77	0	2531
128	61	64	0	2536
144	63	72	0	2660
128	67	64	0	2743
144	45	75	0	2918
128	63	64	0	2942
144	57	69	0	3130
128	45	64	0	3328
144	55	49	0	3336
144	53	49	0	3348
128	57	64	0	3371
144	61	67	0	3578
128	53	64	0	3601
128	55	64	0	3618
128	61	64	0	3642
144	51	70	0	3642
144	57	75	0	3798
128	57	64	0	3916
144	49	65	0	3934
128	51	64	0	3940
144	63	68	0	4035
128	49	64	0	4175
128	63	64	0	4198
144	45	72	0	4214
144	63	33	0	4341
128	63	64	0	4422
144	61	76	0	4503
144	51	68	0	4805
128	45	64	0	4823
128	61	64	0	4833
144	57	73	0	5042
128	51	64	0	5154
144	55	77	0	5170
128	57	64	0	5219
144	63	67	0	5431
144	51	73	0	5543
128	55	64	0	5548
128	63	64	0	5853
128	51	64	0	5860
144	49	63	0	5865
144	61	70	0	5871
128	61	64	0	6044
128	49	64	0	6091
144	45	69	0	6151
128	45	64	0	6429
144	55	78	0	6467
144	57	64	0	6848
128	55	64	0	6898
128	57	64	0	7002
144	51	79	0	7007
144	63	69	0	7108
128	51	64	0	7210
144	55	72	0	7254
128	63	64	0	7368
144	61	76	0	7394
128	55	64	0	7405
128	61	64	0	7533
144	51	76	0	7542
144	59	75	0	7632
128	59	64	0	7769
128	51	64	0	7774
144	49	68	0	7794
144	55	84	0	8118
128	49	64	0	8130
144	51	60	0	8644
128	55	64	0	8650
144	63	74	0	8758
128	51	64	0	8858
144	55	75	0	8882
128	63	64	0	8921
144	59	65	0	9008
144	51	70	0	9116
128	59	64	0	9122
128	55	64	0	9129
144	61	63	0	9233
128	61	64	0	9319
144	49	60	0	9348
128	51	64	0	9356
144	63	63	0	9462
128	49	64	0	9589
144	55	80	0	9618
128	63	64	0	9623
144	59	65	0	9704
128	55	64	0	9841
128	59	64	0	9852
144	45	85	0	9869
144	67	63	0	9980
128	45	64	0	10510
128	67	64	0	10526
144	55	60	0	10537
144	59	72	0	10638
128	55	64	0	10701
144	51	74	0	10743
128	59	64	0	10752
144	63	58	0	10829
128	51	64	0	10893
128	63	64	0	10929
144	55	69	0	10951
144	59	62	0	11023
128	59	64	0	11097
128	55	64	0	11118
144	49	63	0	11118
144	71	67	0	11202
128	49	64	0	11308
144	55	70	0	11352
128	71	64	0	11465
144	51	67	0	11648
128	55	64	0	11653
144	63	60	0	11770
128	63	64	0	11915
144	60	64	0	11925
128	51	64	0	11971
144	55	68	0	12012
128	60	64	0	12062
144	63	65	0	12187
128	55	64	0	12246
144	51	61	0	12261
128	63	64	0	12356
144	59	62	0	12390
144	61	67	0	12513
128	59	64	0	12521
128	51	64	0	12541
128	61	64	0	12572
144	49	56	0	12578
128	49	64	0	12732
144	55	73	0	12750
144	67	62	0	13356
128	55	64	0	13404
144	51	68	0	13437
128	67	64	0	13442
144	75	67	0	13570
128	51	64	0	13637
144	71	63	0	13669
128	75	64	0	13681
144	55	62	0	13721
128	71	64	0	13818
144	67	59	0	13901
128	67	64	0	13991
128	55	64	0	14008
144	51	60	0	14013
144	75	68	0	14098
128	75	64	0	14173
144	71	63	0	14196
128	51	64	0	14229
128	71	64	0	14274
144	49	52	0	14296
144	69	64	0	14320
128	69	64	0	14401
144	73	76	0	14430
128	49	64	0	14477
144	55	75	0	14500
144	71	75	0	14851
128	55	64	0	14857
128	73	64	0	14862
144	51	70	0	14872
128	51	64	0	14935
144	51	37	0	15029
128	51	64	0	15367
144	69	86	0	15388
144	45	75	0	15399
128	71	64	0	15399
128	69	64	0	16000
144	63	79	0	16441
128	45	64	0	16447
144	55	78	0	16447
128	63	64	0	17323
128	55	64	0	17360
144	51	70	0	17440
144	57	75	0	17540
128	57	64	0	17633
144	49	63	0	17671
128	51	64	0	17692
144	61	75	0	17759
128	61	64	0	17903
128	49	64	0	17919
144	55	79	0	17924
144	59	69	0	18012
144	51	69	0	18163
128	59	64	0	18192
128	55	64	0	18198
144	63	60	0	18256
144	49	66	0	18387
128	51	64	0	18392
128	63	64	0	18477
144	61	67	0	18499
144	59	68	0	18642
128	61	64	0	18648
144	45	75	0	18718
128	49	64	0	18724
144	67	81	0	18893
128	59	64	0	18909
144	55	60	0	19039
144	53	60	0	19057
128	45	64	0	19063
128	53	64	0	19218
144	51	68	0	19655
128	55	64	0	19661
128	67	64	0	19701
144	63	73	0	19766
144	49	69	0	19884
128	51	64	0	19907
128	63	64	0	19990
144	59	60	0	20053
144	55	68	0	20136
128	49	64	0	20136
128	59	64	0	20181
144	61	60	0	20295
144	51	63	0	20406
128	55	64	0	20412
128	61	64	0	20477
144	59	60	0	20540
128	51	64	0	20687
144	49	62	0	20693
128	59	64	0	20746
144	63	68	0	20791
128	49	64	0	20937
144	55	69	0	20950
128	63	64	0	21046
144	61	67	0	21046
128	61	64	0	21194
128	55	64	0	21195
144	45	71	0	21205
144	67	76	0	21352
144	55	75	0	21475
128	45	64	0	21497
144	63	70	0	21595
144	51	76	0	21745
128	55	64	0	21745
128	51	64	0	22307
128	67	64	0	22314
144	55	80	0	22346
128	63	64	0	22359
144	59	75	0	22444
144	51	69	0	22587
128	55	64	0	22620
128	59	64	0	22639
144	63	64	0	22702
144	49	64	0	22822
128	51	64	0	22828
128	63	64	0	22875
144	61	68	0	22952
128	49	64	0	23043
144	45	72	0	23080
128	61	64	0	23116
144	63	66	0	23216
144	55	71	0	23310
128	45	64	0	23319
128	63	64	0	23385
144	59	75	0	23436
144	51	65	0	23594
128	55	64	0	23602
128	59	64	0	23619
144	61	62	0	23686
128	61	64	0	23786
144	49	66	0	23812
128	51	64	0	23831
144	59	59	0	23951
128	49	64	0	24017
144	45	69	0	24082
128	59	64	0	24095
144	63	63	0	24190
128	45	64	0	24310
144	55	69	0	24319
128	63	64	0	24319
144	51	83	0	24657
144	61	74	0	24669
128	55	64	0	24716
128	51	64	0	25250
144	49	64	0	25269
128	61	64	0	25325
144	67	71	0	25336
144	55	67	0	25420
128	49	64	0	25427
128	67	64	0	25622
144	63	61	0	25630
144	51	72	0	25656
128	55	64	0	25679
144	61	70	0	25846
128	63	64	0	25859
128	51	64	0	25905
144	45	74	0	25905
128	45	64	0	26619
144	55	72	0	26619
144	67	79	0	26673
128	61	64	0	26673
144	51	66	0	26846
144	63	61	0	26867
128	55	64	0	26867
128	67	64	0	26911
144	49	68	0	27068
128	51	64	0	27068
144	61	81	0	27086
128	63	64	0	27105
128	49	64	0	27592
144	55	85	0	27592
144	59	87	0	27605
128	61	64	0	27622
144	45	82	0	28289
144	63	82	0	28305
128	55	64	0	28317
128	59	64	0	28326
144	51	81	0	28940
144	61	85	0	28952
144	57	73	0	28958
128	63	64	0	28975
128	45	64	0	28975
144	59	81	0	29608
144	55	79	0	29616
144	49	84	0	29625
144	63	79	0	29626
128	57	64	0	29635
128	51	64	0	29641
128	61	64	0	29650
144	51	86	0	30220
144	61	81	0	30233
128	63	64	0	30239
128	49	64	0	30240
144	57	78	0	30247
128	55	64	0	30248
128	59	64	0	30290
144	59	75	0	30795
128	51	64	0	30803
144	55	81	0	30808
144	49	76	0	30808
144	63	79	0	30808
128	61	64	0	30816
128	57	64	0	30843
128	63	64	0	31295
128	49	64	0	31325
144	61	57	0	31337
128	55	64	0	31348
128	59	64	0	31348
144	57	59	0	31356
144	51	61	0	31356
128	61	64	0	31842
128	51	64	0	31853
128	57	64	0	31862
144	55	66	0	31867
144	63	64	0	31875
144	59	63	0	31875
144	49	59	0	31893
128	49	64	0	33062
128	55	64	0	33098
128	63	64	0	33138
128	59	64	0	33176
144	45	71	0	33189
144	57	69	0	33327
144	55	71	0	33440
128	45	64	0	33449
128	57	64	0	33465
144	61	65	0	33559
144	51	61	0	33669
128	55	64	0	33683
128	61	64	0	33729
144	59	59	0	33803
128	59	64	0	33906
128	51	64	0	33934
144	55	73	0	33959
144	63	65	0	34034
128	55	64	0	34193
144	49	71	0	34204
128	63	64	0	34299
144	61	63	0	34333
128	49	64	0	34466
144	55	75	0	34471
144	59	70	0	34572
128	61	64	0	34586
144	51	71	0	34733
128	55	64	0	34756
144	67	49	0	34828
128	59	64	0	34840
144	65	47	0	34857
128	65	64	0	34926
144	45	73	0	35001
128	51	64	0	35018
144	63	68	0	35148
128	67	64	0	35213
144	55	78	0	35257
128	45	64	0	35281
144	61	90	0	35541
128	63	64	0	35605
128	55	64	0	36291
144	43	58	0	36301
144	45	64	0	36310
144	59	81	0	36358
128	61	64	0	36382
128	45	64	0	36539
128	43	64	0	36546
144	55	76	0	36546
144	67	44	0	36673
128	59	64	0	36679
144	51	72	0	36812
128	55	64	0	36842
144	63	69	0	36967
128	67	64	0	37014
128	51	64	0	37092
144	49	67	0	37100
144	61	78	0	37240
128	63	64	0	37265
128	49	64	0	37296
144	55	72	0	37318
144	67	81	0	37698
144	51	80	0	37703
128	61	64	0	37721
128	55	64	0	37729
128	51	64	0	38387
144	45	65	0	38394
128	67	64	0	38460
144	59	75	0	38526
144	55	66	0	38632
128	45	64	0	38638
144	67	79	0	38770
128	59	64	0	38796
144	51	68	0	38879
128	55	64	0	38903
144	63	70	0	39016
128	67	64	0	39062
144	49	64	0	39130
128	51	64	0	39152
144	61	80	0	39271
128	63	64	0	39292
128	49	64	0	39384
144	55	84	0	39398
144	67	84	0	39690
144	51	81	0	39697
128	61	64	0	39718
128	55	64	0	39725
128	51	64	0	40301
144	45	65	0	40306
128	67	64	0	40394
144	59	76	0	40418
144	55	75	0	40555
128	45	64	0	40570
144	67	77	0	40676
128	59	64	0	40706
144	51	70	0	40801
128	55	64	0	40817
144	63	71	0	40927
128	67	64	0	40965
144	49	60	0	41044
128	51	64	0	41049
144	61	77	0	41143
128	63	64	0	41170
128	49	64	0	41266
144	55	89	0	41276
144	67	84	0	41316
128	61	64	0	41327
144	51	81	0	41567
144	63	76	0	41574
128	55	64	0	41587
128	67	64	0	41628
128	51	64	0	41827
144	45	72	0	41842
144	59	75	0	41979
128	63	64	0	41994
144	55	71	0	42095
128	45	64	0	42110
144	67	77	0	42218
128	59	64	0	42255
144	49	72	0	42340
128	55	64	0	42345
144	63	72	0	42444
128	67	64	0	42486
128	49	64	0	42575
144	55	75	0	42595
144	61	72	0	42744
128	63	64	0	42749
128	55	64	0	42818
144	51	69	0	42834
144	67	76	0	42987
128	61	64	0	43009
128	51	64	0	43084
144	55	69	0	43109
144	63	68	0	43260
128	67	64	0	43325
128	55	64	0	43389
144	45	69	0	43398
128	63	64	0	43545
144	59	69	0	43551
144	55	66	0	43650
128	45	64	0	43665
144	67	72	0	43816
128	59	64	0	43825
144	51	63	0	43929
128	55	64	0	43955
144	63	68	0	44046
128	67	64	0	44098
144	49	60	0	44200
128	51	64	0	44237
144	55	62	0	44318
128	49	64	0	44329
144	61	63	0	44343
128	63	64	0	44348
144	45	66	0	44540
144	65	53	0	44585
128	61	64	0	44585
128	55	64	0	44600
128	45	64	0	44807
144	55	68	0	44816
144	63	63	0	44881
128	65	64	0	44903
144	51	60	0	44995
128	55	64	0	45006
144	61	66	0	45056
128	63	64	0	45067
128	61	64	0	45146
144	49	61	0	45184
144	59	60	0	45189
128	51	64	0	45201
144	57	75	0	45298
128	59	64	0	45334
128	49	64	0	45339
144	55	84	0	45369
144	45	60	0	46077
128	55	64	0	46092
144	55	66	0	46260
128	57	64	0	46279
128	45	64	0	46287
144	59	55	0	46331
144	51	52	0	46461
128	55	64	0	46521
128	59	64	0	46566
144	63	53	0	46589
144	49	60	0	46660
128	51	64	0	46710
144	61	52	0	46789
128	63	64	0	46796
128	49	64	0	46840
144	55	63	0	46846
128	61	64	0	46938
144	59	53	0	46951
128	55	64	0	47082
128	59	64	0	47088
144	57	59	0	47093
144	63	59	0	47109
144	61	64	0	47203
128	63	64	0	47217
128	57	64	0	47253
144	63	55	0	47372
128	61	64	0	47394
144	60	30	0	47438
128	60	64	0	47530
144	65	44	0	47767
128	63	64	0	47788
144	61	50	0	47800
128	61	64	0	48649
128	65	64	0	48708
144	69	59	0	48713
144	59	53	0	48764
128	69	64	0	48873
144	67	48	0	48891
128	59	64	0	48964
144	63	62	0	48976
128	67	64	0	49044
144	69	61	0	49049
144	71	49	0	49159
128	63	64	0	49171
128	69	64	0	49183
144	59	60	0	49194
128	71	64	0	49302
144	73	63	0	49314
128	59	64	0	49359
144	63	58	0	49364
128	73	64	0	49412
144	71	37	0	49421
144	69	62	0	49509
128	71	64	0	49524
128	63	64	0	49558
144	59	60	0	49577
128	69	64	0	49596
144	67	61	0	49609
128	67	64	0	49709
144	75	64	0	49720
144	63	59	0	49761
128	59	64	0	49773
128	75	64	0	49933
144	69	53	0	49968
128	63	64	0	49998
144	59	56	0	50015
144	73	61	0	50167
128	69	64	0	50167
128	59	64	0	50265
144	63	54	0	50270
144	69	59	0	50323
128	73	64	0	50328
144	79	74	0	50404
128	69	64	0	50415
144	75	73	0	51397
128	79	64	0	51474
144	57	43	0	51600
128	63	64	0	51678
128	75	64	0	51747
144	69	54	0	51781
144	71	57	0	51798
128	57	64	0	51804
128	71	64	0	51873
128	69	64	0	51898
144	67	62	0	51916
144	75	64	0	51998
144	63	66	0	52170
128	67	64	0	52188
128	75	64	0	52214
144	73	61	0	52233
128	73	64	0	52373
144	61	64	0	52419
128	63	64	0	52425
144	71	68	0	52529
128	61	64	0	52535
128	71	64	0	52672
144	67	70	0	52677
144	75	71	0	52752
128	67	64	0	52855
144	63	78	0	52881
144	69	67	0	52966
128	69	64	0	53101
144	71	78	0	53231
128	75	64	0	53254
128	63	64	0	53683
144	67	75	0	53714
128	71	64	0	53741
144	69	71	0	53793
144	71	48	0	53889
128	69	64	0	53894
128	67	64	0	53924
144	63	63	0	53957
128	71	64	0	54061
144	73	67	0	54061
128	63	64	0	54185
144	61	59	0	54206
128	73	64	0	54211
144	75	71	0	54226
128	61	64	0	54425
128	75	64	0	54484
144	73	81	0	54490
144	67	74	0	54495
128	67	64	0	54708
144	63	70	0	54752
128	73	64	0	54763
144	71	76	0	54772
128	63	64	0	54853
128	71	64	0	54898
144	57	77	0	55025
144	75	80	0	55031
128	57	64	0	55269
144	67	63	0	55304
128	75	64	0	55312
144	71	72	0	55339
128	67	64	0	55490
128	71	64	0	55508
144	63	58	0	55533
144	79	68	0	55554
128	63	64	0	55683
128	79	64	0	55808
144	67	71	0	55808
144	79	76	0	55927
128	67	64	0	55997
144	63	67	0	56036
144	75	70	0	56146
128	79	64	0	56146
128	63	64	0	56243
144	61	63	0	56282
128	75	64	0	56342
144	73	77	0	56370
128	61	64	0	56492
144	67	75	0	56528
128	73	64	0	56539
144	79	74	0	56626
128	67	64	0	56742
144	63	68	0	56768
128	79	64	0	56863
144	75	70	0	56869
144	61	67	0	57032
128	63	64	0	57037
128	75	64	0	57089
144	73	70	0	57097
128	61	64	0	57209
144	67	74	0	57247
128	67	64	0	57484
128	73	64	0	57498
144	67	85	0	57724
144	79	80	0	57808
128	67	64	0	57925
144	63	77	0	57931
128	63	64	0	58134
144	61	70	0	58182
128	61	64	0	58450
144	67	72	0	58486
144	77	62	0	58558
128	79	64	0	58573
128	67	64	0	58730
144	63	75	0	58740
144	75	78	0	58894
128	77	64	0	58930
128	63	64	0	58982
144	61	63	0	58998
128	61	64	0	59444
144	67	74	0	59462
128	67	64	0	60307
144	57	66	0	60335
128	75	64	0	60416
144	71	77	0	60475
144	67	62	0	60547
128	57	64	0	60555
128	71	64	0	60610
144	75	68	0	60672
144	63	61	0	60753
128	67	64	0	60753
128	75	64	0	60841
144	69	44	0	60950
144	61	67	0	60992
128	63	64	0	61013
128	69	64	0	61044
144	71	51	0	61134
128	61	64	0	61239
144	67	71	0	61262
128	71	64	0	61301
144	75	64	0	61342
128	75	64	0	61521
128	67	64	0	61534
144	57	65	0	61544
144	71	64	0	61680
144	67	61	0	61790
128	57	64	0	61804
144	75	65	0	61930
128	71	64	0	61956
144	63	58	0	62022
128	67	64	0	62041
144	79	71	0	62146
128	75	64	0	62152
128	63	64	0	62708
144	57	59	0	62733
128	79	64	0	62825
144	71	65	0	62864
128	57	64	0	62947
144	67	70	0	63012
128	71	64	0	63029
144	75	63	0	63122
144	63	62	0	63223
128	67	64	0	63229
144	61	55	0	63400
128	63	64	0	63433
128	61	64	0	63606
144	65	63	0	63616
144	73	64	0	63742
128	75	64	0	63779
128	65	64	0	63912
144	60	43	0	63919
128	73	64	0	64051
144	69	51	0	64088
128	60	64	0	64191
144	63	49	0	64207
128	69	64	0	64336
144	71	57	0	64348
128	63	64	0	64524
144	59	51	0	64529
128	71	64	0	64608
144	75	52	0	64628
128	59	64	0	64814
144	57	60	0	65371
128	75	64	0	65483
144	69	67	0	65523
128	57	64	0	65620
144	65	63	0	65633
128	69	64	0	65725
144	73	61	0	65780
128	65	64	0	65869
144	63	57	0	65879
128	73	64	0	65946
144	71	58	0	66004
144	61	58	0	66114
128	63	64	0	66128
128	71	64	0	66215
128	61	64	0	66278
144	69	24	0	66286
144	67	24	0	66326
128	69	64	0	66547
144	75	61	0	66559
128	67	64	0	66627
144	65	49	0	66648
128	75	64	0	66770
144	73	55	0	66817
144	63	54	0	66939
128	65	64	0	66950
128	73	64	0	67051
144	71	52	0	67080
144	61	53	0	67113
128	63	64	0	67135
128	61	64	0	67320
144	60	58	0	67344
128	71	64	0	67344
144	69	55	0	67383
128	69	64	0	67530
128	60	64	0	67535
144	59	55	0	67562
144	71	52	0	67622
128	59	64	0	67767
128	71	64	0	67781
144	73	48	0	67812
144	61	62	0	67818
128	61	64	0	67991
144	57	61	0	68028
128	73	64	0	68047
144	69	52	0	68068
128	57	64	0	68238
144	63	64	0	68269
128	69	64	0	68274
144	71	50	0	68296
144	73	58	0	68512
128	71	64	0	68517
144	67	64	0	68741
128	63	64	0	68753
128	73	64	0	68817
144	69	68	0	68836
144	61	76	0	69848
128	67	64	0	69854
128	69	64	0	69874
144	75	70	0	69976
128	61	64	0	70087
144	67	64	0	70092
128	75	64	0	70160
144	71	72	0	70212
144	63	69	0	70340
128	67	64	0	70347
128	71	64	0	70360
144	73	60	0	70432
128	63	64	0	70559
144	67	74	0	70572
128	73	64	0	70572
144	71	56	0	70649
128	67	64	0	70798
128	71	64	0	70808
144	61	63	0	70814
144	79	68	0	70814
128	61	64	0	71053
144	67	68	0	71081
128	79	64	0	71599
128	67	64	0	71676
144	63	77	0	71811
144	77	76	0	71915
128	63	64	0	72012
144	67	68	0	72036
128	77	64	0	72044
144	81	57	0	72095
144	77	76	0	72248
128	81	64	0	72253
128	67	64	0	72259
128	77	64	0	72338
144	61	67	0	72338
144	85	72	0	72343
128	61	64	0	72563
128	85	64	0	72589
144	81	56	0	72606
144	67	59	0	72611
128	67	64	0	72796
128	81	64	0	72849
144	77	70	0	72854
144	63	64	0	72862
128	63	64	0	73075
144	67	81	0	73111
144	88	91	0	73118
128	77	64	0	73126
144	87	79	0	73821
128	88	64	0	73882
128	67	64	0	74200
144	57	72	0	74215
128	87	64	0	74238
144	69	74	0	74564
128	57	64	0	74710
144	63	67	0	74715
128	69	64	0	74768
144	71	51	0	74824
144	61	64	0	74992
128	63	64	0	74998
144	67	64	0	75107
128	71	64	0	75112
128	61	64	0	75232
144	63	63	0	75266
128	67	64	0	75271
144	71	36	0	75353
144	72	35	0	75361
128	72	64	0	75462
144	69	71	0	75506
128	71	64	0	75541
144	67	76	0	75642
128	69	64	0	75702
128	63	64	0	75782
144	65	76	0	75807
128	67	64	0	75829
128	65	64	0	76016
144	71	50	0	76027
144	69	47	0	76047
128	71	64	0	76197
144	67	61	0	76241
128	69	64	0	76301
144	65	70	0	76350
128	67	64	0	76364
144	63	76	0	76488
128	65	64	0	76513
144	60	72	0	76786
128	63	64	0	76813
144	57	70	0	77071
128	60	64	0	77093
144	63	64	0	77201
144	61	72	0	77310
128	63	64	0	77348
128	61	64	0	77357
144	60	69	0	77389
128	60	64	0	77557
144	63	65	0	77693
128	57	64	0	77698
144	54	54	0	77720
144	60	53	0	77843
128	63	64	0	77875
144	57	62	0	78001
128	60	64	0	78014
128	54	64	0	78080
144	51	63	0	78108
144	61	66	0	78149
128	57	64	0	78154
144	60	60	0	78295
128	61	64	0	78300
128	60	64	0	78418
144	57	61	0	78426
128	57	64	0	78505
144	60	40	0	78537
144	61	66	0	78597
128	60	64	0	78624
128	61	64	0	78656
144	63	60	0	78717
144	61	66	0	78811
128	63	64	0	78851
128	61	64	0	78880
144	60	47	0	78902
144	57	75	0	78971
128	60	64	0	78976
128	51	64	0	79006
144	52	55	0	79059
128	57	64	0	79140
144	60	60	0	79157
144	61	63	0	79295
128	60	64	0	79316
128	52	64	0	79375
144	51	59	0	79385
128	61	64	0	79390
144	63	65	0	79414
144	61	62	0	79542
144	49	50	0	79547
128	51	64	0	79564
128	63	64	0	79564
128	61	64	0	79632
144	60	57	0	79638
144	57	68	0	79733
128	60	64	0	79738
128	49	64	0	79761
144	47	68	0	79783
144	60	54	0	79873
128	57	64	0	79878
128	47	64	0	79909
144	61	68	0	79986
128	60	64	0	80008
144	45	68	0	80008
128	61	64	0	80047
144	63	73	0	80055
144	55	69	0	80645
144	57	71	0	80883
128	63	64	0	80915
128	55	64	0	81070
144	51	63	0	81096
128	57	64	0	81168
144	61	67	0	81211
128	51	64	0	81385
144	53	66	0	81385
128	45	64	0	81401
128	61	64	0	81453
144	57	66	0	81494
144	49	61	0	81650
128	53	64	0	81662
128	57	64	0	81757
144	61	70	0	81766
128	49	64	0	81890
144	53	66	0	81900
128	61	64	0	82017
144	55	80	0	82027
128	53	64	0	82129
144	51	81	0	82153
128	55	64	0	82165
144	57	62	0	82200
144	49	74	0	82437
128	51	64	0	82449
144	61	81	0	82455
128	57	64	0	82466
128	49	64	0	82553
128	61	64	0	82575
144	53	82	0	82969
144	61	86	0	82983
144	51	66	0	83261
128	53	64	0	83278
144	57	80	0	83433
128	61	64	0	83439
128	51	64	0	83531
128	57	64	0	83555
144	53	77	0	83565
128	53	64	0	83777
144	61	80	0	83826
144	49	80	0	83870
128	49	64	0	84127
144	53	69	0	84148
128	53	64	0	84696
144	45	78	0	84701
144	53	82	0	84847
128	45	64	0	84869
144	51	83	0	84965
128	53	64	0	84997
128	51	64	0	85190
144	55	80	0	85206
128	55	64	0	85472
144	49	71	0	85483
128	49	64	0	85633
144	53	81	0	85655
128	61	64	0	85716
144	57	69	0	85733
144	51	76	0	85843
128	53	64	0	85850
144	45	73	0	86096
128	51	64	0	86101
144	61	78	0	86124
128	57	64	0	86143
128	45	64	0	86932
144	53	64	0	86938
128	61	64	0	86993
144	57	72	0	87055
144	51	77	0	87097
128	53	64	0	87136
144	49	68	0	87222
128	51	64	0	87232
144	61	76	0	87326
128	57	64	0	87353
128	49	64	0	87404
144	55	83	0	87410
144	51	73	0	87762
128	55	64	0	87767
128	61	64	0	87804
144	57	79	0	87819
128	51	64	0	88033
144	53	73	0	88058
144	45	60	0	88398
128	53	64	0	88404
144	61	76	0	88424
128	57	64	0	88448
144	53	75	0	88560
128	45	64	0	88578
144	51	70	0	88683
128	53	64	0	88717
144	49	76	0	88835
128	51	64	0	88849
144	57	44	0	88919
128	61	64	0	88966
128	49	64	0	89027
144	55	80	0	89037
128	55	64	0	89426
144	51	66	0	89432
144	61	70	0	89468
128	57	64	0	89474
128	51	64	0	89659
144	53	64	0	89674
128	61	64	0	89754
144	57	65	0	89785
144	45	61	0	89893
128	53	64	0	89902
144	53	62	0	90105
128	45	64	0	90114
144	51	59	0	90268
128	53	64	0	90282
128	57	64	0	90368
144	61	61	0	90384
144	49	61	0	90407
128	51	64	0	90423
128	49	64	0	90529
128	61	64	0	90534
144	55	72	0	90570
144	57	57	0	90594
144	51	63	0	90714
128	55	64	0	90723
128	57	64	0	90723
144	63	70	0	90743
144	49	68	0	90804
128	51	64	0	90825
128	49	64	0	91443
128	63	64	0	91516
144	45	66	0	91569
144	57	69	0	91638
144	53	63	0	91730
128	45	64	0	91754
144	51	66	0	91890
128	53	64	0	91909
128	57	64	0	91982
144	61	59	0	92016
128	51	64	0	92077
144	55	69	0	92115
128	61	64	0	92236
128	55	64	0	92261
144	49	58	0	92280
144	57	53	0	92290
128	49	64	0	92434
144	53	75	0	92450
128	57	64	0	92534
144	61	59	0	92564
144	51	67	0	92615
128	53	64	0	92621
128	51	64	0	92787
144	45	55	0	92812
128	61	64	0	92847
144	57	57	0	92912
128	57	64	0	93722
128	45	64	0	93727
144	53	59	0	93790
144	57	68	0	93912
144	51	66	0	93971
128	53	64	0	93986
128	57	64	0	94107
144	61	64	0	94202
144	49	61	0	94313
128	51	64	0	94320
128	61	64	0	94490
128	49	64	0	94547
144	57	64	0	94553
144	55	66	0	94591
144	49	60	0	94855
144	63	66	0	94861
128	55	64	0	94867
128	57	64	0	94873
128	49	64	0	95046
128	63	64	0	95060
144	55	71	0	95082
144	57	62	0	95094
128	55	64	0	95238
144	51	59	0	95260
144	61	62	0	95287
128	57	64	0	95296
128	51	64	0	95438
144	53	72	0	95476
128	53	64	0	95677
144	51	63	0	95684
144	57	56	0	95704
128	61	64	0	95712
144	45	62	0	95832
128	51	64	0	95838
128	57	64	0	95954
144	61	63	0	95960
128	45	64	0	96715
144	53	59	0	96720
128	61	64	0	96797
144	57	79	0	96828
144	51	64	0	96945
128	53	64	0	96953
144	61	66	0	97081
128	57	64	0	97091
144	55	79	0	97301
128	51	64	0	97307
128	61	64	0	97442
144	57	72	0	97495
144	51	64	0	97679
128	55	64	0	97685
144	63	64	0	97802
128	57	64	0	97822
128	51	64	0	97947
144	53	69	0	97958
128	63	64	0	98099
144	57	68	0	98141
128	53	64	0	98224
144	49	64	0	98245
128	57	64	0	98363
144	61	67	0	98369
128	49	64	0	98488
144	55	78	0	98501
128	61	64	0	98642
144	57	78	0	98681
144	51	60	0	98757
128	55	64	0	98763
128	57	64	0	98914
144	63	70	0	98922
128	51	64	0	98969
144	53	62	0	98994
128	63	64	0	99083
144	57	72	0	99178
128	53	64	0	99259
144	49	59	0	99297
128	57	64	0	99419
144	61	72	0	99434
128	49	64	0	99537
144	55	72	0	99555
128	61	64	0	99654
144	57	66	0	99703
128	55	64	0	99797
144	51	60	0	99854
128	57	64	0	99901
144	63	63	0	99936
128	51	64	0	100038
128	63	64	0	100074
144	53	55	0	100091
144	57	68	0	100203
128	53	64	0	100275
144	49	58	0	100304
128	57	64	0	100347
144	61	60	0	100387
128	49	64	0	100456
144	55	68	0	100497
128	61	64	0	100542
144	57	60	0	100612
144	51	51	0	100697
128	55	64	0	100711
144	63	61	0	100749
128	57	64	0	100755
128	51	64	0	100797
144	45	58	0	100815
128	63	64	0	100829
144	61	60	0	100854
128	61	64	0	100923
144	57	69	0	100964
144	55	67	0	101022
128	45	64	0	101035
128	57	64	0	101091
144	63	58	0	101121
128	55	64	0	101144
144	51	61	0	101152
128	63	64	0	101178
144	61	57	0	101194
128	61	64	0	101260
128	51	64	0	101319
144	59	46	0	101336
144	53	64	0	101353
144	63	60	0	101456
128	59	64	0	101456
144	49	64	0	101473
128	53	64	0	101493
144	61	59	0	101545
128	63	64	0	101545
128	61	64	0	101626
128	49	64	0	101633
144	51	43	0	101663
144	59	53	0	101691
128	59	64	0	101765
128	51	64	0	101770
144	63	64	0	101809
144	55	64	0	101838
128	63	64	0	101865
144	61	49	0	101895
128	61	64	0	101965
144	57	60	0	101977
128	55	64	0	102008
144	51	54	0	102032
128	57	64	0	102079
128	51	64	0	102099
144	63	59	0	102115
144	49	53	0	102156
128	63	64	0	102177
144	61	60	0	102194
128	61	64	0	102261
128	49	64	0	102279
144	53	64	0	102308
144	59	64	0	102308
128	59	64	0	102426
144	63	56	0	102435
128	53	64	0	102446
144	51	62	0	102452
128	63	64	0	102492
144	61	59	0	102498
128	51	64	0	102579
128	61	64	0	102589
144	55	69	0	102603
144	57	64	0	102624
128	57	64	0	102756
128	55	64	0	102763
144	63	60	0	102771
144	45	68	0	102785
128	63	64	0	102847
144	61	59	0	102868
128	61	64	0	102933
144	59	64	0	102977
128	45	64	0	102985
144	53	51	0	103028
128	59	64	0	103101
144	63	63	0	103113
144	51	66	0	103131
128	53	64	0	103136
128	63	64	0	103168
144	61	59	0	103182
128	61	64	0	103254
128	51	64	0	103284
144	57	63	0	103296
144	55	73	0	103315
128	57	64	0	103415
144	63	64	0	103444
128	55	64	0	103449
144	49	62	0	103481
128	63	64	0	103527
144	61	61	0	103535
128	61	64	0	103603
128	49	64	0	103632
144	53	73	0	103642
144	59	69	0	103642
128	59	64	0	103778
144	63	63	0	103785
128	53	64	0	103793
144	51	63	0	103810
128	63	64	0	103848
144	61	61	0	103872
128	51	64	0	103942
128	61	64	0	103947
144	57	64	0	103967
144	55	69	0	103967
128	57	64	0	104089
128	55	64	0	104095
144	63	68	0	104106
144	45	68	0	104131
128	63	64	0	104198
144	61	61	0	104198
128	61	64	0	104272
144	59	67	0	104296
128	45	64	0	104296
144	53	66	0	104306
128	59	64	0	104404
144	63	66	0	104428
128	53	64	0	104454
144	51	66	0	104454
128	63	64	0	104480
144	61	60	0	104502
128	61	64	0	104575
144	57	69	0	104589
128	51	64	0	104589
144	55	72	0	104616
128	57	64	0	104706
144	63	68	0	104729
128	55	64	0	104734
144	49	66	0	104767
128	63	64	0	104810
144	61	64	0	104825
144	51	66	0	104899
128	49	64	0	104905
144	59	69	0	104922
128	61	64	0	104922
128	51	64	0	105048
128	59	64	0	105053
144	63	70	0	105058
144	53	73	0	105066
128	63	64	0	105125
144	61	61	0	105133
128	61	64	0	105196
144	57	75	0	105231
144	45	69	0	105252
128	53	64	0	105262
128	57	64	0	105363
144	63	72	0	105368
144	61	63	0	105450
144	55	77	0	105465
128	45	64	0	105477
128	63	64	0	105486
128	61	64	0	105536
144	59	73	0	105559
128	55	64	0	105594
144	51	68	0	105602
144	63	67	0	105669
128	59	64	0	105679
144	61	63	0	105752
128	63	64	0	105766
128	51	64	0	105780
144	53	80	0	105787
128	61	64	0	105811
144	57	68	0	105840
128	53	64	0	105916
144	49	66	0	105921
128	57	64	0	105946
144	63	70	0	105951
144	61	64	0	106032
144	51	64	0	106038
128	49	64	0	106050
128	63	64	0	106072
128	61	64	0	106134
144	55	75	0	106139
144	59	76	0	106144
128	51	64	0	106149
128	55	64	0	106258
128	59	64	0	106263
144	63	71	0	106272
144	45	75	0	106279
144	61	63	0	106359
128	63	64	0	106392
128	61	64	0	106426
144	57	74	0	106432
144	51	63	0	106453
128	45	64	0	106473
128	57	64	0	106547
144	63	71	0	106574
144	53	73	0	106597
128	51	64	0	106607
144	61	63	0	106666
128	63	64	0	106689
128	61	64	0	106734
144	59	74	0	106739
144	49	63	0	106739
128	53	64	0	106754
128	59	64	0	106853
144	63	77	0	106858
128	49	64	0	106885
144	51	47	0	106924
144	55	60	0	106947
144	61	66	0	106952
128	63	64	0	106972
128	51	64	0	107004
144	57	57	0	107042
128	61	64	0	107064
128	57	64	0	107157
128	55	64	0	107163
144	63	71	0	107176
144	51	63	0	107176
128	63	64	0	107234
144	61	64	0	107242
128	51	64	0	107328
144	57	70	0	107354
128	61	64	0	107366
144	55	63	0	107371
128	57	64	0	107469
144	63	66	0	107480
144	51	58	0	107489
128	55	64	0	107498
128	63	64	0	107533
144	61	68	0	107540
128	51	64	0	107567
128	61	64	0	107607
144	57	66	0	107650
144	55	64	0	107664
144	51	68	0	107741
128	55	64	0	107766
128	57	64	0	107778
144	63	69	0	107783
128	51	64	0	107799
128	63	64	0	107862
144	61	64	0	107867
144	57	68	0	107957
128	61	64	0	107968
144	55	64	0	107980
144	51	66	0	108019
128	51	64	0	108078
128	55	64	0	108084
128	57	64	0	108084
144	63	68	0	108100
128	63	64	0	108163
144	61	62	0	108176
128	61	64	0	108264
144	57	66	0	108269
144	55	71	0	108297
144	51	71	0	108311
128	51	64	0	108365
128	55	64	0	108375
128	57	64	0	108401
144	63	68	0	108432
144	61	64	0	108490
128	63	64	0	108496
128	61	64	0	108579
144	57	75	0	108601
144	55	71	0	108619
144	51	71	0	108626
128	51	64	0	108710
128	55	64	0	108716
128	57	64	0	108732
144	63	69	0	108754
144	61	64	0	108810
128	63	64	0	108830
128	61	64	0	108894
144	57	70	0	108925
144	55	64	0	108958
144	51	65	0	108970
128	57	64	0	109047
128	55	64	0	109073
144	63	72	0	109073
128	51	64	0	109083
144	61	69	0	109119
128	63	64	0	109132
128	61	64	0	109234
144	57	68	0	109242
144	51	66	0	109282
144	55	55	0	109293
128	55	64	0	109375
128	57	64	0	109382
144	63	69	0	109402
128	51	64	0	109424
144	61	69	0	109437
128	63	64	0	109465
144	57	67	0	109587
128	61	64	0	109592
144	55	51	0	109599
144	51	64	0	109605
128	57	64	0	109698
144	63	68	0	109716
128	55	64	0	109739
128	51	64	0	109749
144	61	68	0	109772
128	63	64	0	109777
128	61	64	0	109834
144	57	69	0	109891
144	55	61	0	109926
144	51	65	0	109935
128	57	64	0	110054
128	55	64	0	110059
144	63	61	0	110065
144	61	62	0	110070
128	51	64	0	110075
128	63	64	0	110200
128	61	64	0	110207
144	55	53	0	110246
144	51	66	0	110251
144	57	60	0	110257
128	51	64	0	110390
128	55	64	0	110408
144	63	47	0	110413
128	57	64	0	110418
144	61	46	0	110418
128	61	64	0	110541
128	63	64	0	110570
144	55	58	0	110583
144	51	50	0	110597
144	57	59	0	110597
128	55	64	0	110736
128	51	64	0	110741
144	63	58	0	110756
128	57	64	0	110761
144	61	63	0	110766
128	63	64	0	110879
128	61	64	0	110912
144	55	51	0	110920
144	51	56	0	110929
144	57	58	0	110942
128	55	64	0	111064
128	51	64	0	111075
128	57	64	0	111081
144	63	47	0	111087
144	61	55	0	111098
128	61	64	0	111180
128	63	64	0	111199
144	57	55	0	111269
144	55	49	0	111274
144	51	52	0	111281
128	57	64	0	111375
128	55	64	0	111381
128	51	64	0	111387
144	61	55	0	111423
144	63	44	0	111423
128	61	64	0	111508
128	63	64	0	111513
144	55	49	0	111598
144	51	51	0	111598
144	57	49	0	111609
128	55	64	0	111702
128	51	64	0	111732
128	57	64	0	111738
144	63	47	0	111756
144	61	55	0	111764
144	53	72	0	111903
144	58	60	0	111935
144	49	59	0	111943
128	53	64	0	112063
128	49	64	0	112078
128	58	64	0	112107
128	63	64	0	112107
128	61	64	0	112107
144	58	40	0	112247
144	63	33	0	112260
144	53	60	0	112265
144	61	33	0	112270
144	49	51	0	112270
128	61	64	0	112338
128	63	64	0	112343
128	49	64	0	112348
128	53	64	0	112348
128	58	64	0	112358
144	58	41	0	112578
144	63	53	0	112583
144	53	49	0	112592
144	61	53	0	112592
144	49	51	0	112611
128	61	64	0	112663
128	49	64	0	112684
128	63	64	0	112692
128	53	64	0	112700
128	58	64	0	112710
144	53	60	0	112925
144	58	44	0	112938
144	63	45	0	112943
144	49	63	0	112943
144	61	56	0	112955
128	53	64	0	113020
128	61	64	0	113030
128	49	64	0	113039
128	63	64	0	113069
128	58	64	0	113076
144	57	62	0	113096
128	57	64	0	113200
144	58	60	0	113245
144	55	68	0	113262
144	51	69	0	113267
144	63	52	0	113267
144	61	58	0	113283
128	61	64	0	113393
128	51	64	0	113405
128	63	64	0	113413
128	55	64	0	113413
128	58	64	0	113436
144	58	54	0	113600
144	63	51	0	113606
144	61	51	0	113613
144	55	55	0	113613
144	51	60	0	113619
128	63	64	0	113676
128	61	64	0	113676
128	51	64	0	113676
128	55	64	0	113684
128	58	64	0	113703
144	58	45	0	113912
144	61	51	0	113939
144	63	44	0	113944
144	55	47	0	113951
144	51	53	0	113951
128	61	64	0	114008
128	63	64	0	114014
128	58	64	0	114036
128	51	64	0	114036
128	55	64	0	114049
144	58	33	0	114255
144	63	55	0	114260
144	51	63	0	114265
144	61	60	0	114271
144	55	57	0	114276
128	58	64	0	114344
128	61	64	0	114349
128	51	64	0	114393
144	59	55	0	114393
128	55	64	0	114402
128	63	64	0	114410
144	61	72	0	114568
144	53	62	0	114578
144	45	50	0	114578
144	47	51	0	114587
128	59	64	0	114598
144	51	63	0	114628
128	51	64	0	114697
128	47	64	0	114725
128	53	64	0	114725
128	45	64	0	114725
128	61	64	0	114840
144	59	51	0	114924
144	51	46	0	114955
128	51	64	0	115015
128	59	64	0	115037
144	61	74	0	115258
144	53	56	0	115276
144	51	53	0	115291
128	53	64	0	115351
128	51	64	0	115351
128	61	64	0	115463
144	53	61	0	115607
144	51	70	0	115607
144	61	71	0	115616
128	51	64	0	115678
128	53	64	0	115685
128	61	64	0	115771
144	45	74	0	115931
144	67	81	0	115938
144	55	65	0	115951
144	59	65	0	115958
144	51	70	0	115963
144	61	49	0	115979
128	61	64	0	116044
128	51	64	0	116492
128	55	64	0	116497
128	45	64	0	116497
128	59	64	0	116511
128	67	64	0	116516
144	69	78	0	116628
144	61	64	0	116634
144	55	53	0	116634
144	45	54	0	116655
144	57	44	0	116655
144	51	66	0	116667
128	57	64	0	116722
128	61	64	0	116791
128	51	64	0	116800
128	45	64	0	116809
128	55	64	0	116809
128	69	64	0	116841
144	43	70	0	117319
144	69	74	0	117324
128	43	64	0	117599
144	61	61	0	117664
128	69	64	0	117671
144	51	70	0	117686
128	61	64	0	117847
144	59	60	0	117856
128	51	64	0	117891
128	59	64	0	117978
144	47	55	0	117987
144	69	65	0	118016
128	47	64	0	118159
144	61	59	0	118210
128	69	64	0	118215
144	45	72	0	118335
128	61	64	0	118361
144	59	62	0	118366
128	45	64	0	118458
144	61	49	0	118511
128	59	64	0	118519
144	43	62	0	118674
128	61	64	0	118680
144	69	63	0	118686
128	43	64	0	118800
128	69	64	0	118874
144	61	61	0	118880
144	41	49	0	118978
128	61	64	0	119009
144	59	58	0	119032
128	41	64	0	119049
128	59	64	0	119178
144	69	61	0	119183
144	39	58	0	119314
128	69	64	0	119341
144	61	60	0	119367
128	39	64	0	119378
128	61	64	0	119519
144	69	69	0	119547
144	37	46	0	119644
128	69	64	0	119694
144	61	70	0	119699
128	61	64	0	119764
128	37	64	0	119780
144	69	56	0	119842
128	69	64	0	119962
144	35	62	0	119982
144	59	75	0	119997
128	59	64	0	120140
128	35	64	0	120157
144	47	63	0	120317
128	47	64	0	120469
144	59	65	0	120489
128	59	64	0	120647
144	35	50	0	120672
144	36	51	0	120682
128	36	64	0	120799
128	35	64	0	120816
144	56	74	0	120990
144	47	66	0	121003
128	56	64	0	121148
128	47	64	0	121183
144	35	72	0	121326
144	57	75	0	121339
128	35	64	0	121567
144	47	61	0	121666
144	59	72	0	121673
128	57	64	0	121688
128	47	64	0	121788
128	59	64	0	121820
144	35	76	0	122000
144	54	80	0	122041
128	35	64	0	122282
144	47	64	0	122320
128	47	64	0	122605
144	59	73	0	122674
128	54	64	0	122699
144	53	71	0	123010
144	47	75	0	123015
128	59	64	0	123038
128	47	64	0	123201
144	35	60	0	123256
128	35	64	0	123623
144	47	73	0	123638
128	47	64	0	123846
128	53	64	0	123899
144	59	73	0	123978
144	35	77	0	123978
128	35	64	0	124134
128	59	64	0	124139
144	35	66	0	124742
144	47	27	0	124775
144	59	78	0	125074
128	35	64	0	125115
128	47	64	0	125162
128	59	64	0	125412
144	47	70	0	125437
144	35	53	0	125460
144	59	62	0	125542
128	35	64	0	125561
128	47	64	0	125573
128	59	64	0	125702
144	63	68	0	125745
144	35	56	0	125786
144	47	46	0	125795
128	35	64	0	125865
128	47	64	0	125876
144	61	59	0	125898
128	63	64	0	125918
144	35	68	0	126080
144	47	64	0	126086
144	65	61	0	126098
128	61	64	0	126103
128	35	64	0	126291
128	47	64	0	126296
144	63	71	0	126413
128	65	64	0	126454
144	47	43	0	126468
144	35	31	0	126485
128	47	64	0	126543
128	35	64	0	126554
144	61	73	0	126591
128	63	64	0	126611
144	63	80	0	126930
128	61	64	0	126959
144	35	68	0	127101
144	47	62	0	127108
144	59	58	0	127243
128	63	64	0	127249
128	47	64	0	127278
128	35	64	0	127300
144	61	72	0	127442
144	47	64	0	127469
128	59	64	0	127482
144	35	51	0	127488
128	35	64	0	127579
128	47	64	0	127588
144	59	78	0	127789
144	47	72	0	127794
144	35	63	0	127806
128	61	64	0	127812
128	35	64	0	127903
128	47	64	0	127914
128	59	64	0	127945
144	35	78	0	128119
144	65	86	0	128124
144	47	80	0	128130
144	63	64	0	128427
128	65	64	0	128457
128	35	64	0	128469
128	47	64	0	128481
144	61	67	0	128595
128	63	64	0	128625
144	47	71	0	128727
144	35	71	0	128735
128	61	64	0	128775
144	69	65	0	128785
144	67	70	0	128785
128	47	64	0	129135
128	35	64	0	129155
144	47	62	0	129395
144	35	60	0	129410
144	61	65	0	129442
128	61	64	0	129761
128	47	64	0	129786
144	63	59	0	129795
128	35	64	0	129803
128	63	64	0	129954
144	59	58	0	129963
144	47	55	0	130125
144	35	66	0	130131
144	63	64	0	130348
128	59	64	0	130354
128	35	64	0	130406
128	47	64	0	130476
144	61	66	0	130519
128	63	64	0	130543
128	69	64	0	130543
128	67	64	0	130549
144	59	61	0	130639
128	61	64	0	130655
128	59	64	0	130783
144	47	46	0	130811
144	35	36	0	130838
144	71	80	0	130838
144	36	43	0	130859
128	36	64	0	130963
128	35	64	0	131427
128	47	64	0	131437
128	71	64	0	131537
144	63	65	0	131568
144	47	59	0	131578
144	35	60	0	131594
128	47	64	0	131828
128	35	64	0	131836
128	63	64	0	131905
144	59	49	0	131937
128	59	64	0	132043
144	63	52	0	132089
128	63	64	0	132219
144	47	55	0	132239
144	35	52	0	132262
144	57	64	0	132273
128	35	64	0	132413
128	47	64	0	132423
144	61	58	0	132433
128	57	64	0	132439
128	61	64	0	132504
144	59	58	0	132541
128	59	64	0	132724
144	61	63	0	132730
128	61	64	0	132807
144	55	55	0	132867
144	35	51	0	132891
144	47	49	0	132891
128	55	64	0	133014
128	47	64	0	133075
128	35	64	0	133081
144	61	66	0	133113
128	61	64	0	133264
144	57	60	0	133295
128	57	64	0	133437
144	59	25	0	133486
128	59	64	0	133685
144	61	68	0	133711
144	47	28	0	133733
128	61	64	0	134038
128	47	64	0	134055
144	59	56	0	134062
144	53	54	0	134068
128	59	64	0	134415
144	51	49	0	134427
144	57	59	0	134433
128	53	64	0	134433
128	57	64	0	134769
128	51	64	0	134785
144	59	48	0	134791
144	47	58	0	134791
128	47	64	0	135136
144	55	57	0	135155
144	61	63	0	135167
128	59	64	0	135176
128	55	64	0	135496
128	61	64	0	135508
144	51	52	0	135508
144	59	53	0	135530
128	51	64	0	135838
144	47	44	0	135881
128	59	64	0	135901
144	57	58	0	135917
128	47	64	0	136236
144	54	55	0	136262
144	61	63	0	136286
128	57	64	0	136286
128	54	64	0	136617
144	51	57	0	136625
128	61	64	0	136635
144	59	54	0	136650
128	51	64	0	136983
144	61	62	0	137013
128	59	64	0	137040
144	48	54	0	137048
128	48	64	0	137355
144	47	61	0	137409
128	61	64	0	137409
144	59	53	0	137429
128	47	64	0	137753
144	48	63	0	137778
128	59	64	0	137806
144	61	64	0	137806
128	48	64	0	138056
144	51	60	0	138103
128	61	64	0	138172
144	59	50	0	138187
128	51	64	0	138458
144	54	51	0	138490
128	59	64	0	138503
144	61	65	0	138514
128	61	64	0	138840
128	54	64	0	138846
144	59	57	0	138872
144	55	56	0	138878
128	55	64	0	139175
144	51	60	0	139197
144	63	65	0	139227
128	59	64	0	139245
128	51	64	0	139566
144	48	58	0	139576
128	63	64	0	139587
144	61	66	0	139593
128	48	64	0	139804
144	47	62	0	139928
144	63	67	0	139979
128	61	64	0	139984
128	63	64	0	140336
144	54	55	0	140342
144	61	61	0	140342
128	47	64	0	140468
128	54	64	0	140682
128	61	64	0	140695
144	57	51	0	140703
144	59	54	0	140729
128	57	64	0	141034
144	51	56	0	141072
144	63	57	0	141088
128	59	64	0	141088
128	51	64	0	141393
128	63	64	0	141400
144	54	48	0	141422
144	61	55	0	141435
128	54	64	0	141772
128	61	64	0	141778
144	57	53	0	141783
144	59	52	0	141800
128	57	64	0	142126
144	67	65	0	142136
144	47	60	0	142141
128	59	64	0	142187
128	47	64	0	142471
144	57	44	0	142476
144	59	48	0	142526
128	57	64	0	142865
144	51	58	0	142884
144	63	59	0	142890
128	59	64	0	142891
128	51	64	0	143224
144	57	48	0	143234
128	63	64	0	143349
144	59	51	0	143377
128	57	64	0	143564
144	47	37	0	143620
144	45	35	0	143626
128	59	64	0	143758
128	45	64	0	143795
144	63	29	0	143805
128	47	64	0	143890
144	57	50	0	143906
144	54	57	0	144252
128	63	64	0	144259
128	57	64	0	144259
144	61	61	0	144270
128	54	64	0	145264
128	61	64	0	145321
144	57	62	0	145526
144	63	71	0	145526
128	57	64	0	145807
144	51	63	0	145869
128	51	64	0	146026
144	57	68	0	146051
144	59	63	0	146103
144	54	74	0	146508
128	57	64	0	146513
144	51	66	0	146702
128	54	64	0	146710
128	51	64	0	147019
144	57	80	0	147035
144	61	42	0	147158
128	59	64	0	147401
128	57	64	0	147416
144	54	59	0	147425
128	54	64	0	147624
144	51	64	0	147629
128	51	64	0	147867
144	59	70	0	147961
144	47	72	0	147966
128	61	64	0	147987
128	47	64	0	148274
144	51	68	0	148280
144	61	72	0	148335
128	59	64	0	148373
128	51	64	0	148583
144	48	69	0	148588
128	48	64	0	148756
144	57	44	0	148780
128	61	64	0	148794
144	59	66	0	148806
144	55	29	0	148812
128	55	64	0	148933
144	54	58	0	148997
128	57	64	0	149010
128	54	64	0	149149
144	61	73	0	149164
144	47	63	0	149178
128	59	64	0	149184
144	55	73	0	149355
128	47	64	0	149371
144	51	68	0	149541
128	55	64	0	149568
144	59	70	0	149633
128	61	64	0	149692
128	51	64	0	150404
128	59	64	0	150439
144	57	44	0	150465
144	55	44	0	150478
144	61	69	0	150478
128	55	64	0	150621
144	54	65	0	150839
128	57	64	0	150844
128	54	64	0	151014
128	61	64	0	151036
144	59	64	0	151047
144	57	65	0	151054
144	54	61	0	151385
128	57	64	0	151448
128	59	64	0	151579
144	48	68	0	151585
144	61	76	0	151585
128	54	64	0	151613
128	48	64	0	151899
144	57	75	0	151914
144	59	73	0	151956
128	61	64	0	151961
128	57	64	0	152236
144	54	59	0	152260
128	59	64	0	152376
144	61	65	0	152386
128	54	64	0	152440
144	57	70	0	152466
128	57	64	0	152771
144	48	70	0	152787
128	61	64	0	152887
144	59	70	0	152905
128	48	64	0	152975
144	57	66	0	152984
144	54	69	0	153155
128	57	64	0	153164
128	59	64	0	153201
144	61	67	0	153295
128	54	64	0	153347
144	55	78	0	153360
144	51	66	0	153518
128	55	64	0	153534
128	51	64	0	153702
144	57	78	0	153707
128	61	64	0	153714
144	59	69	0	153714
144	54	65	0	153911
128	57	64	0	153918
144	51	67	0	154072
128	54	64	0	154079
144	61	70	0	154092
128	59	64	0	154116
128	51	64	0	154237
144	55	73	0	154273
128	61	64	0	154415
144	59	68	0	154430
144	54	68	0	154462
128	55	64	0	154485
128	54	64	0	154782
144	48	71	0	154787
144	61	78	0	154808
128	59	64	0	154844
144	54	73	0	154987
128	48	64	0	155007
128	54	64	0	155335
144	51	68	0	155343
144	59	80	0	155367
128	61	64	0	155372
128	51	64	0	155675
144	48	78	0	155675
144	61	76	0	155717
128	59	64	0	155717
144	51	78	0	155981
128	48	64	0	155994
144	59	77	0	156050
128	61	64	0	156050
128	51	64	0	156292
144	54	61	0	156292
144	57	75	0	156473
128	54	64	0	156473
144	61	81	0	156527
128	59	64	0	156532
144	54	66	0	156820
128	57	64	0	156832
144	59	66	0	156869
128	61	64	0	156869
144	51	74	0	156983
128	54	64	0	157003
128	51	64	0	157216
144	55	73	0	157235
144	61	84	0	157276
128	59	64	0	157300
144	54	76	0	157580
128	55	64	0	157580
144	51	69	0	157830
128	54	64	0	157830
144	59	81	0	157844
128	61	64	0	157859
128	51	64	0	158022
144	48	77	0	158033
144	61	81	0	158140
128	59	64	0	158140
144	51	70	0	158232
128	48	64	0	158253
128	51	64	0	158530
144	48	73	0	158546
128	48	64	0	158769
144	59	80	0	158787
128	61	64	0	158798
144	47	72	0	158812
128	59	64	0	160782
128	47	64	0	160788
128	63	64	0	160796
128	67	64	0	160796
