144	67	57	0	1263
128	67	64	0	1361
144	70	51	0	1410
128	70	64	0	1473
144	67	54	0	1514
128	67	64	0	1634
144	70	61	0	1705
128	70	64	0	1778
144	67	68	0	1803
128	67	64	0	1979
144	65	63	0	2097
144	70	58	0	2253
128	65	64	0	2260
128	70	64	0	2353
144	64	64	0	2509
144	67	49	0	2653
128	64	64	0	2665
128	67	64	0	2806
144	61	66	0	2899
144	62	57	0	2902
144	58	61	0	2907
128	61	64	0	3123
128	58	64	0	3141
128	62	64	0	3150
144	65	72	0	3166
128	65	64	0	3290
144	67	74	0	3463
128	67	64	0	3568
144	70	65	0	3584
128	70	64	0	3651
144	67	58	0	3716
128	67	64	0	3789
144	70	60	0	3836
128	70	64	0	3904
144	67	62	0	3990
128	67	64	0	4173
144	65	61	0	4241
144	70	51	0	4401
128	65	64	0	4404
128	70	64	0	4503
144	65	61	0	4633
144	70	56	0	4765
128	65	64	0	4788
128	70	64	0	4845
144	64	72	0	5016
144	61	60	0	5040
144	58	56	0	5043
144	62	44	0	5046
128	64	64	0	5309
144	67	73	0	5321
128	58	64	0	5352
128	61	64	0	5359
128	62	64	0	5369
128	67	64	0	5492
144	58	68	0	5575
144	62	62	0	5583
144	61	66	0	5589
144	65	66	0	5693
128	61	64	0	5722
128	58	64	0	5725
128	62	64	0	5736
144	67	64	0	5829
128	65	64	0	5846
144	68	58	0	6004
128	67	64	0	6006
144	70	68	0	6140
128	68	64	0	6141
128	70	64	0	6283
144	68	70	0	6447
144	67	71	0	6561
128	68	64	0	6563
128	67	64	0	6762
144	65	68	0	6796
128	65	64	0	6945
144	64	51	0	6970
128	64	64	0	7061
144	62	65	0	7239
144	58	68	0	7242
144	61	72	0	7245
128	61	64	0	7465
128	58	64	0	7472
128	62	64	0	7481
144	65	74	0	7793
144	67	71	0	7925
128	65	64	0	7945
128	67	64	0	8087
144	68	56	0	8093
128	68	64	0	8227
144	70	55	0	8230
144	72	74	0	8393
128	70	64	0	8396
144	70	67	0	8694
128	72	64	0	8700
144	68	68	0	8872
128	70	64	0	8879
128	68	64	0	9119
144	67	61	0	9146
128	67	64	0	9262
144	65	71	0	9282
128	65	64	0	9465
144	58	79	0	9556
144	62	76	0	9559
144	61	73	0	9572
128	58	64	0	9703
128	61	64	0	9707
128	62	64	0	9733
144	73	67	0	10103
144	62	75	0	10132
144	61	72	0	10138
144	58	71	0	10146
128	61	64	0	10278
128	58	64	0	10305
128	62	64	0	10308
128	73	64	0	10333
144	65	59	0	10384
128	65	64	0	10522
144	70	56	0	10543
144	73	61	0	10685
128	70	64	0	10693
128	73	64	0	10793
144	67	67	0	10943
128	67	64	0	11060
144	70	67	0	11064
128	70	64	0	11255
144	65	61	0	11308
144	67	69	0	11456
128	65	64	0	11461
128	67	64	0	11589
144	70	80	0	11730
128	70	64	0	11920
144	58	73	0	12223
144	62	66	0	12231
144	61	71	0	12234
128	61	64	0	12376
128	58	64	0	12398
128	62	64	0	12415
144	73	60	0	12438
128	73	64	0	12522
144	70	54	0	12547
144	65	71	0	12685
128	70	64	0	12692
144	70	48	0	12819
128	65	64	0	12838
128	70	64	0	13032
144	67	63	0	13065
144	70	70	0	13224
128	67	64	0	13240
128	70	64	0	13458
144	65	68	0	13485
144	64	75	0	13599
128	65	64	0	13613
128	64	64	0	13830
144	65	77	0	13886
128	65	64	0	14078
144	62	71	0	14372
144	58	72	0	14377
144	61	72	0	14390
144	67	71	0	14399
144	70	60	0	14521
128	67	64	0	14529
128	58	64	0	14540
128	61	64	0	14548
128	62	64	0	14564
128	70	64	0	14597
144	67	46	0	14648
128	67	64	0	14773
144	70	61	0	14780
128	70	64	0	14891
144	67	63	0	14925
128	67	64	0	15082
144	65	58	0	15147
128	65	64	0	15303
144	70	63	0	15323
128	70	64	0	15577
144	67	45	0	15600
144	65	67	0	15672
128	67	64	0	15680
128	65	64	0	15853
144	67	62	0	15961
128	67	64	0	16217
144	68	60	0	16222
128	68	64	0	16405
144	57	56	0	16492
144	61	66	0	16495
144	62	50	0	16498
144	65	52	0	16526
144	67	50	0	16536
128	57	64	0	16601
128	67	64	0	16610
128	61	64	0	16612
128	65	64	0	16614
128	62	64	0	16622
144	70	60	0	16632
128	70	64	0	16687
144	65	50	0	16742
128	65	64	0	16840
144	67	61	0	16862
128	67	64	0	17018
144	64	42	0	17051
128	64	64	0	17140
144	67	59	0	17287
144	70	67	0	17437
128	67	64	0	17440
128	70	64	0	17601
144	68	52	0	17699
128	68	64	0	17791
144	67	70	0	17803
128	67	64	0	18070
144	65	61	0	18105
128	65	64	0	18395
144	68	48	0	18406
144	55	58	0	18668
144	58	69	0	18672
144	61	68	0	18675
144	66	73	0	18701
128	68	64	0	18707
128	66	64	0	18810
128	61	64	0	18825
128	58	64	0	18827
144	68	48	0	18857
128	55	64	0	18867
144	66	50	0	18954
128	68	64	0	18959
128	66	64	0	19064
144	67	59	0	19097
128	67	64	0	19239
144	66	65	0	19245
128	66	64	0	19304
144	65	56	0	19333
128	65	64	0	19473
144	64	66	0	19474
144	65	45	0	19582
128	64	64	0	19596
144	55	61	0	19727
144	61	66	0	19735
144	58	70	0	19742
144	66	70	0	19760
128	65	64	0	19766
128	66	64	0	19843
128	61	64	0	19861
128	55	64	0	19870
128	58	64	0	19874
144	65	67	0	20054
128	65	64	0	20146
144	64	72	0	20173
128	64	64	0	20354
144	63	68	0	20440
128	63	64	0	20493
144	64	60	0	20532
128	64	64	0	20712
144	59	61	0	20791
144	54	70	0	20796
144	63	70	0	20809
144	61	64	0	21066
128	63	64	0	21078
128	61	64	0	21134
144	64	62	0	21200
128	54	64	0	21265
128	59	64	0	21288
144	63	63	0	21343
128	64	64	0	21347
144	61	64	0	21450
128	63	64	0	21471
128	61	64	0	21532
144	62	62	0	21580
144	63	69	0	21696
128	62	64	0	21713
144	61	68	0	21805
128	63	64	0	21812
144	51	69	0	21837
144	54	67	0	21845
128	54	64	0	22000
128	51	64	0	22038
128	61	64	0	22063
144	60	69	0	22117
128	60	64	0	22792
144	50	74	0	22938
144	56	69	0	22941
144	61	64	0	22963
128	61	64	0	23055
144	60	59	0	23092
128	60	64	0	23184
144	61	72	0	23222
128	61	64	0	23309
144	60	66	0	23331
128	60	64	0	23416
144	59	64	0	23444
128	59	64	0	23544
144	60	54	0	23562
144	61	59	0	23690
128	60	64	0	23703
128	61	64	0	23817
144	63	59	0	23825
128	63	64	0	23881
144	62	60	0	23922
128	62	64	0	24053
144	63	67	0	24056
128	63	64	0	24120
144	64	58	0	24185
144	63	39	0	24332
128	64	64	0	24348
128	63	64	0	24615
144	65	66	0	24621
128	65	64	0	24956
144	66	52	0	24968
128	56	64	0	25041
128	50	64	0	25072
128	66	64	0	25321
144	48	64	0	25331
144	67	68	0	25334
144	54	62	0	25342
144	55	55	0	25352
128	54	64	0	25437
128	55	64	0	25447
128	67	64	0	25466
144	66	47	0	25470
128	48	64	0	25480
128	66	64	0	25523
144	67	61	0	25554
144	66	54	0	25677
128	67	64	0	25681
128	66	64	0	25781
144	65	60	0	25790
128	65	64	0	25909
144	64	64	0	25935
144	65	48	0	26029
128	64	64	0	26032
128	65	64	0	26170
144	64	69	0	26183
128	64	64	0	26327
144	63	73	0	26330
128	63	64	0	26519
144	62	62	0	26601
128	62	64	0	26803
144	61	66	0	26887
128	61	64	0	27104
144	60	62	0	27134
128	60	64	0	27245
144	55	59	0	27401
144	48	56	0	27408
144	54	63	0	27411
128	54	64	0	27470
128	48	64	0	27492
128	55	64	0	27501
144	60	65	0	27530
128	60	64	0	27605
144	61	63	0	27637
128	61	64	0	27712
144	60	64	0	27751
128	60	64	0	27837
144	55	44	0	27913
144	54	54	0	27921
144	48	35	0	27927
128	54	64	0	27982
128	55	64	0	28001
128	48	64	0	28003
144	60	62	0	28021
128	60	64	0	28106
144	61	59	0	28135
128	61	64	0	28206
144	60	52	0	28220
128	60	64	0	28322
144	55	56	0	28357
144	48	44	0	28377
144	54	60	0	28383
128	54	64	0	28438
128	48	64	0	28454
128	55	64	0	28464
144	58	72	0	28636
128	58	64	0	28681
144	58	83	0	29151
128	58	64	0	29356
144	55	59	0	29415
144	54	63	0	29422
144	48	51	0	29429
128	48	64	0	29508
128	54	64	0	29516
128	55	64	0	29535
144	60	70	0	29566
144	61	65	0	29673
128	60	64	0	29689
128	61	64	0	29751
144	60	66	0	29776
128	60	64	0	29863
144	55	46	0	29885
144	54	64	0	29912
144	48	44	0	29917
128	54	64	0	29975
128	48	64	0	29992
144	60	53	0	30009
128	55	64	0	30012
128	60	64	0	30103
144	61	69	0	30124
128	61	64	0	30194
144	60	55	0	30214
128	60	64	0	30317
144	55	64	0	30344
144	48	42	0	30373
144	54	60	0	30379
128	54	64	0	30436
128	48	64	0	30456
128	55	64	0	30482
144	58	77	0	30633
128	58	64	0	30696
144	58	76	0	31122
128	58	64	0	31265
144	55	69	0	31388
144	48	62	0	31395
144	54	66	0	31407
128	54	64	0	31515
144	60	51	0	31532
128	55	64	0	31534
128	48	64	0	31555
128	60	64	0	31619
144	63	66	0	31634
128	63	64	0	31717
144	60	40	0	31743
128	60	64	0	31833
144	55	58	0	31844
144	48	51	0	31860
144	54	65	0	31864
128	54	64	0	31932
128	48	64	0	31939
128	55	64	0	31993
144	68	50	0	32005
128	68	64	0	32076
144	60	58	0	32104
144	63	58	0	32246
128	60	64	0	32251
128	63	64	0	32315
144	55	53	0	32351
144	54	58	0	32372
144	48	36	0	32387
128	54	64	0	32436
128	48	64	0	32471
128	55	64	0	32473
144	60	60	0	32523
128	60	64	0	32608
144	63	60	0	32616
128	63	64	0	32687
144	60	60	0	32728
128	60	64	0	32844
144	55	56	0	32862
144	54	53	0	32883
144	48	33	0	32909
128	54	64	0	32966
128	48	64	0	32993
128	55	64	0	33000
144	68	51	0	33055
144	60	72	0	33105
128	68	64	0	33112
128	60	64	0	33232
144	63	61	0	33246
128	63	64	0	33305
144	55	55	0	33357
144	54	60	0	33367
144	48	41	0	33377
128	54	64	0	33450
128	48	64	0	33457
128	55	64	0	33472
144	60	64	0	33501
128	60	64	0	33581
144	67	38	0	33636
144	60	60	0	33703
128	67	64	0	33723
128	60	64	0	33827
144	55	53	0	33869
144	48	39	0	33881
144	54	62	0	33884
128	54	64	0	33946
128	48	64	0	33969
128	55	64	0	33980
144	63	63	0	33995
128	63	64	0	34058
144	60	62	0	34093
144	63	58	0	34204
128	60	64	0	34234
128	63	64	0	34269
144	57	59	0	34327
144	54	67	0	34344
144	48	38	0	34347
128	48	64	0	34438
128	54	64	0	34465
128	57	64	0	34476
144	60	71	0	34478
144	67	55	0	34579
128	60	64	0	34602
144	60	66	0	34683
128	67	64	0	34687
128	60	64	0	34810
144	57	63	0	34813
144	48	48	0	34837
144	56	53	0	34856
128	56	64	0	34921
128	48	64	0	34978
144	69	59	0	34982
128	57	64	0	34991
144	60	71	0	35052
128	69	64	0	35063
128	60	64	0	35212
144	56	78	0	35332
144	48	68	0	35338
128	56	64	0	35446
128	48	64	0	35455
144	68	68	0	35569
128	68	64	0	35622
144	68	67	0	35745
128	68	64	0	35822
144	56	67	0	35852
144	48	56	0	35861
128	48	64	0	35927
128	56	64	0	35940
144	68	68	0	36121
128	68	64	0	36182
144	56	68	0	36342
144	48	55	0	36363
128	48	64	0	36434
128	56	64	0	36457
144	67	76	0	36598
144	70	75	0	36609
128	70	64	0	36663
128	67	64	0	36690
144	48	74	0	37362
144	56	77	0	37370
128	56	64	0	37552
128	48	64	0	37559
144	68	67	0	37623
128	68	64	0	37666
144	68	56	0	37781
128	68	64	0	37846
144	48	68	0	37886
144	56	76	0	37893
128	48	64	0	37998
128	56	64	0	38005
144	68	74	0	38139
128	68	64	0	38232
144	56	72	0	38384
144	48	62	0	38393
128	56	64	0	38457
128	48	64	0	38461
144	67	77	0	38666
144	70	76	0	38671
128	70	64	0	38720
128	67	64	0	38748
144	60	47	0	39402
144	54	64	0	39409
144	48	46	0	39425
128	48	64	0	39521
128	54	64	0	39536
144	68	72	0	39539
144	72	67	0	39545
128	60	64	0	39561
128	68	64	0	39588
128	72	64	0	39601
144	60	51	0	39676
144	54	63	0	39686
144	48	28	0	39712
144	72	53	0	39715
144	68	59	0	39718
128	54	64	0	39750
128	48	64	0	39761
128	60	64	0	39765
128	68	64	0	39808
128	72	64	0	39823
144	60	62	0	39872
144	48	45	0	39877
144	54	60	0	39888
128	54	64	0	39963
128	48	64	0	39976
128	60	64	0	39996
144	72	74	0	40165
144	68	73	0	40170
128	68	64	0	40236
128	72	64	0	40264
144	60	57	0	40433
144	54	61	0	40445
144	48	42	0	40457
128	48	64	0	40552
128	54	64	0	40562
128	60	64	0	40573
144	64	80	0	40696
144	68	81	0	40701
128	68	64	0	40778
128	64	64	0	40785
144	54	55	0	41432
144	60	47	0	41438
144	48	44	0	41467
144	68	61	0	41550
144	72	58	0	41555
128	48	64	0	41562
128	54	64	0	41581
128	60	64	0	41586
128	68	64	0	41602
128	72	64	0	41614
144	60	51	0	41700
144	54	52	0	41703
144	48	47	0	41710
144	72	43	0	41747
144	68	53	0	41762
128	48	64	0	41788
128	60	64	0	41794
128	54	64	0	41799
128	68	64	0	41826
128	72	64	0	41834
144	60	47	0	41894
144	54	53	0	41897
144	48	45	0	41908
128	48	64	0	42004
128	60	64	0	42010
128	54	64	0	42021
144	72	61	0	42170
144	68	46	0	42198
128	68	64	0	42275
128	72	64	0	42331
144	54	51	0	42414
144	60	41	0	42420
144	48	49	0	42434
128	48	64	0	42617
128	54	64	0	42631
128	60	64	0	42634
144	68	66	0	42704
144	64	40	0	42742
144	62	36	0	42751
128	62	64	0	42845
128	68	64	0	42973
128	64	64	0	42983
144	64	49	0	43210
144	68	55	0	43225
128	68	64	0	43345
128	64	64	0	43356
144	62	60	0	43490
144	58	39	0	43532
128	58	64	0	43598
144	68	63	0	43606
144	64	58	0	43608
128	62	64	0	43637
128	68	64	0	43661
128	64	64	0	43675
144	64	55	0	43790
144	68	52	0	43798
128	68	64	0	43888
128	64	64	0	43898
144	58	65	0	43953
144	62	56	0	43962
128	62	64	0	44179
128	58	64	0	44202
144	64	56	0	44239
144	68	53	0	44250
128	68	64	0	44316
128	64	64	0	44328
144	62	64	0	44536
144	58	69	0	44540
144	64	61	0	44643
144	68	63	0	44646
128	62	64	0	44658
128	58	64	0	44671
128	68	64	0	44702
128	64	64	0	44715
144	64	65	0	44882
144	68	60	0	44886
128	68	64	0	44958
128	64	64	0	44971
144	62	55	0	44991
144	58	67	0	44994
144	64	52	0	45273
144	68	51	0	45277
128	58	64	0	45282
128	62	64	0	45295
128	68	64	0	45394
128	64	64	0	45405
144	62	75	0	45554
144	58	76	0	45557
144	64	63	0	45654
144	68	66	0	45657
128	58	64	0	45680
128	62	64	0	45685
128	68	64	0	45713
128	64	64	0	45722
144	64	62	0	45931
144	68	64	0	45935
128	68	64	0	46000
128	64	64	0	46007
144	62	66	0	46031
144	58	74	0	46034
144	64	56	0	46322
144	68	56	0	46325
128	58	64	0	46341
128	62	64	0	46346
128	68	64	0	46406
128	64	64	0	46417
144	62	66	0	46588
144	58	72	0	46594
144	68	72	0	46686
144	64	62	0	46693
128	62	64	0	46702
128	58	64	0	46705
128	68	64	0	46738
128	64	64	0	46752
144	64	66	0	46984
144	68	66	0	46992
128	68	64	0	47042
128	64	64	0	47053
144	62	65	0	47086
144	58	70	0	47091
144	64	63	0	47351
144	68	61	0	47363
128	58	64	0	47393
128	62	64	0	47396
128	68	64	0	47524
128	64	64	0	47537
144	54	73	0	47608
144	62	51	0	47630
144	64	69	0	47738
144	68	64	0	47747
128	54	64	0	47773
128	62	64	0	47787
128	68	64	0	47799
128	64	64	0	47806
144	64	67	0	48020
144	68	64	0	48026
128	68	64	0	48080
128	64	64	0	48088
144	62	62	0	48141
144	54	67	0	48144
144	64	53	0	48387
144	68	54	0	48415
128	62	64	0	48495
128	54	64	0	48504
128	64	64	0	48573
128	68	64	0	48577
144	60	80	0	48661
144	54	73	0	48670
128	54	64	0	48731
144	64	60	0	48749
128	60	64	0	48764
144	68	52	0	48768
128	64	64	0	48815
128	68	64	0	48823
144	64	68	0	49074
144	68	66	0	49080
128	68	64	0	49134
128	64	64	0	49151
144	60	80	0	49170
144	54	72	0	49182
144	64	60	0	49442
144	68	59	0	49444
128	60	64	0	49527
128	54	64	0	49538
128	68	64	0	49697
128	64	64	0	49714
144	59	73	0	49725
144	54	68	0	49728
128	54	64	0	49790
144	68	48	0	49797
144	64	69	0	49800
128	59	64	0	49804
128	68	64	0	49861
128	64	64	0	49864
144	64	75	0	50114
144	68	67	0	50127
128	68	64	0	50175
128	64	64	0	50180
144	59	71	0	50218
144	54	69	0	50227
144	64	61	0	50486
144	68	59	0	50491
128	59	64	0	50551
128	54	64	0	50564
128	68	64	0	50721
128	64	64	0	50731
144	54	69	0	50745
144	60	75	0	50748
144	64	66	0	50817
144	68	49	0	50830
128	60	64	0	50858
128	54	64	0	50861
128	68	64	0	50896
128	64	64	0	50900
144	64	73	0	51147
144	68	64	0	51163
128	68	64	0	51215
128	64	64	0	51218
144	60	75	0	51246
144	54	71	0	51258
128	60	64	0	51512
144	64	58	0	51515
128	54	64	0	51524
144	68	58	0	51527
128	68	64	0	51737
128	64	64	0	51751
144	62	66	0	51768
144	54	69	0	51780
144	64	62	0	51843
144	68	44	0	51857
128	62	64	0	51901
128	54	64	0	51910
128	64	64	0	51921
128	68	64	0	51923
144	64	71	0	52173
144	68	63	0	52189
128	68	64	0	52239
128	64	64	0	52245
144	62	72	0	52268
144	54	68	0	52283
144	64	66	0	52541
144	68	61	0	52546
128	62	64	0	52568
128	54	64	0	52577
128	64	64	0	52748
128	68	64	0	52752
144	60	72	0	52797
144	54	69	0	52804
128	54	64	0	52891
144	64	61	0	52899
144	68	53	0	52907
128	60	64	0	52921
128	64	64	0	52955
128	68	64	0	52960
144	64	76	0	53231
144	68	68	0	53244
128	68	64	0	53291
128	64	64	0	53301
144	54	73	0	53325
144	60	73	0	53328
144	64	66	0	53582
144	68	58	0	53595
128	54	64	0	53632
128	60	64	0	53635
128	68	64	0	53820
128	64	64	0	53826
144	59	82	0	53854
144	54	76	0	53860
128	59	64	0	53969
144	64	58	0	53972
128	54	64	0	53980
144	68	47	0	53999
128	64	64	0	54034
128	68	64	0	54054
144	64	74	0	54309
144	68	73	0	54313
128	68	64	0	54364
144	59	77	0	54373
128	64	64	0	54376
144	54	71	0	54389
144	64	72	0	54622
144	68	68	0	54633
128	59	64	0	54662
128	54	64	0	54671
128	68	64	0	54850
128	64	64	0	54852
144	54	70	0	54861
144	58	71	0	54876
128	58	64	0	54937
144	64	60	0	54944
144	68	53	0	54947
128	54	64	0	54967
128	64	64	0	55009
128	68	64	0	55011
144	64	67	0	55291
144	68	68	0	55297
128	68	64	0	55349
128	64	64	0	55354
144	54	76	0	55376
144	58	68	0	55392
144	64	69	0	55643
144	68	68	0	55651
128	58	64	0	55654
128	54	64	0	55674
128	68	64	0	55881
128	64	64	0	55883
144	54	76	0	55903
144	59	75	0	55907
144	64	69	0	56012
144	68	57	0	56019
128	59	64	0	56024
128	54	64	0	56029
128	64	64	0	56074
128	68	64	0	56077
144	64	70	0	56311
144	68	66	0	56323
128	64	64	0	56370
128	68	64	0	56373
144	57	77	0	56404
144	54	75	0	56411
144	64	74	0	56674
144	68	70	0	56685
128	57	64	0	56730
128	54	64	0	56748
128	68	64	0	56900
128	64	64	0	56905
144	53	73	0	56931
144	56	74	0	56935
128	56	64	0	57022
144	64	62	0	57027
144	68	52	0	57036
128	53	64	0	57048
128	64	64	0	57092
128	68	64	0	57097
144	64	73	0	57333
144	68	69	0	57346
128	68	64	0	57408
128	64	64	0	57446
144	54	74	0	57471
144	57	58	0	57481
144	64	69	0	57709
144	68	61	0	57723
128	57	64	0	57765
128	54	64	0	57799
128	64	64	0	57970
128	68	64	0	57975
144	59	75	0	57992
144	56	69	0	58009
128	56	64	0	58075
128	59	64	0	58118
144	64	70	0	58121
144	68	58	0	58124
128	64	64	0	58184
128	68	64	0	58191
144	64	71	0	58398
144	68	67	0	58407
128	68	64	0	58469
128	64	64	0	58477
144	57	65	0	58523
144	54	76	0	58531
144	64	66	0	58763
144	68	64	0	58769
128	57	64	0	58866
128	54	64	0	58881
128	68	64	0	59004
128	64	64	0	59007
144	55	72	0	59009
144	52	75	0	59013
144	64	61	0	59105
144	68	42	0	59123
128	52	64	0	59143
128	55	64	0	59153
128	68	64	0	59188
128	64	64	0	59195
144	64	67	0	59422
144	68	62	0	59434
128	68	64	0	59502
128	64	64	0	59516
144	50	77	0	59519
144	54	68	0	59536
144	64	61	0	59790
144	68	59	0	59801
128	54	64	0	59811
128	50	64	0	59822
128	68	64	0	60044
128	64	64	0	60049
144	48	78	0	60053
144	54	79	0	60073
144	64	59	0	60174
144	68	48	0	60188
128	54	64	0	60206
128	48	64	0	60232
128	68	64	0	60302
128	64	64	0	60311
144	64	60	0	60493
144	68	58	0	60500
128	68	64	0	60569
144	48	64	0	60579
128	64	64	0	60583
144	54	64	0	60596
144	64	58	0	60845
144	68	58	0	60853
128	54	64	0	60877
128	48	64	0	60885
128	68	64	0	61068
128	64	64	0	61077
144	54	70	0	61111
144	48	66	0	61115
128	48	64	0	61190
128	54	64	0	61195
144	64	64	0	61201
144	68	58	0	61204
128	64	64	0	61278
128	68	64	0	61281
144	64	62	0	61535
144	68	61	0	61538
128	68	64	0	61592
128	64	64	0	61604
144	48	60	0	61608
144	54	59	0	61625
128	54	64	0	61856
128	48	64	0	61862
144	68	64	0	61871
144	64	66	0	61874
128	64	64	0	62065
128	68	64	0	62068
144	48	66	0	62112
144	54	73	0	62115
144	68	51	0	62187
144	64	55	0	62196
128	54	64	0	62205
128	48	64	0	62216
128	64	64	0	62273
128	68	64	0	62283
144	64	66	0	62504
144	68	64	0	62509
128	68	64	0	62573
128	64	64	0	62592
144	54	60	0	62642
144	48	23	0	62683
128	54	64	0	62884
128	48	64	0	62888
144	68	65	0	62903
144	64	65	0	62906
128	68	64	0	63061
128	64	64	0	63066
144	48	60	0	63142
144	54	64	0	63159
144	64	63	0	63350
128	54	64	0	63358
144	68	54	0	63366
128	48	64	0	63384
128	64	64	0	63416
128	68	64	0	63422
144	64	62	0	63638
144	68	58	0	63645
144	48	67	0	63683
144	54	69	0	63702
128	64	64	0	63704
128	68	64	0	63706
128	48	64	0	63925
128	54	64	0	63956
144	64	71	0	63961
144	68	70	0	63988
128	64	64	0	64084
128	68	64	0	64138
144	48	77	0	64208
144	54	80	0	64228
144	72	83	0	64308
128	54	64	0	64350
128	48	64	0	64360
144	74	63	0	64436
128	72	64	0	64469
144	76	61	0	64560
128	74	64	0	64579
128	76	64	0	64747
144	78	49	0	64752
144	76	50	0	64942
128	78	64	0	64945
144	74	74	0	65006
128	76	64	0	65039
128	74	64	0	65189
144	76	71	0	65206
128	76	64	0	65301
144	72	70	0	65310
144	76	59	0	65434
128	72	64	0	65436
144	74	69	0	65544
128	76	64	0	65557
128	74	64	0	65662
144	72	70	0	65665
144	70	82	0	65806
128	72	64	0	65809
128	70	64	0	65993
144	48	72	0	66255
144	54	81	0	66258
144	72	69	0	66369
128	54	64	0	66375
128	48	64	0	66403
144	74	59	0	66479
128	72	64	0	66502
144	76	60	0	66616
128	74	64	0	66628
128	76	64	0	66742
144	78	64	0	66748
128	78	64	0	66883
144	76	46	0	66920
144	74	68	0	66992
128	76	64	0	67000
128	74	64	0	67127
144	76	55	0	67144
128	76	64	0	67209
144	72	65	0	67240
128	72	64	0	67359
144	76	58	0	67362
144	74	61	0	67481
128	76	64	0	67494
128	74	64	0	67556
144	72	59	0	67598
128	72	64	0	67705
144	70	68	0	67739
128	70	64	0	67946
144	48	70	0	68222
144	54	75	0	68230
144	68	66	0	68250
128	68	64	0	68329
128	54	64	0	68352
128	48	64	0	68362
144	72	64	0	68368
128	72	64	0	68449
144	68	66	0	68487
128	68	64	0	68544
144	72	54	0	68576
128	72	64	0	68678
144	68	58	0	68696
144	70	63	0	68821
128	68	64	0	68824
128	70	64	0	68945
144	68	47	0	68951
128	68	64	0	69039
144	70	57	0	69046
128	70	64	0	69132
144	48	60	0	69188
144	54	69	0	69191
144	66	62	0	69222
128	66	64	0	69273
144	70	68	0	69302
128	54	64	0	69332
128	48	64	0	69346
128	70	64	0	69357
144	66	56	0	69447
128	66	64	0	69505
144	70	55	0	69556
128	70	64	0	69616
144	64	63	0	69675
128	64	64	0	69780
144	70	60	0	69795
128	70	64	0	69863
144	64	62	0	69926
128	64	64	0	70001
144	70	70	0	70037
128	70	64	0	70103
144	48	58	0	70162
144	54	68	0	70164
144	62	60	0	70201
128	62	64	0	70262
144	70	70	0	70279
128	54	64	0	70298
128	48	64	0	70317
128	70	64	0	70343
144	62	73	0	70418
128	62	64	0	70515
144	70	67	0	70524
128	70	64	0	70621
144	64	72	0	70672
144	48	60	0	70696
144	54	69	0	70699
128	64	64	0	70780
128	48	64	0	70792
144	70	70	0	70794
128	54	64	0	70798
128	70	64	0	70851
144	62	77	0	70923
144	70	41	0	71041
128	62	64	0	71046
144	68	71	0	71081
128	70	64	0	71101
128	68	64	0	71197
144	62	69	0	71213
144	48	54	0	71226
144	54	66	0	71228
128	54	64	0	71316
128	48	64	0	71318
144	68	55	0	71331
128	62	64	0	71341
128	68	64	0	71430
144	60	72	0	71482
144	66	64	0	71595
128	60	64	0	71599
128	66	64	0	71640
144	60	59	0	71730
144	54	66	0	71755
144	48	39	0	71772
144	66	71	0	71812
128	60	64	0	71827
128	66	64	0	71880
128	54	64	0	71894
128	48	64	0	71897
144	60	65	0	71956
144	66	71	0	72050
128	60	64	0	72088
128	66	64	0	72095
144	48	70	0	72216
144	54	81	0	72223
144	58	81	0	72253
144	64	60	0	72339
128	58	64	0	72358
128	48	64	0	72373
128	54	64	0	72379
144	58	58	0	72456
128	64	64	0	72464
128	58	64	0	72582
144	64	59	0	72589
128	64	64	0	72700
144	48	63	0	72704
144	60	69	0	72710
144	54	72	0	72712
144	64	51	0	72832
128	60	64	0	72837
144	60	60	0	72924
128	64	64	0	72941
128	48	64	0	72990
128	54	64	0	73024
144	64	64	0	73056
128	60	64	0	73077
144	58	74	0	73186
128	64	64	0	73194
144	48	64	0	73251
144	54	73	0	73254
144	64	59	0	73288
128	58	64	0	73295
144	58	53	0	73408
128	64	64	0	73419
128	48	64	0	73525
128	54	64	0	73533
144	64	64	0	73552
128	58	64	0	73555
128	64	64	0	73682
144	60	69	0	73698
144	48	63	0	73707
144	54	71	0	73712
144	64	47	0	73820
128	60	64	0	73842
128	64	64	0	73927
144	60	58	0	73934
128	48	64	0	73983
128	54	64	0	74023
144	64	47	0	74040
128	60	64	0	74090
128	64	64	0	74205
144	58	77	0	74212
144	54	70	0	74230
144	48	62	0	74233
128	58	64	0	74302
144	64	60	0	74356
128	64	64	0	74439
144	58	71	0	74473
128	48	64	0	74487
128	54	64	0	74514
128	58	64	0	74559
144	64	66	0	74588
128	64	64	0	74682
144	60	72	0	74714
144	48	66	0	74740
144	54	74	0	74750
128	60	64	0	74847
144	64	67	0	74852
128	64	64	0	74938
144	60	53	0	74946
128	48	64	0	74992
128	54	64	0	75010
144	64	63	0	75078
128	60	64	0	75095
128	64	64	0	75210
144	58	76	0	75234
144	54	76	0	75237
144	48	69	0	75240
128	58	64	0	75308
144	64	69	0	75357
128	64	64	0	75442
144	58	72	0	75477
128	54	64	0	75486
128	48	64	0	75489
128	58	64	0	75598
144	64	68	0	75604
128	64	64	0	75679
144	60	71	0	75727
144	48	66	0	75738
144	54	75	0	75747
128	60	64	0	75847
144	64	65	0	75854
128	64	64	0	75935
128	48	64	0	75965
144	60	59	0	75968
128	54	64	0	75994
144	64	36	0	76075
128	60	64	0	76128
128	64	64	0	76202
144	48	75	0	76249
144	54	81	0	76256
144	62	64	0	76388
128	54	64	0	76394
128	48	64	0	76397
128	62	64	0	76473
144	66	56	0	76496
128	66	64	0	76558
144	62	56	0	76616
144	64	64	0	76749
128	62	64	0	76753
128	64	64	0	76883
144	66	70	0	76893
128	66	64	0	77011
144	68	66	0	77017
128	68	64	0	77116
144	66	46	0	77135
128	66	64	0	77233
144	64	61	0	77243
128	64	64	0	77319
144	62	60	0	77363
128	62	64	0	77446
144	70	71	0	77503
128	70	64	0	77553
144	62	68	0	77654
128	62	64	0	77730
144	70	80	0	77733
128	70	64	0	77870
144	62	64	0	78432
144	64	58	0	78567
128	62	64	0	78570
128	64	64	0	78683
144	66	46	0	78696
144	62	64	0	78743
128	66	64	0	78754
128	62	64	0	78883
144	66	35	0	78889
128	66	64	0	79033
144	64	50	0	79138
128	64	64	0	79316
144	62	66	0	79318
128	62	64	0	79431
144	68	52	0	79461
128	68	64	0	79541
144	66	53	0	79617
128	66	64	0	79730
144	64	50	0	79761
128	64	64	0	79849
144	62	54	0	79875
128	62	64	0	79995
144	70	75	0	80017
128	70	64	0	80229
144	61	60	0	82347
144	58	53	0	82350
144	62	44	0	82365
144	64	45	0	82372
128	64	64	0	82449
128	62	64	0	82467
144	67	62	0	82470
128	61	64	0	82486
128	58	64	0	82494
128	67	64	0	82574
144	70	61	0	82599
128	70	64	0	82671
144	67	59	0	82703
128	67	64	0	82824
144	58	53	0	82837
144	62	44	0	82849
144	61	49	0	82862
128	61	64	0	82934
128	58	64	0	82955
144	67	56	0	82958
128	62	64	0	82965
144	70	60	0	83061
128	67	64	0	83065
128	70	64	0	83139
144	67	50	0	83161
144	73	62	0	83291
128	67	64	0	83294
128	73	64	0	83351
144	67	50	0	83386
128	67	64	0	83521
144	74	63	0	83523
128	74	64	0	83592
144	67	52	0	83612
144	73	80	0	83734
128	67	64	0	83753
128	73	64	0	83871
144	62	76	0	84241
144	58	76	0	84244
144	61	74	0	84254
128	61	64	0	84330
128	58	64	0	84378
128	62	64	0	84381
144	67	62	0	84384
144	70	59	0	84485
128	67	64	0	84489
128	70	64	0	84563
144	67	63	0	84583
128	67	64	0	84704
144	58	72	0	84738
144	62	64	0	84743
144	61	65	0	84753
128	61	64	0	84818
144	67	59	0	84831
128	62	64	0	84860
128	58	64	0	84864
144	70	64	0	84939
128	67	64	0	84952
144	67	55	0	85049
128	70	64	0	85072
128	67	64	0	85159
144	58	76	0	85184
144	62	73	0	85186
144	61	69	0	85192
128	61	64	0	85245
128	58	64	0	85262
128	62	64	0	85271
144	73	71	0	85303
128	73	64	0	85379
144	67	74	0	85423
128	67	64	0	85529
144	74	74	0	85560
144	67	42	0	85639
128	74	64	0	85652
128	67	64	0	85802
144	73	85	0	85819
128	73	64	0	85971
144	58	75	0	86295
144	62	67	0	86300
144	61	64	0	86309
144	76	71	0	86334
128	61	64	0	86400
144	67	75	0	86403
128	76	64	0	86411
128	58	64	0	86432
128	62	64	0	86450
128	67	64	0	86537
144	77	82	0	86550
144	67	54	0	86647
128	77	64	0	86650
128	67	64	0	86780
144	76	83	0	86792
144	58	68	0	86795
144	62	58	0	86798
144	61	60	0	86808
144	67	59	0	86871
128	61	64	0	86873
128	76	64	0	86892
128	62	64	0	86910
128	58	64	0	86914
128	67	64	0	87005
144	74	69	0	87044
144	67	57	0	87101
128	74	64	0	87110
128	67	64	0	87270
144	73	77	0	87288
144	62	66	0	87294
144	58	64	0	87302
144	61	58	0	87313
128	61	64	0	87369
128	58	64	0	87376
128	73	64	0	87381
144	67	58	0	87391
128	62	64	0	87400
144	74	71	0	87537
128	67	64	0	87542
128	74	64	0	87600
144	67	64	0	87634
144	58	68	0	87777
144	62	62	0	87781
144	76	91	0	87784
144	61	63	0	87788
128	67	64	0	87824
128	61	64	0	87857
128	58	64	0	87882
128	62	64	0	87888
128	76	64	0	87908
144	58	68	0	88307
144	62	69	0	88310
144	61	58	0	88326
144	74	55	0	88401
144	76	52	0	88408
128	61	64	0	88411
128	58	64	0	88468
128	74	64	0	88472
128	76	64	0	88477
128	62	64	0	88483
144	76	83	0	88794
144	58	75	0	88830
144	62	75	0	88833
144	61	67	0	88865
128	76	64	0	88959
144	67	75	0	88985
128	61	64	0	89010
128	58	64	0	89021
128	62	64	0	89030
128	67	64	0	89093
144	77	77	0	89096
128	77	64	0	89181
144	67	57	0	89211
128	67	64	0	89303
144	62	58	0	89312
144	58	64	0	89314
144	76	80	0	89339
144	61	53	0	89341
128	61	64	0	89399
128	58	64	0	89403
144	67	45	0	89430
128	62	64	0	89438
128	76	64	0	89448
128	67	64	0	89561
144	74	68	0	89589
128	74	64	0	89653
144	67	54	0	89659
144	62	57	0	89796
144	58	53	0	89806
128	67	64	0	89813
144	61	51	0	89821
144	73	73	0	89829
128	61	64	0	89885
128	58	64	0	89902
128	73	64	0	89911
128	62	64	0	89923
144	67	48	0	89945
128	67	64	0	90072
144	74	65	0	90089
128	74	64	0	90154
144	67	48	0	90179
144	62	43	0	90317
144	58	50	0	90320
144	61	57	0	90333
144	76	81	0	90339
128	67	64	0	90359
128	61	64	0	90415
128	58	64	0	90436
128	62	64	0	90440
128	76	64	0	90464
144	58	75	0	90857
144	62	72	0	90861
144	61	70	0	90874
128	61	64	0	90946
128	58	64	0	90983
144	67	57	0	90987
128	62	64	0	90997
128	67	64	0	91070
144	70	75	0	91079
128	70	64	0	91152
144	67	61	0	91179
128	67	64	0	91303
144	58	67	0	91323
144	62	62	0	91325
144	73	67	0	91329
144	61	52	0	91345
128	73	64	0	91384
128	58	64	0	91386
144	67	54	0	91397
128	61	64	0	91404
128	62	64	0	91410
128	67	64	0	91537
144	70	67	0	91544
128	70	64	0	91614
144	67	52	0	91647
144	58	65	0	91751
144	62	51	0	91762
144	61	59	0	91765
128	67	64	0	91783
144	74	65	0	91804
128	61	64	0	91834
128	62	64	0	91850
128	58	64	0	91857
128	74	64	0	91890
144	67	51	0	91895
128	67	64	0	92045
144	73	73	0	92050
128	73	64	0	92108
144	67	53	0	92157
144	58	63	0	92241
144	62	47	0	92246
144	61	60	0	92267
144	73	75	0	92294
128	67	64	0	92298
128	61	64	0	92368
128	62	64	0	92373
128	58	64	0	92381
128	73	64	0	92420
144	62	72	0	92760
144	58	72	0	92763
144	61	70	0	92773
128	58	64	0	92822
128	61	64	0	92836
128	62	64	0	92862
144	67	57	0	92882
144	70	67	0	92979
128	67	64	0	92986
128	70	64	0	93039
144	67	52	0	93088
144	58	68	0	93217
144	62	61	0	93222
128	67	64	0	93224
144	73	66	0	93232
144	61	56	0	93241
128	73	64	0	93290
128	58	64	0	93293
128	61	64	0	93296
128	62	64	0	93312
144	67	55	0	93341
144	70	61	0	93460
128	67	64	0	93464
128	70	64	0	93521
144	67	59	0	93554
144	58	66	0	93662
144	62	57	0	93667
144	61	57	0	93678
128	67	64	0	93695
144	73	66	0	93702
128	61	64	0	93737
128	62	64	0	93754
128	73	64	0	93756
128	58	64	0	93760
144	67	56	0	93784
144	74	66	0	93914
128	67	64	0	93925
128	74	64	0	93999
144	67	53	0	94018
144	58	63	0	94130
144	62	44	0	94146
144	61	60	0	94150
144	73	77	0	94160
128	67	64	0	94169
128	58	64	0	94208
128	61	64	0	94210
128	73	64	0	94218
128	62	64	0	94230
144	62	77	0	94582
144	58	72	0	94592
144	76	77	0	94601
144	61	67	0	94604
128	61	64	0	94662
128	58	64	0	94693
128	76	64	0	94700
144	67	65	0	94712
128	62	64	0	94720
128	67	64	0	94792
144	77	76	0	94838
128	77	64	0	94902
144	67	68	0	94940
128	67	64	0	95031
144	62	65	0	95052
144	58	68	0	95057
144	76	80	0	95070
128	76	64	0	95143
128	58	64	0	95152
144	67	57	0	95160
128	62	64	0	95170
128	67	64	0	95263
144	74	68	0	95307
128	74	64	0	95370
144	67	61	0	95374
128	67	64	0	95513
144	62	59	0	95520
144	58	64	0	95523
144	73	76	0	95526
144	61	57	0	95544
128	73	64	0	95587
128	61	64	0	95602
128	58	64	0	95628
144	67	58	0	95631
128	62	64	0	95636
144	74	74	0	95745
128	67	64	0	95748
128	74	64	0	95811
144	67	58	0	95852
144	61	67	0	95977
144	62	60	0	95981
144	58	64	0	95984
144	76	88	0	95994
128	67	64	0	96026
128	61	64	0	96044
128	58	64	0	96048
128	62	64	0	96059
128	76	64	0	96102
144	62	78	0	96425
144	58	79	0	96428
144	61	67	0	96444
144	76	79	0	96447
128	61	64	0	96500
128	76	64	0	96537
144	67	54	0	96543
128	58	64	0	96546
128	62	64	0	96565
128	67	64	0	96631
144	77	70	0	96680
128	77	64	0	96739
144	67	63	0	96767
128	67	64	0	96853
144	62	66	0	96884
144	58	65	0	96893
144	76	77	0	96900
144	61	50	0	96921
128	76	64	0	96957
128	58	64	0	96962
144	67	64	0	96965
128	61	64	0	96986
128	62	64	0	96990
128	67	64	0	97064
144	74	51	0	97128
144	67	62	0	97163
128	74	64	0	97199
128	67	64	0	97291
144	62	59	0	97318
144	73	73	0	97321
144	58	59	0	97324
144	61	60	0	97333
128	73	64	0	97369
128	61	64	0	97399
128	58	64	0	97401
144	67	57	0	97416
128	62	64	0	97431
128	67	64	0	97509
144	74	69	0	97528
128	74	64	0	97584
144	67	62	0	97615
144	76	91	0	97746
144	62	64	0	97750
144	58	64	0	97753
144	61	67	0	97757
128	67	64	0	97773
128	58	64	0	97835
128	61	64	0	97839
128	76	64	0	97850
128	62	64	0	97852
144	58	82	0	98164
144	62	83	0	98167
144	61	77	0	98174
128	61	64	0	98233
128	58	64	0	98259
144	67	52	0	98282
128	62	64	0	98286
144	70	73	0	98350
128	67	64	0	98352
128	70	64	0	98403
144	67	52	0	98447
128	67	64	0	98574
144	62	66	0	98592
144	73	66	0	98595
144	58	64	0	98599
144	61	61	0	98607
128	73	64	0	98642
128	58	64	0	98660
144	67	60	0	98663
128	61	64	0	98665
128	62	64	0	98679
144	73	52	0	98780
128	67	64	0	98783
128	73	64	0	98848
144	67	54	0	98880
144	58	72	0	98994
144	62	64	0	99000
128	67	64	0	99004
144	73	81	0	99010
144	61	61	0	99026
128	73	64	0	99061
128	61	64	0	99080
144	67	63	0	99102
128	62	64	0	99118
128	58	64	0	99121
144	74	68	0	99230
128	67	64	0	99239
128	74	64	0	99295
144	67	68	0	99316
144	62	64	0	99407
144	58	66	0	99416
144	61	69	0	99422
144	73	88	0	99435
128	67	64	0	99446
128	62	64	0	99548
128	61	64	0	99550
128	58	64	0	99553
128	73	64	0	99556
144	62	78	0	99840
144	58	77	0	99843
144	61	75	0	99848
144	67	63	0	99907
128	61	64	0	99923
128	58	64	0	99944
128	62	64	0	99965
144	70	74	0	100011
128	67	64	0	100028
128	70	64	0	100075
144	67	58	0	100120
144	62	70	0	100243
144	58	70	0	100248
144	61	69	0	100255
128	67	64	0	100258
144	73	66	0	100263
128	58	64	0	100313
128	73	64	0	100316
128	61	64	0	100318
128	62	64	0	100344
144	67	61	0	100348
128	67	64	0	100469
144	73	52	0	100480
128	73	64	0	100536
144	67	72	0	100542
144	73	58	0	100634
144	62	69	0	100644
144	58	70	0	100648
128	67	64	0	100651
144	61	71	0	100654
128	73	64	0	100732
144	67	78	0	100735
128	61	64	0	100748
128	58	64	0	100768
128	62	64	0	100776
144	73	62	0	100810
128	67	64	0	100850
128	73	64	0	100880
144	74	59	0	101008
128	74	64	0	101179
144	67	74	0	101248
144	73	80	0	101470
128	67	64	0	101472
144	62	71	0	101482
144	58	63	0	101498
144	61	69	0	101501
128	61	64	0	101626
128	58	64	0	101646
128	62	64	0	101649
128	73	64	0	101874
144	67	61	0	101948
144	58	78	0	102004
144	62	72	0	102007
144	61	70	0	102028
144	76	83	0	102033
128	67	64	0	102066
128	61	64	0	102083
128	58	64	0	102114
128	62	64	0	102125
128	76	64	0	102144
144	67	63	0	102158
144	77	76	0	102276
128	67	64	0	102288
128	77	64	0	102370
144	67	53	0	102385
144	62	72	0	102463
144	58	69	0	102473
144	61	64	0	102489
144	76	85	0	102501
128	67	64	0	102520
128	61	64	0	102543
128	58	64	0	102550
128	62	64	0	102581
144	67	65	0	102606
128	76	64	0	102612
144	74	74	0	102740
128	67	64	0	102743
128	74	64	0	102805
144	67	57	0	102828
144	62	65	0	102930
144	58	68	0	102933
144	61	63	0	102955
144	73	72	0	102958
128	67	64	0	102967
128	61	64	0	103025
128	73	64	0	103051
128	58	64	0	103072
144	67	53	0	103075
128	62	64	0	103078
144	74	71	0	103190
128	67	64	0	103204
128	74	64	0	103265
144	67	58	0	103298
144	62	73	0	103398
144	58	75	0	103401
144	61	76	0	103409
144	76	89	0	103413
128	67	64	0	103460
128	76	64	0	105801
128	58	64	0	107004
128	61	64	0	107010
128	62	64	0	107030
144	43	51	0	109140
144	55	40	0	109152
128	55	64	0	109289
144	70	64	0	109292
128	43	64	0	109310
128	70	64	0	109355
144	67	63	0	109418
128	67	64	0	109510
144	70	71	0	109517
128	70	64	0	109612
144	43	66	0	109629
144	55	61	0	109633
128	55	64	0	109751
128	43	64	0	109764
144	70	63	0	109771
128	70	64	0	109839
144	67	68	0	109879
128	67	64	0	109988
144	70	76	0	110004
128	70	64	0	110079
144	43	69	0	110095
144	55	68	0	110098
128	55	64	0	110228
128	43	64	0	110230
144	64	69	0	110234
128	64	64	0	110303
144	67	61	0	110319
128	67	64	0	110401
144	64	60	0	110442
128	64	64	0	110543
144	70	76	0	110557
128	70	64	0	110621
144	55	64	0	111036
144	43	64	0	111040
128	55	64	0	111183
128	43	64	0	111191
144	70	67	0	111207
128	70	64	0	111263
144	67	50	0	111318
128	67	64	0	111396
144	70	73	0	111419
128	70	64	0	111474
144	43	72	0	111540
144	55	69	0	111544
144	70	67	0	111651
128	55	64	0	111665
128	43	64	0	111669
128	70	64	0	111720
144	67	63	0	111781
128	67	64	0	111878
144	70	73	0	111887
144	43	73	0	112008
144	55	73	0	112013
128	70	64	0	112015
144	64	62	0	112144
128	43	64	0	112148
128	55	64	0	112151
128	64	64	0	112230
144	67	68	0	112255
128	67	64	0	112341
144	64	72	0	112385
144	70	78	0	112497
128	64	64	0	112510
128	70	64	0	112641
144	62	75	0	112963
144	58	75	0	112969
144	61	71	0	112972
128	61	64	0	113047
128	58	64	0	113062
144	70	70	0	113071
128	62	64	0	113108
128	70	64	0	113133
144	67	68	0	113197
128	67	64	0	113284
144	70	76	0	113297
128	70	64	0	113353
144	62	71	0	113430
144	58	74	0	113434
144	61	66	0	113449
128	61	64	0	113500
144	65	69	0	113531
128	58	64	0	113538
128	62	64	0	113539
144	67	68	0	113638
128	65	64	0	113641
128	67	64	0	113734
144	65	65	0	113749
144	64	81	0	113862
128	65	64	0	113876
128	64	64	0	114033
144	58	81	0	114310
144	62	75	0	114314
144	61	76	0	114324
128	58	64	0	114452
128	61	64	0	114455
128	62	64	0	114480
144	62	76	0	115102
144	58	73	0	115109
144	61	76	0	115115
128	61	64	0	115239
128	62	64	0	115245
144	67	63	0	115258
128	58	64	0	115260
128	67	64	0	115320
144	70	70	0	115340
144	67	71	0	115453
128	70	64	0	115468
128	67	64	0	115543
144	58	74	0	115607
144	62	70	0	115610
144	61	68	0	115619
128	61	64	0	115682
144	67	53	0	115713
128	58	64	0	115718
128	62	64	0	115721
128	67	64	0	115782
144	70	70	0	115786
144	67	61	0	115910
128	70	64	0	115915
128	67	64	0	116005
144	65	65	0	116033
128	65	64	0	116129
144	67	63	0	116138
128	67	64	0	116229
144	65	64	0	116254
128	65	64	0	116387
144	64	71	0	116393
144	65	79	0	116504
128	64	64	0	116519
128	65	64	0	116685
144	58	75	0	116966
144	62	66	0	116972
144	61	67	0	116991
144	67	68	0	117088
128	67	64	0	117165
144	70	58	0	117215
128	61	64	0	117226
128	58	64	0	117261
128	62	64	0	117264
128	70	64	0	117278
144	67	54	0	117299
128	67	64	0	117396
144	58	60	0	117448
144	62	55	0	117457
144	61	58	0	117460
128	61	64	0	117536
128	62	64	0	117555
128	58	64	0	117564
144	67	52	0	117578
128	67	64	0	117651
144	73	63	0	117740
128	73	64	0	117792
144	67	55	0	117860
128	67	64	0	117959
144	62	60	0	118007
144	58	60	0	118014
144	74	63	0	118039
128	58	64	0	118075
128	62	64	0	118100
128	74	64	0	118162
144	67	71	0	118187
128	67	64	0	118294
144	73	58	0	118301
128	73	64	0	118360
144	67	54	0	118390
144	62	55	0	118500
144	58	61	0	118503
144	61	60	0	118516
144	74	74	0	118550
128	67	64	0	118589
128	61	64	0	118651
128	58	64	0	118657
128	62	64	0	118660
128	74	64	0	118684
144	62	69	0	119042
144	58	70	0	119045
144	61	67	0	119054
128	61	64	0	119147
144	67	54	0	119161
128	58	64	0	119182
128	62	64	0	119189
144	73	59	0	119252
128	67	64	0	119255
128	73	64	0	119324
144	67	49	0	119358
128	67	64	0	119488
144	70	58	0	119501
128	70	64	0	119560
144	67	50	0	119590
128	67	64	0	119720
144	70	59	0	119739
128	70	64	0	119790
144	67	54	0	119814
128	67	64	0	119943
144	69	71	0	119951
128	69	64	0	120058
144	65	68	0	120100
128	65	64	0	120192
144	69	64	0	120200
128	69	64	0	120291
144	67	69	0	120328
144	70	76	0	120454
128	67	64	0	120470
128	70	64	0	120576
144	62	75	0	120904
144	58	74	0	120913
144	61	72	0	120930
144	67	61	0	121017
128	58	64	0	121026
128	61	64	0	121046
128	62	64	0	121050
128	67	64	0	121134
144	73	64	0	121137
128	73	64	0	121197
144	67	56	0	121239
144	74	63	0	121355
128	67	64	0	121371
128	74	64	0	121443
144	67	54	0	121462
144	76	67	0	121589
128	67	64	0	121592
128	76	64	0	121657
144	67	46	0	121688
144	77	80	0	121827
128	67	64	0	121830
144	67	57	0	121919
128	77	64	0	121938
144	76	74	0	122060
128	67	64	0	122065
144	67	59	0	122153
128	76	64	0	122160
144	74	82	0	122320
128	67	64	0	122323
128	74	64	0	122454
144	62	84	0	122769
144	58	84	0	122772
144	61	76	0	122782
128	61	64	0	122849
144	67	60	0	122876
128	58	64	0	122902
128	62	64	0	122906
144	73	64	0	123008
128	67	64	0	123029
128	73	64	0	123074
144	67	61	0	123113
144	74	71	0	123252
128	67	64	0	123259
128	74	64	0	123312
144	67	58	0	123348
144	76	66	0	123473
128	67	64	0	123481
128	76	64	0	123586
144	67	54	0	123598
144	77	69	0	123740
128	67	64	0	123748
128	77	64	0	123839
144	67	58	0	123864
144	76	71	0	123991
128	67	64	0	123999
128	76	64	0	124075
144	67	57	0	124087
128	67	64	0	124237
144	74	74	0	124249
128	74	64	0	124311
144	67	59	0	124336
144	79	86	0	124467
128	67	64	0	124483
128	79	64	0	124589
144	62	78	0	124730
144	58	81	0	124733
144	61	77	0	124735
144	67	65	0	124845
128	61	64	0	124858
128	62	64	0	124868
128	58	64	0	124870
128	67	64	0	124943
144	79	74	0	124948
128	79	64	0	125069
144	67	68	0	125073
128	67	64	0	125186
144	62	70	0	125230
144	58	75	0	125233
144	61	68	0	125243
128	61	64	0	125300
128	62	64	0	125336
144	67	72	0	125340
128	58	64	0	125350
128	67	64	0	125431
144	79	77	0	125448
144	67	62	0	125554
128	79	64	0	125561
128	67	64	0	125658
144	58	74	0	125698
144	62	68	0	125702
144	61	68	0	125709
128	61	64	0	125778
144	67	68	0	125782
128	62	64	0	125807
128	58	64	0	125818
128	67	64	0	125890
144	79	80	0	125905
144	67	57	0	126009
128	79	64	0	126023
128	67	64	0	126123
144	55	78	0	126160
144	62	81	0	126163
144	53	42	0	126194
144	61	51	0	126212
128	53	64	0	126264
128	61	64	0	126273
128	55	64	0	126345
128	62	64	0	126351
144	62	84	0	126675
144	58	93	0	126691
144	67	54	0	126788
144	79	77	0	126900
128	67	64	0	126920
128	58	64	0	126940
128	62	64	0	126946
144	67	61	0	127016
128	79	64	0	127021
128	67	64	0	127131
144	58	79	0	127163
144	62	69	0	127169
144	67	63	0	127270
144	79	83	0	127387
128	67	64	0	127393
128	62	64	0	127411
128	58	64	0	127448
144	67	63	0	127494
128	79	64	0	127499
128	67	64	0	127599
144	55	81	0	127615
144	62	75	0	127626
144	59	85	0	127637
144	67	79	0	127761
144	79	83	0	127872
128	59	64	0	127890
128	55	64	0	127901
128	67	64	0	127907
128	62	64	0	127913
144	67	65	0	127997
128	79	64	0	128000
128	67	64	0	128109
144	62	81	0	128120
144	55	82	0	128123
144	59	82	0	128126
128	55	64	0	128292
128	59	64	0	128300
128	62	64	0	128303
144	58	82	0	128601
144	62	83	0	128606
144	61	86	0	128614
144	55	66	0	128617
144	67	71	0	128714
128	55	64	0	128819
128	61	64	0	128822
128	62	64	0	128824
144	79	81	0	128828
128	58	64	0	128839
128	67	64	0	128853
144	67	62	0	128940
128	79	64	0	128943
128	67	64	0	129044
144	58	86	0	129075
144	55	84	0	129083
144	61	79	0	129092
144	62	75	0	129095
144	67	78	0	129198
128	62	64	0	129288
128	55	64	0	129302
128	58	64	0	129308
128	61	64	0	129312
144	79	84	0	129318
128	67	64	0	129324
144	67	61	0	129419
128	79	64	0	129436
128	67	64	0	129542
144	58	83	0	129551
144	61	78	0	129555
144	55	76	0	129557
144	64	81	0	129560
144	67	83	0	129697
144	79	83	0	129807
128	67	64	0	129826
128	64	64	0	129831
128	61	64	0	129836
128	58	64	0	129839
128	55	64	0	129846
144	67	74	0	129909
128	79	64	0	129919
128	67	64	0	130026
144	58	76	0	130035
144	55	72	0	130040
144	61	72	0	130042
144	64	69	0	130046
144	67	79	0	130154
128	58	64	0	130222
128	64	64	0	130235
128	55	64	0	130250
128	61	64	0	130251
128	67	64	0	130262
144	79	83	0	130274
144	67	63	0	130364
128	79	64	0	130388
128	67	64	0	130496
144	55	101	0	130506
144	62	99	0	130509
144	59	100	0	130512
128	62	64	0	130691
128	55	64	0	130698
128	59	64	0	130705
144	55	96	0	130999
144	59	90	0	131001
144	62	89	0	131004
144	67	98	0	131008
144	79	94	0	131013
128	62	64	0	131113
128	67	64	0	131118
128	79	64	0	131125
128	55	64	0	131138
128	59	64	0	131140
144	55	81	0	131476
144	59	81	0	131484
144	62	72	0	131487
144	67	98	0	131491
144	71	95	0	131501
128	55	64	0	131600
128	71	64	0	131602
128	67	64	0	131605
128	62	64	0	131609
128	59	64	0	131619
144	55	83	0	131985
144	62	81	0	131990
144	59	84	0	131993
144	74	96	0	131997
144	67	96	0	132000
128	67	64	0	132084
128	62	64	0	132098
128	55	64	0	132103
128	59	64	0	132124
128	74	64	0	132125
144	62	82	0	132472
144	58	83	0	132475
144	73	97	0	132478
144	61	86	0	132482
144	67	92	0	132486
144	55	78	0	132489
128	55	64	0	132840
128	58	64	0	132851
128	62	64	0	132860
128	61	64	0	132865
128	67	64	0	132879
128	73	64	0	132885
144	62	84	0	132933
144	61	79	0	132936
144	58	68	0	132940
144	55	71	0	132945
144	73	87	0	132948
144	67	88	0	132952
144	76	96	0	132958
128	55	64	0	133075
128	61	64	0	133087
128	58	64	0	133090
128	62	64	0	133099
128	67	64	0	133103
128	76	64	0	133108
128	73	64	0	133112
144	62	75	0	133421
144	61	79	0	133426
144	58	78	0	133429
144	73	90	0	133433
144	55	69	0	133436
144	77	94	0	133439
144	67	95	0	133443
128	61	64	0	133539
128	67	64	0	133542
128	73	64	0	133548
128	55	64	0	133554
128	77	64	0	133557
128	62	64	0	133562
128	58	64	0	133567
144	62	81	0	133907
144	58	77	0	133911
144	61	83	0	133914
144	67	88	0	133918
144	78	93	0	133921
144	55	69	0	133924
144	73	80	0	133928
128	73	64	0	133988
128	67	64	0	134000
128	55	64	0	134011
128	62	64	0	134015
128	61	64	0	134017
128	58	64	0	134027
128	78	64	0	134043
144	64	83	0	134431
144	79	96	0	134434
144	67	99	0	134438
144	73	87	0	134443
144	55	55	0	134455
144	61	56	0	134458
144	58	61	0	134465
128	61	64	0	134509
128	58	64	0	134512
128	55	64	0	134515
128	79	64	0	134532
128	73	64	0	134539
128	67	64	0	134541
128	64	64	0	134548
144	62	87	0	135479
144	58	86	0	135484
144	79	94	0	135491
144	67	94	0	135494
144	55	81	0	135499
144	73	94	0	135501
128	55	64	0	135612
128	62	64	0	135629
128	58	64	0	135637
128	67	64	0	135653
128	79	64	0	135657
128	73	64	0	135665
144	64	80	0	136518
144	59	76	0	136522
144	55	89	0	136525
144	67	89	0	136528
144	71	87	0	136533
144	79	87	0	136537
144	74	86	0	136542
128	64	64	0	137486
128	55	64	0	137491
128	59	64	0	137505
128	79	64	0	137509
128	74	64	0	137530
128	67	64	0	137533
128	71	64	0	137538
144	64	81	0	137603
144	55	74	0	137607
144	59	75	0	137611
144	67	87	0	137619
144	71	79	0	137623
144	74	68	0	137627
144	79	75	0	137634
128	79	64	0	137679
128	55	64	0	137701
128	64	64	0	137704
128	74	64	0	137705
128	67	64	0	137712
128	71	64	0	137715
128	59	64	0	137721
144	55	77	0	138594
144	62	72	0	138599
144	59	84	0	138603
144	74	84	0	138609
144	67	83	0	138613
144	71	80	0	138617
144	79	83	0	138620
128	55	64	0	139535
128	79	64	0	139542
128	67	64	0	139569
128	62	64	0	139571
128	59	64	0	139582
128	71	64	0	139592
128	74	64	0	139595
144	62	78	0	139655
144	59	75	0	139661
144	55	80	0	139667
144	71	74	0	139671
144	67	80	0	139675
144	74	66	0	139679
144	79	79	0	139687
128	79	64	0	139786
128	67	64	0	139793
128	71	64	0	139796
128	62	64	0	139801
128	74	64	0	139804
128	55	64	0	139807
128	59	64	0	139816
144	59	80	0	140635
144	64	87	0	140639
144	76	89	0	140644
144	79	87	0	140647
144	61	86	0	140649
144	67	92	0	140653
144	73	91	0	140656
144	55	81	0	140660
128	55	64	0	141477
128	64	64	0	141510
128	61	64	0	141515
128	59	64	0	141521
128	67	64	0	141531
128	79	64	0	141561
128	76	64	0	141572
128	73	64	0	141584
144	59	69	0	141649
144	64	70	0	141659
144	55	62	0	141664
144	73	73	0	141671
144	61	75	0	141675
144	79	80	0	141679
144	76	74	0	141684
144	67	82	0	141689
128	61	64	0	141730
128	55	64	0	141739
128	67	64	0	141750
128	79	64	0	141758
128	64	64	0	141766
128	59	64	0	141778
128	73	64	0	141780
128	76	64	0	141782
144	58	84	0	142743
144	64	81	0	142746
144	70	81	0	142751
144	61	87	0	142754
144	55	82	0	142758
144	67	86	0	142761
144	76	84	0	142765
144	79	64	0	142768
144	73	84	0	142771
144	77	78	0	142778
128	77	64	0	142962
128	55	64	0	143594
128	64	64	0	143619
128	58	64	0	143622
128	79	64	0	143627
128	67	64	0	143634
128	61	64	0	143642
128	73	64	0	143677
128	76	64	0	143683
128	70	64	0	143687
144	70	74	0	143763
144	64	95	0	143766
144	73	60	0	143773
144	58	85	0	143777
144	76	67	0	143781
144	61	73	0	143785
144	67	88	0	143788
144	55	86	0	143792
144	79	82	0	143795
128	55	64	0	144546
128	58	64	0	144583
128	64	64	0	144585
128	61	64	0	144604
128	67	64	0	144664
128	79	64	0	144667
128	73	64	0	144694
128	70	64	0	144698
128	76	64	0	144700
144	58	76	0	144755
144	79	86	0	144758
144	64	84	0	144761
144	55	80	0	144765
144	61	83	0	144768
144	67	74	0	144782
128	79	64	0	145624
128	55	64	0	145628
128	58	64	0	145642
128	64	64	0	145656
128	61	64	0	145658
128	67	64	0	145663
144	64	90	0	145761
144	67	81	0	145764
144	61	67	0	145767
144	58	79	0	145772
144	76	92	0	145777
144	55	82	0	145780
128	67	64	0	146428
128	76	64	0	146466
128	55	64	0	146520
128	58	64	0	146530
128	61	64	0	146538
128	64	64	0	146548
144	64	93	0	146857
144	76	95	0	146861
144	61	85	0	146864
144	55	87	0	146867
144	58	82	0	146869
144	82	98	0	146872
128	55	64	0	147636
128	64	64	0	147677
128	58	64	0	147694
128	61	64	0	147708
128	82	64	0	147713
128	76	64	0	147728
144	76	101	0	147877
144	64	93	0	147884
144	55	87	0	147887
144	58	86	0	147890
144	79	101	0	147894
144	61	79	0	147896
128	76	64	0	148507
128	79	64	0	148512
128	55	64	0	148515
128	64	64	0	148548
128	58	64	0	148552
128	61	64	0	148562
144	76	55	0	148950
144	84	64	0	148990
144	83	73	0	148996
144	64	77	0	149000
144	58	79	0	149002
144	61	82	0	149010
144	55	82	0	149013
144	85	88	0	149086
128	83	64	0	149111
128	84	64	0	149152
128	55	64	0	149728
128	64	64	0	149741
128	58	64	0	149749
128	61	64	0	149768
128	76	64	0	149773
128	85	64	0	149793
144	64	66	0	149966
144	76	88	0	149973
144	61	70	0	149977
144	58	70	0	149981
144	82	97	0	149984
144	55	66	0	149987
144	80	48	0	150036
128	80	64	0	150092
128	82	64	0	150458
128	76	64	0	150534
128	55	64	0	150568
128	64	64	0	150581
128	58	64	0	150584
128	61	64	0	150588
144	76	58	0	150870
144	64	81	0	150901
144	61	84	0	150904
144	58	81	0	150908
144	55	81	0	150911
144	87	92	0	150914
144	88	74	0	150985
128	87	64	0	151075
128	55	64	0	151592
128	61	64	0	151610
128	64	64	0	151612
128	58	64	0	151614
128	88	64	0	151664
128	76	64	0	151673
144	76	87	0	151944
144	58	74	0	151954
144	55	74	0	151960
144	61	79	0	151963
144	85	97	0	151967
144	64	71	0	151971
128	76	64	0	152360
128	85	64	0	152410
128	55	64	0	152437
128	58	64	0	152460
128	61	64	0	152468
128	64	64	0	152489
144	90	93	0	152942
144	55	76	0	152944
144	58	74	0	152954
144	61	76	0	152957
144	64	71	0	152960
144	91	89	0	153004
128	90	64	0	153061
128	64	64	0	153072
128	61	64	0	153076
128	58	64	0	153081
128	55	64	0	153092
128	91	64	0	153163
144	87	102	0	153434
128	87	64	0	153513
144	84	98	0	153884
128	84	64	0	154026
144	79	94	0	154372
128	79	64	0	154488
144	82	95	0	154860
128	82	64	0	154983
144	83	90	0	155087
128	83	64	0	155225
144	85	79	0	155348
128	85	64	0	155426
144	87	79	0	155579
128	87	64	0	155646
144	88	89	0	155797
128	88	64	0	155900
144	90	73	0	156048
128	90	64	0	156096
144	91	106	0	156318
128	91	64	0	156452
144	67	109	0	156787
128	67	64	0	156913
