144	49	76	0	465
144	37	74	0	465
128	37	64	0	3890
128	49	64	0	3901
144	49	67	0	4058
144	37	71	0	4058
128	37	64	0	4322
128	49	64	0	4322
144	49	72	0	4470
144	37	75	0	4481
128	37	64	0	4699
128	49	64	0	4699
144	49	70	0	4888
144	37	68	0	4895
128	37	64	0	5152
128	49	64	0	5158
144	37	71	0	5342
144	49	68	0	5348
128	37	64	0	5591
128	49	64	0	5592
144	49	73	0	5775
144	37	75	0	5776
128	37	64	0	5982
128	49	64	0	6006
144	49	67	0	6191
144	37	71	0	6197
128	37	64	0	6418
128	49	64	0	6426
144	49	70	0	6639
144	37	69	0	6645
128	49	64	0	6844
128	37	64	0	6844
144	37	70	0	7084
144	49	75	0	7090
128	49	64	0	7277
128	37	64	0	7282
144	49	79	0	7566
144	37	77	0	7572
128	49	64	0	7709
128	37	64	0	7721
144	49	76	0	7976
144	37	71	0	7976
128	49	64	0	8220
128	37	64	0	8230
144	37	67	0	8410
144	49	66	0	8417
128	37	64	0	8753
128	49	64	0	8753
144	49	78	0	8892
144	37	81	0	8908
128	37	64	0	9176
128	49	64	0	9183
144	37	77	0	9336
144	49	74	0	9342
128	49	64	0	9658
128	37	64	0	9676
144	37	58	0	9784
144	49	73	0	9789
128	37	64	0	10006
128	49	64	0	10033
144	49	69	0	10208
144	37	72	0	10208
128	49	64	0	10513
128	37	64	0	10513
144	49	73	0	10690
144	37	77	0	10690
128	37	64	0	10945
128	49	64	0	10950
144	49	77	0	11165
144	37	78	0	11170
128	49	64	0	11396
128	37	64	0	11413
144	49	78	0	11566
144	37	77	0	11573
128	49	64	0	11785
128	37	64	0	11790
144	49	76	0	11953
144	37	76	0	11959
128	49	64	0	12134
128	37	64	0	12142
144	49	74	0	12421
144	37	72	0	12427
128	37	64	0	12702
128	49	64	0	12702
144	49	75	0	12898
144	37	73	0	12898
128	37	64	0	13157
128	49	64	0	13171
144	37	76	0	13331
144	49	78	0	13337
128	49	64	0	13599
128	37	64	0	13611
144	49	79	0	13797
144	37	76	0	13797
128	49	64	0	14010
128	37	64	0	14010
144	37	69	0	14230
144	49	65	0	14230
128	37	64	0	14484
128	49	64	0	14484
144	37	67	0	14673
144	64	55	0	14673
144	49	68	0	14679
128	37	64	0	14930
128	49	64	0	14930
128	64	64	0	15013
144	64	64	0	15107
144	49	71	0	15107
144	37	67	0	15114
128	49	64	0	15332
128	37	64	0	15337
128	64	64	0	15371
144	49	67	0	15533
144	37	63	0	15533
144	64	64	0	15547
128	37	64	0	15805
128	49	64	0	15805
128	64	64	0	15847
144	64	62	0	15982
144	49	70	0	15995
144	37	65	0	16001
128	49	64	0	16254
128	37	64	0	16254
128	64	64	0	16275
144	65	69	0	16429
144	49	79	0	16444
144	37	75	0	16451
128	49	64	0	16649
128	37	64	0	16663
128	65	64	0	16725
144	49	75	0	16856
144	37	73	0	16862
144	64	71	0	16862
128	37	64	0	17056
128	49	64	0	17056
128	64	64	0	17089
144	65	68	0	17270
144	49	70	0	17275
144	37	72	0	17281
128	49	64	0	17495
128	37	64	0	17510
128	65	64	0	17510
144	64	72	0	17733
144	37	75	0	17733
144	49	72	0	17733
128	49	64	0	18034
128	37	64	0	18034
144	49	69	0	18182
144	37	68	0	18198
128	49	64	0	18411
128	37	64	0	18431
128	64	64	0	18495
144	37	78	0	18632
144	49	80	0	18632
144	64	78	0	18638
128	49	64	0	18881
128	37	64	0	18898
144	49	76	0	19096
144	37	80	0	19107
128	49	64	0	19284
128	37	64	0	19304
128	64	64	0	19400
144	49	81	0	19528
144	37	80	0	19533
144	64	77	0	19539
128	37	64	0	19757
128	49	64	0	19757
128	64	64	0	19842
144	65	76	0	19957
144	37	80	0	19978
144	49	76	0	19986
128	49	64	0	20192
128	37	64	0	20212
128	65	64	0	20242
144	64	75	0	20381
144	37	78	0	20402
144	49	83	0	20402
128	49	64	0	20592
128	37	64	0	20602
128	64	64	0	20658
144	37	82	0	20830
144	65	71	0	20830
144	49	78	0	20836
128	49	64	0	21039
128	37	64	0	21058
128	65	64	0	21121
144	37	78	0	21289
144	64	77	0	21289
144	49	77	0	21289
128	49	64	0	21486
128	37	64	0	21492
128	64	64	0	21538
144	65	80	0	21733
144	49	87	0	21740
144	37	83	0	21740
128	37	64	0	21948
128	49	64	0	21948
128	65	64	0	22024
144	65	71	0	22149
144	37	79	0	22149
144	49	79	0	22158
128	49	64	0	22338
128	37	64	0	22349
128	65	64	0	22388
144	37	79	0	22582
144	49	80	0	22588
144	65	79	0	22598
128	49	64	0	22811
128	37	64	0	22822
128	65	64	0	22863
144	65	77	0	23022
144	37	82	0	23038
144	49	79	0	23043
128	49	64	0	23221
128	37	64	0	23235
128	65	64	0	23256
144	64	78	0	23478
144	37	80	0	23478
144	49	83	0	23485
128	49	64	0	23701
128	37	64	0	23716
128	64	64	0	23741
144	65	74	0	23906
144	49	80	0	23928
144	37	80	0	23928
128	49	64	0	24108
128	37	64	0	24119
128	65	64	0	24136
144	49	80	0	24378
144	37	78	0	24379
144	64	78	0	24394
128	49	64	0	24574
128	37	64	0	24574
128	64	64	0	24601
144	49	81	0	24830
144	65	80	0	24836
144	37	81	0	24836
128	49	64	0	25061
128	37	64	0	25074
144	49	81	0	25290
144	37	79	0	25290
128	49	64	0	25467
128	37	64	0	25478
128	65	64	0	25572
144	49	83	0	25732
144	37	78	0	25740
144	65	82	0	25754
128	49	64	0	25948
128	37	64	0	25955
144	49	81	0	26193
144	37	78	0	26193
128	49	64	0	26367
128	37	64	0	26367
128	65	64	0	26549
144	37	83	0	26659
144	49	85	0	26659
144	65	73	0	26659
128	49	64	0	26869
128	37	64	0	26869
128	65	64	0	27058
144	49	81	0	27111
144	37	79	0	27112
144	64	78	0	27112
128	49	64	0	27306
128	37	64	0	27315
128	64	64	0	27449
144	65	65	0	27531
144	49	83	0	27567
144	37	82	0	27568
128	49	64	0	27741
128	37	64	0	27751
128	65	64	0	27823
144	64	81	0	27953
144	49	83	0	27962
144	37	80	0	27963
128	49	64	0	28158
128	37	64	0	28163
128	64	64	0	28275
144	65	70	0	28374
144	49	81	0	28374
144	37	81	0	28384
128	49	64	0	28619
128	37	64	0	28639
128	65	64	0	28686
144	37	84	0	28822
144	49	87	0	28822
144	64	88	0	28829
128	64	64	0	29219
144	64	73	0	29302
128	64	64	0	29595
144	64	68	0	29764
128	64	64	0	30080
144	64	59	0	30187
128	64	64	0	30521
144	65	61	0	30606
128	65	64	0	31012
144	64	70	0	31108
128	64	64	0	31474
144	65	76	0	31544
128	65	64	0	31950
144	64	87	0	32052
128	64	64	0	32798
144	64	82	0	32921
128	64	64	0	33695
144	64	72	0	33806
128	64	64	0	34234
144	65	80	0	34253
128	65	64	0	34696
144	64	79	0	34696
144	65	76	0	35178
128	64	64	0	35178
144	64	75	0	35582
128	65	64	0	35599
144	65	81	0	36036
128	64	64	0	36058
128	65	64	0	36387
144	65	74	0	36459
128	65	64	0	36789
144	65	71	0	36876
128	65	64	0	37237
144	65	67	0	37327
128	65	64	0	37672
144	64	81	0	37794
128	64	64	0	38156
144	65	72	0	38224
128	65	64	0	38567
144	64	73	0	38671
128	64	64	0	39039
144	65	78	0	39102
128	65	64	0	39863
144	65	83	0	40001
128	65	64	0	40748
144	65	67	0	40862
128	65	64	0	41331
144	64	75	0	41347
128	64	64	0	41741
144	65	56	0	41769
144	64	66	0	42200
128	65	64	0	42200
128	37	64	0	42628
144	65	73	0	42628
128	64	64	0	42654
128	49	64	0	42662
128	65	64	0	43023
144	64	80	0	43044
128	64	64	0	43396
144	64	72	0	43499
192	0	67.16.76.8.0.7.0	0	43795
998	0	108	0	43800
998	32	0	0	43806
999	19	0	0	43806
192	0	67.16.76.2.1.0.1.4	0	43806
192	0	67.16.76.2.1.32.0.0	0	43806
998	7	84	0	43817
998	91	64	0	43817
128	64	64	0	43829
144	64	78	0	43914
128	64	64	0	44271
144	64	79	0	44388
128	64	64	0	44669
998	67	0	0	44689
192	0	67.16.76.8.0.7.0	0	44698
998	0	108	0	44699
998	32	0	0	44699
999	16	0	0	44704
192	0	67.16.76.2.1.0.1.4	0	44704
192	0	67.16.76.2.1.32.0.0	0	44713
998	7	90	0	44720
998	91	7	0	44721
192	0	67.16.76.3.0.0.66.18	0	44727
192	0	67.16.76.3.0.12.0	0	44727
192	0	67.16.76.3.0.2.40	0	44740
192	0	67.16.76.3.0.4.43	0	44740
192	0	67.16.76.3.0.11.127	0	44740
192	0	67.16.76.3.0.16.64	0	44740
192	0	67.16.76.8.0.89.16	0	44745
144	64	87	0	44837
128	64	64	0	45195
144	64	73	0	45311
128	64	64	0	45590
144	64	87	0	45770
192	0	67.16.76.8.0.7.0	0	45896
998	0	108	0	45896
998	32	0	0	45896
999	18	0	0	45896
192	0	67.16.76.2.1.0.1.4	0	45903
192	0	67.16.76.2.1.32.0.0	0	45910
998	7	55	0	45918
192	0	67.16.76.3.0.0.97.33	0	45924
192	0	67.16.76.3.0.12.0	0	45924
192	0	67.16.76.3.0.11.20	0	45934
192	0	67.16.76.3.0.16.64	0	45934
192	0	67.16.76.8.0.89.16	0	45934
128	64	64	0	46016
144	64	92	0	46216
128	64	64	0	46537
144	64	95	0	46690
192	0	67.16.76.8.0.7.0	0	46796
998	0	108	0	46796
998	32	1	0	46796
999	19	0	0	46796
192	0	67.16.76.2.1.0.1.4	0	46804
192	0	67.16.76.2.1.32.0.0	0	46810
998	7	80	0	46816
998	91	36	0	46822
192	0	67.16.76.3.0.0.64.0	0	46827
192	0	67.16.76.3.0.12.127	0	46832
192	0	67.16.76.3.0.16.64	0	46838
192	0	67.16.76.8.0.89.16	0	46838
128	64	64	0	46990
144	64	96	0	47134
128	64	64	0	47845
144	64	89	0	48010
128	64	64	0	48337
144	65	85	0	48431
128	65	64	0	48793
144	64	88	0	48854
128	64	64	0	49175
144	65	70	0	49281
128	65	64	0	49649
144	64	73	0	49721
144	65	81	0	50179
128	64	64	0	50194
128	65	64	0	50554
144	65	81	0	50617
128	65	64	0	51000
144	65	74	0	51087
128	65	64	0	51439
144	65	71	0	51532
128	65	64	0	51931
144	64	82	0	52003
128	64	64	0	52387
144	65	71	0	52443
128	65	64	0	52793
144	64	84	0	52870
128	64	64	0	53256
144	65	86	0	53335
128	65	64	0	54063
144	65	86	0	54239
128	65	64	0	55017
144	65	64	0	55110
128	65	64	0	55519
144	64	72	0	55570
128	64	64	0	55993
144	65	65	0	56032
128	65	64	0	56362
144	64	75	0	56503
128	64	64	0	56877
144	65	65	0	56929
144	37	53	0	57358
128	65	64	0	57358
144	64	78	0	57370
144	49	55	0	57376
128	64	64	0	57738
144	64	73	0	57833
128	49	64	0	58098
128	37	64	0	58107
128	64	64	0	58160
144	37	60	0	58223
144	49	72	0	58230
144	64	73	0	58237
128	64	64	0	58586
144	64	66	0	58667
128	49	64	0	59014
128	37	64	0	59014
144	37	71	0	59095
144	49	71	0	59095
144	65	80	0	59168
128	64	64	0	59193
128	65	64	0	59567
144	64	75	0	59597
128	37	64	0	59747
128	49	64	0	59758
144	65	76	0	59981
128	64	64	0	59995
144	37	79	0	60002
144	49	74	0	60002
128	65	64	0	60401
144	64	72	0	60444
128	37	64	0	60640
128	49	64	0	60651
144	37	84	0	60861
144	49	81	0	60861
128	64	64	0	61193
144	64	90	0	61368
128	49	64	0	61555
128	37	64	0	61591
144	37	87	0	61755
144	49	80	0	61755
128	64	64	0	61916
144	64	72	0	62239
128	37	64	0	62438
128	49	64	0	62438
144	37	71	0	62654
144	49	73	0	62654
144	73	59	0	63216
128	49	64	0	63225
128	64	64	0	63246
128	37	64	0	63266
144	37	62	0	63587
144	49	64	0	63608
144	64	70	0	64110
128	73	64	0	64121
128	49	64	0	64223
128	37	64	0	64253
144	49	63	0	64507
144	37	63	0	64507
128	64	64	0	64962
144	61	58	0	64962
128	49	64	0	65047
128	37	64	0	65101
144	37	73	0	65355
144	49	65	0	65376
144	56	53	0	65845
128	61	64	0	65876
128	49	64	0	65890
128	37	64	0	65910
144	37	58	0	66274
144	49	55	0	66284
128	56	64	0	66707
144	61	65	0	66737
128	49	64	0	66833
128	37	64	0	66880
144	37	65	0	67155
144	49	59	0	67167
144	56	69	0	67615
128	61	64	0	67636
128	37	64	0	67780
128	49	64	0	67780
144	37	63	0	68061
144	49	58	0	68071
128	56	64	0	68270
144	61	58	0	68300
128	61	64	0	68467
144	56	53	0	68473
128	56	64	0	68629
144	61	68	0	68644
128	49	64	0	68684
128	37	64	0	68714
144	49	67	0	68892
144	37	69	0	68892
144	56	64	0	69142
128	61	64	0	69163
144	55	59	0	69373
128	56	64	0	69373
128	49	64	0	69517
128	37	64	0	69545
144	56	69	0	69550
128	55	64	0	69576
144	37	79	0	69780
144	49	77	0	69787
144	61	63	0	70015
128	56	64	0	70021
128	61	64	0	70200
144	56	63	0	70229
128	49	64	0	70426
144	61	61	0	70432
128	56	64	0	70432
128	37	64	0	70443
144	37	77	0	70663
144	49	74	0	70676
128	61	64	0	70920
144	56	61	0	70933
128	49	64	0	71156
144	61	66	0	71173
128	56	64	0	71173
128	37	64	0	71198
128	61	64	0	71337
144	56	66	0	71363
144	37	73	0	71564
144	49	64	0	71583
128	56	64	0	71600
144	64	62	0	71849
128	64	64	0	71940
128	49	64	0	71989
128	37	64	0	72052
144	65	77	0	72114
128	65	64	0	72274
144	64	62	0	72280
144	37	78	0	72427
144	49	70	0	72433
128	64	64	0	72433
144	68	59	0	72632
128	68	64	0	72814
128	49	64	0	72827
144	65	63	0	72827
128	37	64	0	72848
128	65	64	0	73025
144	68	55	0	73065
128	68	64	0	73258
144	37	68	0	73264
144	49	65	0	73264
144	73	48	0	73541
128	73	64	0	73712
128	49	64	0	73727
128	37	64	0	73736
144	68	67	0	73756
128	68	64	0	73952
144	73	56	0	73965
144	37	66	0	74166
144	49	64	0	74174
128	73	64	0	74297
144	65	58	0	74382
144	71	62	0	74656
128	65	64	0	74666
128	49	64	0	74746
128	37	64	0	74788
144	68	64	0	74897
128	71	64	0	74927
128	68	64	0	75097
144	37	81	0	75106
144	49	72	0	75106
144	65	61	0	75368
144	73	51	0	75561
128	65	64	0	75571
128	49	64	0	75580
128	37	64	0	75638
128	73	64	0	75765
144	68	73	0	75773
128	68	64	0	75937
144	49	61	0	75954
144	37	57	0	75960
144	77	79	0	76302
128	49	64	0	76420
128	37	64	0	76460
128	77	64	0	76480
144	73	64	0	76514
144	77	54	0	76699
128	73	64	0	76711
144	37	67	0	76821
144	49	58	0	76829
128	77	64	0	76905
144	76	54	0	76911
144	77	69	0	77145
128	76	64	0	77158
128	49	64	0	77179
128	37	64	0	77236
144	80	53	0	77332
128	77	64	0	77338
144	77	59	0	77521
128	80	64	0	77521
144	37	51	0	77671
128	77	64	0	77702
144	49	58	0	77715
144	76	72	0	77764
128	76	64	0	77970
144	77	57	0	77975
128	49	64	0	78111
128	37	64	0	78157
128	77	64	0	78163
144	76	44	0	78196
144	77	43	0	78350
128	76	64	0	78371
128	77	64	0	78516
144	37	72	0	78614
144	49	64	0	78630
144	77	77	0	78637
128	77	64	0	79012
144	80	78	0	79145
128	80	64	0	79256
144	77	76	0	79269
128	49	64	0	79295
128	37	64	0	79329
144	80	52	0	79378
128	77	64	0	79386
128	80	64	0	79431
144	77	67	0	79468
144	49	70	0	79612
144	37	74	0	79612
144	73	82	0	79639
128	77	64	0	79650
128	73	64	0	79956
144	73	53	0	80056
128	49	64	0	80152
128	73	64	0	80170
144	77	67	0	80185
128	37	64	0	80196
144	73	46	0	80274
128	73	64	0	80353
144	73	60	0	80459
144	37	69	0	80488
128	77	64	0	80488
144	49	61	0	80500
144	77	50	0	80590
128	73	64	0	80795
128	77	64	0	80875
144	77	85	0	80952
128	49	64	0	81061
128	37	64	0	81096
144	73	73	0	81142
128	77	64	0	81156
128	73	64	0	81296
144	37	69	0	81333
144	49	62	0	81340
144	80	73	0	81384
128	80	64	0	81654
144	76	79	0	81804
128	49	64	0	81838
128	37	64	0	81902
144	37	85	0	82234
128	76	64	0	82234
144	49	85	0	82234
144	77	71	0	82253
128	77	64	0	82666
144	73	46	0	82712
128	49	64	0	82723
128	37	64	0	82758
128	73	64	0	82789
144	77	61	0	82814
144	73	61	0	82929
128	77	64	0	82946
128	73	64	0	83014
144	69	59	0	83044
144	37	63	0	83044
144	49	64	0	83068
144	77	68	0	83128
128	69	64	0	83136
144	73	68	0	83239
128	49	64	0	83291
128	77	64	0	83291
144	69	65	0	83333
128	73	64	0	83353
128	37	64	0	83367
144	68	87	0	83467
128	69	64	0	83493
144	49	61	0	83942
144	37	60	0	83949
128	68	64	0	83989
144	73	65	0	83989
128	73	64	0	84046
144	69	65	0	84074
144	73	57	0	84187
128	49	64	0	84224
128	69	64	0	84224
128	37	64	0	84233
144	68	72	0	84243
128	73	64	0	84278
128	68	64	0	84361
144	69	52	0	84380
144	73	59	0	84432
128	69	64	0	84441
144	68	49	0	84488
128	73	64	0	84516
144	49	60	0	84557
144	37	57	0	84557
128	68	64	0	84601
144	65	57	0	84636
144	68	52	0	84710
128	65	64	0	84715
128	37	64	0	84785
128	49	64	0	84791
144	65	57	0	84800
128	68	64	0	84835
144	64	60	0	84958
128	65	64	0	84963
144	49	66	0	84976
144	37	65	0	84981
144	68	67	0	85019
128	64	64	0	85056
144	65	64	0	85100
128	68	64	0	85138
128	49	64	0	85145
128	65	64	0	85160
144	64	64	0	85167
128	37	64	0	85172
144	62	82	0	85254
128	64	64	0	85290
144	61	78	0	85501
128	62	64	0	85524
144	49	68	0	85864
144	37	67	0	85864
128	49	64	0	86514
128	37	64	0	86533
144	49	64	0	86676
144	37	63	0	86692
128	37	64	0	86888
128	49	64	0	86934
128	61	64	0	86940
144	49	67	0	87142
144	56	71	0	87188
128	49	64	0	87261
128	56	64	0	87323
144	61	59	0	87354
128	61	64	0	87438
144	49	56	0	87604
128	49	64	0	87667
144	56	77	0	87845
144	49	61	0	88034
128	56	64	0	88034
128	49	64	0	88089
144	56	78	0	88257
128	56	64	0	88362
144	49	66	0	88446
128	49	64	0	88505
144	56	68	0	88641
128	56	64	0	88879
144	49	74	0	88889
144	61	69	0	88930
128	49	64	0	88993
128	61	64	0	89104
144	56	83	0	89136
128	56	64	0	89210
144	48	54	0	89347
128	48	64	0	89417
144	56	85	0	89817
144	61	78	0	90051
128	56	64	0	90119
128	61	64	0	90211
144	49	76	0	90267
128	49	64	0	90390
144	56	83	0	90707
144	61	72	0	90727
128	61	64	0	90885
128	56	64	0	90893
144	49	83	0	91135
128	49	64	0	91368
144	56	80	0	91628
144	61	69	0	91854
128	56	64	0	91884
128	61	64	0	91986
144	49	80	0	92056
128	49	64	0	92186
144	56	81	0	92510
144	61	63	0	92705
128	56	64	0	92733
144	49	77	0	92931
128	61	64	0	92936
144	65	69	0	92959
128	65	64	0	93040
128	49	64	0	93055
144	65	80	0	93390
144	56	71	0	93398
128	56	64	0	93444
128	65	64	0	93804
144	49	79	0	93804
128	49	64	0	93940
144	65	83	0	94229
144	56	70	0	94267
128	56	64	0	94341
128	65	64	0	94515
144	68	61	0	94549
128	68	64	0	94596
144	65	79	0	94607
144	49	71	0	94668
144	64	78	0	94686
128	65	64	0	94717
128	49	64	0	94807
128	64	64	0	94867
144	56	68	0	95091
144	65	72	0	95148
128	56	64	0	95211
128	65	64	0	95300
144	49	52	0	95492
144	64	70	0	95554
128	49	64	0	95654
128	64	64	0	95654
144	65	75	0	95957
144	56	65	0	95965
128	56	64	0	96130
144	49	60	0	96430
128	49	64	0	96499
128	65	64	0	97308
144	50	69	0	97342
128	50	64	0	97448
144	56	80	0	97768
128	56	64	0	98215
144	52	72	0	98221
128	52	64	0	98579
144	56	76	0	98654
128	56	64	0	99076
144	53	54	0	99091
128	53	64	0	99403
144	56	70	0	99564
128	56	64	0	99857
144	37	61	0	99964
128	37	64	0	100129
144	49	73	0	100161
128	49	64	0	100320
144	37	61	0	100423
128	37	64	0	100485
144	49	68	0	100599
128	49	64	0	100739
144	37	71	0	100874
144	49	76	0	101329
128	37	64	0	101366
128	49	64	0	101557
144	37	67	0	101805
128	37	64	0	101937
144	49	73	0	101975
128	49	64	0	102099
144	37	69	0	102236
128	37	64	0	102330
144	49	74	0	102442
128	49	64	0	102544
144	37	80	0	102717
144	49	92	0	103175
128	37	64	0	103259
128	49	64	0	103544
144	37	72	0	103606
128	37	64	0	103657
144	49	68	0	103809
128	49	64	0	103877
144	37	71	0	104062
128	37	64	0	104123
144	49	74	0	104259
128	49	64	0	104311
144	37	87	0	104489
144	49	78	0	104937
128	37	64	0	104990
144	37	64	0	105367
128	49	64	0	105374
128	37	64	0	105482
144	49	64	0	105578
128	49	64	0	105651
144	37	75	0	105829
128	37	64	0	105906
144	49	67	0	106010
128	49	64	0	106139
144	37	84	0	106242
144	49	74	0	106673
128	37	64	0	106701
144	37	76	0	107107
128	37	64	0	107554
144	37	84	0	108009
128	37	64	0	108494
144	37	73	0	108932
128	37	64	0	109422
144	37	74	0	109813
128	37	64	0	110282
144	37	71	0	110646
128	37	64	0	111154
144	37	84	0	111561
128	37	64	0	112080
144	37	80	0	112453
128	37	64	0	112935
144	37	70	0	113315
128	37	64	0	113722
144	37	71	0	113846
128	49	64	0	113946
128	37	64	0	113975
144	64	62	0	114287
144	37	71	0	114287
128	37	64	0	114351
128	64	64	0	114364
144	64	72	0	114669
144	37	66	0	114700
128	64	64	0	114751
128	37	64	0	114751
144	64	64	0	115100
144	37	76	0	115112
128	37	64	0	115325
128	64	64	0	115409
144	64	63	0	115500
144	37	67	0	115500
128	37	64	0	115641
128	64	64	0	115678
144	65	51	0	115901
144	38	53	0	115924
128	38	64	0	116300
128	65	64	0	116342
144	64	66	0	116379
144	37	57	0	116389
128	37	64	0	116685
128	64	64	0	116720
144	65	59	0	116799
144	38	58	0	116831
128	38	64	0	117152
128	65	64	0	117213
144	64	54	0	117274
144	37	56	0	117282
128	37	64	0	117612
144	37	57	0	117758
128	37	64	0	117831
128	64	64	0	117935
144	64	54	0	118193
144	37	51	0	118219
128	37	64	0	118461
144	37	64	0	118679
128	37	64	0	118798
128	64	64	0	118913
144	64	62	0	119117
144	61	62	0	119117
144	37	73	0	119126
128	37	64	0	119271
128	61	64	0	119429
128	64	64	0	119462
144	65	61	0	119545
144	37	67	0	119554
144	62	55	0	119559
128	37	64	0	119746
128	62	64	0	119871
128	65	64	0	119888
144	61	68	0	119975
144	64	53	0	119980
144	37	67	0	120020
128	37	64	0	120169
128	64	64	0	120282
128	61	64	0	120294
144	62	54	0	120413
144	37	65	0	120428
144	65	57	0	120428
128	37	64	0	120618
128	62	64	0	120729
128	65	64	0	120759
144	61	52	0	120873
144	37	65	0	120888
144	64	58	0	120888
128	37	64	0	121081
128	61	64	0	121156
128	64	64	0	121166
144	62	69	0	121328
144	65	70	0	121349
144	37	78	0	121356
128	37	64	0	121638
128	62	64	0	121661
128	65	64	0	121670
144	37	68	0	121744
144	62	72	0	121769
144	65	74	0	121769
128	37	64	0	122076
128	62	64	0	122089
128	65	64	0	122114
144	65	68	0	122232
144	62	68	0	122232
144	37	80	0	122232
128	37	64	0	122523
128	62	64	0	122549
128	65	64	0	122549
144	37	65	0	122626
144	62	66	0	122643
144	65	68	0	122643
128	65	64	0	122932
128	62	64	0	122933
128	37	64	0	122948
144	37	73	0	123100
144	64	61	0	123111
144	61	61	0	123111
128	37	64	0	123386
128	61	64	0	123430
128	64	64	0	123449
144	62	64	0	123581
144	37	70	0	123590
144	65	61	0	123595
128	37	64	0	123705
128	62	64	0	123705
128	65	64	0	123713
144	61	60	0	123992
144	64	64	0	124008
144	37	73	0	124013
128	37	64	0	124321
128	61	64	0	124419
128	64	64	0	124437
144	62	57	0	124467
144	65	59	0	124477
144	37	77	0	124498
128	37	64	0	124661
144	37	78	0	124892
128	62	64	0	124975
128	65	64	0	124985
128	37	64	0	125285
144	62	68	0	125333
144	65	72	0	125333
144	37	81	0	125787
128	62	64	0	125851
128	65	64	0	125872
128	37	64	0	126132
144	62	61	0	126280
144	65	73	0	126280
144	37	78	0	126291
128	37	64	0	126521
128	65	64	0	126681
128	62	64	0	126681
144	61	51	0	126715
144	37	83	0	126730
144	64	58	0	126735
128	37	64	0	126977
128	61	64	0	127045
128	64	64	0	127085
144	62	62	0	127100
144	65	58	0	127110
144	37	78	0	127155
128	37	64	0	127317
128	62	64	0	127478
128	65	64	0	127505
144	37	79	0	127597
144	61	68	0	127603
144	64	59	0	127603
128	37	64	0	127806
128	61	64	0	127983
128	64	64	0	128005
144	65	55	0	128032
144	62	53	0	128046
144	37	75	0	128067
128	37	64	0	128214
128	65	64	0	128505
128	62	64	0	128505
144	64	58	0	128513
144	61	60	0	128513
144	37	80	0	128528
128	61	64	0	128841
128	64	64	0	128857
144	61	61	0	128924
144	64	66	0	128942
128	37	64	0	129029
128	61	64	0	129238
128	64	64	0	129244
144	61	65	0	129325
144	64	64	0	129337
128	61	64	0	129704
128	64	64	0	129722
144	61	71	0	129781
144	64	69	0	129810
128	64	64	0	130139
128	61	64	0	130158
144	62	62	0	130223
144	65	57	0	130243
128	65	64	0	130539
128	62	64	0	130544
144	61	70	0	130650
144	64	58	0	130659
128	61	64	0	130933
128	64	64	0	130982
144	62	64	0	131085
144	65	71	0	131107
128	62	64	0	131404
128	65	64	0	131433
144	61	87	0	131541
128	61	64	0	132234
144	61	80	0	132448
144	49	77	0	132484
128	61	64	0	133084
128	49	64	0	133091
144	61	79	0	133347
144	49	73	0	133359
128	49	64	0	133494
128	61	64	0	133518
144	62	62	0	133788
144	50	55	0	133796
128	50	64	0	133941
128	62	64	0	133947
144	61	73	0	134198
144	49	70	0	134208
128	49	64	0	134361
128	61	64	0	134377
144	62	53	0	134649
144	50	58	0	134673
144	49	59	0	135096
128	50	64	0	135096
128	62	64	0	135101
144	61	64	0	135115
128	49	64	0	135502
128	61	64	0	135528
144	50	57	0	135540
144	62	61	0	135546
128	62	64	0	135714
128	50	64	0	135720
144	62	68	0	135946
144	50	65	0	135954
128	50	64	0	136064
128	62	64	0	136082
144	62	69	0	136416
144	50	79	0	136436
128	50	64	0	136726
128	62	64	0	136772
144	50	71	0	136860
144	62	51	0	136880
128	50	64	0	136990
128	62	64	0	137028
144	47	55	0	137365
144	59	69	0	137378
128	47	64	0	137612
128	59	64	0	137676
144	50	64	0	137793
144	62	63	0	137798
128	50	64	0	137929
128	62	64	0	137978
144	47	55	0	138251
144	59	58	0	138251
128	47	64	0	138400
128	59	64	0	138475
144	62	63	0	138677
144	50	55	0	138686
128	50	64	0	138917
128	62	64	0	139419
144	62	71	0	139581
144	50	65	0	139586
128	50	64	0	140100
128	62	64	0	140147
144	50	74	0	140495
144	62	64	0	140503
128	50	64	0	140635
128	62	64	0	140677
144	59	59	0	140890
144	47	53	0	140916
128	47	64	0	141140
128	59	64	0	141198
144	50	62	0	141303
144	62	62	0	141313
128	50	64	0	141441
128	62	64	0	141487
144	59	65	0	141746
144	47	65	0	141775
128	47	64	0	141987
128	59	64	0	142093
144	50	79	0	142201
144	62	75	0	142225
128	50	64	0	142294
128	62	64	0	142330
144	61	52	0	142713
144	73	47	0	142721
128	73	64	0	142789
128	61	64	0	142789
144	61	58	0	143132
144	73	70	0	143132
128	73	64	0	143185
128	61	64	0	143185
144	61	54	0	143578
144	73	55	0	143597
128	61	64	0	143933
128	73	64	0	143939
144	73	66	0	144014
144	61	64	0	144035
128	61	64	0	144112
128	73	64	0	144150
144	74	60	0	144449
144	62	55	0	144463
128	62	64	0	144839
128	74	64	0	144872
144	61	63	0	144901
144	73	68	0	144912
128	61	64	0	144993
128	73	64	0	145058
144	74	53	0	145338
144	62	50	0	145362
128	62	64	0	145653
128	74	64	0	145685
144	73	70	0	145809
144	61	60	0	145814
128	61	64	0	146364
128	73	64	0	146392
144	76	72	0	146687
144	61	72	0	146702
128	76	64	0	147178
128	61	64	0	147202
144	61	68	0	147620
144	76	68	0	147620
128	61	64	0	147796
128	76	64	0	147827
144	62	58	0	148040
144	77	68	0	148040
128	62	64	0	148266
128	77	64	0	148318
144	76	58	0	148480
144	61	63	0	148480
128	61	64	0	148643
128	76	64	0	148687
144	62	51	0	148886
144	77	62	0	148892
128	62	64	0	149150
128	77	64	0	149196
144	76	65	0	149323
144	61	68	0	149340
128	61	64	0	149613
128	76	64	0	149658
144	62	65	0	149773
144	77	61	0	149780
128	62	64	0	150075
128	77	64	0	150122
144	62	61	0	150216
144	77	63	0	150216
128	62	64	0	150413
128	77	64	0	150486
144	62	67	0	150670
144	77	61	0	150677
128	62	64	0	150913
128	77	64	0	150977
144	62	64	0	151084
144	77	61	0	151107
128	62	64	0	151376
128	77	64	0	151418
144	76	65	0	151546
144	59	72	0	151546
128	59	64	0	151716
128	76	64	0	151793
144	77	65	0	151953
144	62	72	0	151954
128	62	64	0	152173
128	77	64	0	152210
144	76	64	0	152388
144	59	59	0	152395
128	59	64	0	152689
128	76	64	0	152723
144	77	67	0	152838
144	62	64	0	152847
128	62	64	0	153211
144	62	69	0	153354
128	62	64	0	153467
128	77	64	0	153533
144	77	76	0	153780
144	62	78	0	153786
128	62	64	0	154023
144	62	66	0	154225
128	77	64	0	154373
128	62	64	0	154378
144	62	64	0	154684
144	77	82	0	154684
128	62	64	0	155016
128	77	64	0	155030
144	59	51	0	155136
144	76	63	0	155136
128	59	64	0	155480
144	62	51	0	155514
128	76	64	0	155527
144	77	59	0	155555
128	62	64	0	155858
128	77	64	0	155908
144	76	64	0	156016
144	59	56	0	156016
128	59	64	0	156360
128	76	64	0	156393
144	62	59	0	156440
144	77	57	0	156462
128	77	64	0	156875
144	76	57	0	156902
128	62	64	0	156903
144	61	51	0	156919
128	61	64	0	157138
128	76	64	0	157203
144	76	50	0	157334
144	61	63	0	157363
128	61	64	0	157501
128	76	64	0	157570
144	76	64	0	157751
144	61	70	0	157764
128	61	64	0	157933
128	76	64	0	157963
144	76	76	0	158202
144	61	72	0	158220
128	61	64	0	158448
128	76	64	0	158588
144	62	55	0	158669
144	77	58	0	158675
128	62	64	0	158988
128	77	64	0	159069
144	76	59	0	159101
144	61	58	0	159120
128	61	64	0	159398
128	76	64	0	159426
144	77	54	0	159548
144	62	56	0	159553
128	62	64	0	159867
128	77	64	0	159867
144	61	58	0	159987
144	76	58	0	159993
128	61	64	0	160479
128	76	64	0	160534
144	76	68	0	160902
144	61	58	0	160908
128	61	64	0	161497
128	76	64	0	161522
144	61	70	0	161806
144	76	74	0	161830
128	61	64	0	162086
128	76	64	0	162217
144	69	55	0	162239
144	77	59	0	162272
128	69	64	0	162621
128	77	64	0	162643
144	76	65	0	162682
144	68	58	0	162717
128	68	64	0	162969
128	76	64	0	162994
144	69	53	0	163133
144	77	65	0	163149
128	69	64	0	163406
128	77	64	0	163444
144	76	50	0	163567
144	68	58	0	163575
128	68	64	0	163861
128	76	64	0	163888
144	69	63	0	164016
144	77	69	0	164017
128	69	64	0	164353
128	77	64	0	164394
144	77	54	0	164453
144	69	52	0	164464
128	69	64	0	164637
128	77	64	0	164659
144	77	69	0	164917
144	69	61	0	164917
128	69	64	0	165054
128	77	64	0	165065
144	69	65	0	165351
144	77	68	0	165367
128	69	64	0	165488
128	77	64	0	165501
144	77	59	0	165685
144	68	76	0	165761
144	76	79	0	165768
128	77	64	0	165787
128	68	64	0	165841
128	76	64	0	166070
144	69	63	0	166169
144	77	71	0	166187
128	69	64	0	166368
128	77	64	0	166389
144	66	64	0	166629
144	76	63	0	166639
128	66	64	0	167062
128	76	64	0	167062
144	69	76	0	167131
144	77	79	0	167131
128	69	64	0	167385
144	69	65	0	167556
128	77	64	0	167635
128	69	64	0	167635
144	69	71	0	168009
144	77	82	0	168009
128	69	64	0	168312
144	69	67	0	168479
128	69	64	0	168537
128	77	64	0	168609
144	69	78	0	168882
144	77	81	0	168897
128	69	64	0	169038
128	77	64	0	169066
144	76	69	0	169309
144	68	68	0	169322
128	68	64	0	169586
128	76	64	0	169622
144	69	64	0	169725
144	77	65	0	169740
128	69	64	0	169938
128	77	64	0	169976
144	76	64	0	170210
144	66	67	0	170216
128	76	64	0	170642
128	66	64	0	170651
144	69	77	0	170713
144	77	81	0	170725
128	69	64	0	170970
128	77	64	0	171138
144	76	72	0	171186
144	68	70	0	171208
128	68	64	0	171261
128	76	64	0	171297
144	76	80	0	171602
144	68	64	0	171614
128	68	64	0	171664
128	76	64	0	171704
144	76	71	0	172040
144	68	64	0	172055
128	76	64	0	172397
128	68	64	0	172405
144	76	66	0	172497
144	68	60	0	172502
128	68	64	0	172568
128	76	64	0	172577
144	69	76	0	172920
144	77	82	0	172929
128	69	64	0	173044
128	77	64	0	173049
144	76	83	0	173359
144	68	76	0	173386
128	68	64	0	173520
128	76	64	0	173532
144	69	59	0	173778
144	77	50	0	173800
128	69	64	0	173971
128	77	64	0	173971
144	76	71	0	174237
144	68	58	0	174261
128	68	64	0	174754
128	76	64	0	174754
144	76	76	0	175140
144	68	76	0	175147
128	68	64	0	175609
128	76	64	0	175675
144	76	72	0	176060
144	68	64	0	176070
128	76	64	0	176408
128	68	64	0	176408
144	69	59	0	176478
144	77	65	0	176502
128	69	64	0	176785
128	77	64	0	176795
144	76	71	0	176917
144	68	63	0	176938
128	76	64	0	177184
128	68	64	0	177199
144	77	63	0	177339
144	69	57	0	177344
128	69	64	0	177641
128	77	64	0	177669
144	76	61	0	177785
144	68	60	0	177792
128	68	64	0	178007
128	76	64	0	178065
144	69	65	0	178214
144	77	68	0	178221
128	69	64	0	178531
128	77	64	0	178578
144	69	55	0	178656
144	77	57	0	178686
128	69	64	0	178832
128	77	64	0	178846
144	77	80	0	179111
144	69	77	0	179135
128	69	64	0	179367
128	77	64	0	179595
144	69	77	0	179602
144	77	69	0	179716
128	69	64	0	179716
128	77	64	0	179775
144	77	77	0	179872
128	77	64	0	179974
144	76	86	0	180033
144	66	80	0	180068
128	66	64	0	180176
128	76	64	0	180187
144	69	76	0	180451
144	77	76	0	180458
128	69	64	0	180616
128	77	64	0	180646
144	76	84	0	180901
144	66	80	0	180908
128	66	64	0	181213
128	76	64	0	181223
144	69	79	0	181332
144	77	88	0	181344
128	69	64	0	181571
144	69	68	0	181791
128	77	64	0	181842
128	69	64	0	181944
144	69	74	0	182247
144	77	86	0	182253
128	69	64	0	182490
144	69	62	0	182665
128	77	64	0	182741
128	69	64	0	182785
144	69	79	0	183135
144	77	71	0	183146
128	77	64	0	183287
128	69	64	0	183305
144	88	63	0	183619
144	78	50	0	183626
128	88	64	0	185343
144	61	98	0	185389
128	78	64	0	185389
128	61	64	0	185721
144	61	69	0	185794
144	49	68	0	186215
128	61	64	0	186220
128	49	64	0	186651
144	61	85	0	186674
128	61	64	0	187090
144	62	53	0	187102
128	62	64	0	187304
144	61	80	0	187538
128	61	64	0	187976
144	57	71	0	187998
128	57	64	0	188378
144	56	73	0	188448
128	56	64	0	188918
144	49	75	0	188934
128	49	64	0	189189
144	61	100	0	189349
128	61	64	0	189802
144	49	47	0	189813
144	61	90	0	190231
128	49	64	0	190260
128	61	64	0	190661
144	62	79	0	190661
128	62	64	0	191011
144	61	79	0	191118
128	61	64	0	191461
144	57	72	0	191557
144	56	66	0	192013
128	57	64	0	192041
128	56	64	0	192427
144	61	61	0	192472
144	53	56	0	192480
128	61	64	0	192590
128	53	64	0	192634
144	61	64	0	192913
144	53	46	0	192913
128	61	64	0	193000
128	53	64	0	193018
144	61	65	0	193344
144	53	45	0	193370
128	53	64	0	193656
128	61	64	0	193718
144	53	63	0	193787
144	61	78	0	193787
128	61	64	0	193943
128	53	64	0	194006
144	52	55	0	194216
144	60	53	0	194228
128	60	64	0	194582
128	52	64	0	194582
144	61	65	0	194660
144	53	55	0	194660
128	53	64	0	194906
128	61	64	0	194919
144	52	54	0	195096
144	60	55	0	195106
128	52	64	0	195328
128	60	64	0	195353
144	61	74	0	195543
144	53	60	0	195549
128	53	64	0	195969
144	52	49	0	195998
128	52	64	0	196135
128	61	64	0	196218
144	53	64	0	196437
144	61	75	0	196437
128	53	64	0	196714
144	52	55	0	196893
128	61	64	0	196944
128	52	64	0	197007
144	53	58	0	197321
144	61	68	0	197321
128	53	64	0	197594
128	61	64	0	197627
144	59	54	0	197772
144	52	55	0	197782
128	52	64	0	197995
128	59	64	0	198071
144	61	64	0	198185
144	53	62	0	198193
128	53	64	0	198399
128	61	64	0	198440
144	59	47	0	198631
144	52	51	0	198654
128	52	64	0	198741
128	59	64	0	198814
144	61	63	0	199054
144	53	64	0	199068
144	62	72	0	199180
128	61	64	0	199200
128	53	64	0	199237
144	61	78	0	199501
128	62	64	0	199517
144	52	65	0	199517
128	52	64	0	199590
128	61	64	0	199631
144	53	68	0	199952
144	61	74	0	199952
128	53	64	0	200216
128	61	64	0	200292
144	61	64	0	200476
144	49	38	0	200502
128	49	64	0	200560
128	61	64	0	200561
144	61	66	0	200912
144	53	29	0	200933
128	61	64	0	200993
128	53	64	0	201014
144	49	44	0	201367
144	61	58	0	201411
128	49	64	0	201443
128	61	64	0	201475
144	61	65	0	201816
144	53	45	0	201827
128	61	64	0	201892
128	53	64	0	201908
144	61	67	0	202267
144	49	40	0	202291
128	49	64	0	202497
128	61	64	0	202559
144	61	59	0	202679
144	53	53	0	202679
128	53	64	0	202789
128	61	64	0	202815
144	49	45	0	203172
128	49	64	0	203534
144	61	72	0	203562
144	59	56	0	203583
128	61	64	0	203623
128	59	64	0	203642
144	49	47	0	204067
128	49	64	0	204477
144	61	64	0	204477
128	61	64	0	204898
144	62	60	0	204925
144	49	47	0	204956
128	49	64	0	205030
128	62	64	0	205071
144	61	66	0	205348
144	49	60	0	205384
128	49	64	0	205437
128	61	64	0	205452
144	49	68	0	205818
144	62	53	0	205818
128	49	64	0	206034
128	62	64	0	206218
144	61	63	0	206246
144	49	61	0	206271
128	49	64	0	206339
128	61	64	0	206672
144	62	62	0	206683
144	53	62	0	206691
128	53	64	0	206806
128	62	64	0	206841
144	53	63	0	207094
144	62	58	0	207112
128	53	64	0	207445
128	62	64	0	207477
144	53	58	0	207546
144	62	62	0	207559
128	53	64	0	207675
128	62	64	0	207698
144	62	60	0	208013
144	53	55	0	208013
128	62	64	0	208421
128	53	64	0	208421
144	47	64	0	208432
144	61	60	0	208445
128	47	64	0	208769
128	61	64	0	208809
144	53	62	0	208871
144	62	64	0	208881
128	53	64	0	209170
128	62	64	0	209248
144	47	60	0	209318
144	61	54	0	209318
128	47	64	0	209595
128	61	64	0	209622
144	62	62	0	209793
144	53	65	0	209793
128	53	64	0	210394
128	62	64	0	210434
144	62	58	0	210703
144	53	53	0	210721
128	53	64	0	211258
128	62	64	0	211304
144	53	55	0	211584
144	62	53	0	211591
128	53	64	0	211829
128	62	64	0	211885
144	47	55	0	212017
144	61	63	0	212037
128	47	64	0	212270
128	61	64	0	212318
144	53	58	0	212425
144	62	60	0	212440
128	53	64	0	212657
128	62	64	0	212764
144	61	37	0	212869
144	56	70	0	212875
128	56	64	0	213120
128	61	64	0	213178
144	47	64	0	213338
144	62	54	0	213344
128	47	64	0	213540
128	62	64	0	213583
144	61	60	0	213818
144	52	55	0	213841
128	52	64	0	213909
128	61	64	0	213988
144	61	58	0	214223
144	49	66	0	214228
128	49	64	0	214303
128	61	64	0	214371
144	52	58	0	214641
144	61	68	0	214668
128	52	64	0	214819
128	61	64	0	214827
144	61	69	0	215121
144	49	67	0	215130
128	49	64	0	215434
128	61	64	0	215465
144	52	59	0	215556
144	62	54	0	215562
128	52	64	0	215695
128	62	64	0	215702
144	61	71	0	215988
144	49	70	0	216001
128	49	64	0	216171
128	61	64	0	216205
144	52	63	0	216425
144	62	64	0	216436
128	52	64	0	216579
128	62	64	0	216594
144	61	71	0	216873
144	49	65	0	216894
128	49	64	0	217152
144	52	60	0	217338
128	61	64	0	217493
128	52	64	0	217493
144	61	79	0	217796
144	49	70	0	217805
128	49	64	0	218117
144	52	66	0	218213
128	61	64	0	218300
128	52	64	0	218418
144	61	80	0	218684
144	49	70	0	218700
128	49	64	0	219059
128	61	64	0	219085
144	59	67	0	219132
144	52	62	0	219147
128	52	64	0	219415
128	59	64	0	219427
144	49	69	0	219566
144	61	74	0	219566
128	49	64	0	219844
128	61	64	0	219884
144	52	57	0	220011
144	59	51	0	220021
128	52	64	0	220232
128	59	64	0	220280
144	49	61	0	220432
144	61	66	0	220443
144	59	60	0	220883
144	52	66	0	220915
128	61	64	0	220920
128	49	64	0	220942
128	52	64	0	221166
128	59	64	0	221211
144	52	64	0	221335
144	59	44	0	221350
128	52	64	0	221562
128	59	64	0	221568
144	52	54	0	221757
144	59	51	0	221770
128	52	64	0	221930
128	59	64	0	221930
144	52	56	0	222221
144	59	40	0	222238
128	59	64	0	222390
128	52	64	0	222398
144	61	57	0	222652
144	49	54	0	222670
128	49	64	0	222746
128	61	64	0	222803
144	59	56	0	223125
144	52	36	0	223144
128	59	64	0	223201
128	52	64	0	223208
144	61	67	0	223524
144	49	62	0	223535
128	49	64	0	223688
128	61	64	0	223699
144	52	66	0	223937
144	59	63	0	223966
128	52	64	0	224251
144	49	68	0	224407
128	59	64	0	224447
128	49	64	0	224690
144	59	55	0	224881
144	61	66	0	224897
128	61	64	0	225304
128	59	64	0	225324
144	56	56	0	225331
128	56	64	0	225590
144	61	73	0	225749
144	59	60	0	225749
128	61	64	0	226208
144	53	55	0	226225
128	59	64	0	226225
144	59	49	0	226709
144	61	66	0	226721
128	53	64	0	226883
128	61	64	0	227054
128	59	64	0	227073
144	52	51	0	227138
144	59	47	0	227581
144	61	69	0	227600
128	52	64	0	227609
144	49	62	0	228009
128	61	64	0	228009
128	59	64	0	228035
128	49	64	0	228437
144	56	56	0	228469
144	61	58	0	228482
144	59	46	0	228482
128	61	64	0	228895
144	53	53	0	228901
128	59	64	0	228901
128	56	64	0	228909
144	61	66	0	229323
144	59	56	0	229331
128	53	64	0	229342
144	52	58	0	229349
128	52	64	0	229701
128	61	64	0	229717
128	59	64	0	229723
144	49	61	0	229736
128	49	64	0	230195
144	56	51	0	230231
144	59	45	0	230231
144	61	59	0	230237
128	59	64	0	230624
128	61	64	0	230658
128	56	64	0	230666
144	53	52	0	230698
128	53	64	0	231121
144	61	63	0	231153
144	59	51	0	231158
144	52	53	0	231159
128	61	64	0	231535
128	52	64	0	231542
128	59	64	0	231547
144	49	62	0	231571
128	49	64	0	231970
144	56	59	0	232035
144	61	68	0	232041
144	59	49	0	232041
128	56	64	0	232422
128	59	64	0	232427
128	61	64	0	232433
144	53	55	0	232453
128	53	64	0	232899
144	61	68	0	232913
144	52	60	0	232920
144	59	54	0	232930
128	52	64	0	233278
128	61	64	0	233279
128	59	64	0	233286
144	49	64	0	233330
128	49	64	0	233758
144	56	59	0	233777
144	61	71	0	233798
144	59	59	0	233798
128	59	64	0	234170
128	56	64	0	234170
128	61	64	0	234186
144	53	60	0	234201
128	53	64	0	234676
144	52	65	0	234676
144	61	74	0	234690
144	59	62	0	234702
128	52	64	0	235081
128	61	64	0	235081
128	59	64	0	235081
144	49	67	0	235112
128	49	64	0	235553
144	61	74	0	235572
144	56	73	0	235572
144	59	60	0	235582
128	56	64	0	235962
128	61	64	0	236002
128	59	64	0	236007
144	52	66	0	236031
128	52	64	0	236408
144	53	64	0	236413
144	61	78	0	236435
144	59	66	0	236448
128	53	64	0	236820
144	49	64	0	236827
128	61	64	0	236838
128	59	64	0	236844
128	49	64	0	237320
144	56	67	0	237341
144	59	60	0	237346
144	61	72	0	237351
128	56	64	0	237730
128	61	64	0	237763
144	52	44	0	237777
128	59	64	0	237777
128	52	64	0	238223
144	53	60	0	238241
144	61	72	0	238246
144	59	65	0	238252
128	53	64	0	238655
128	61	64	0	238655
128	59	64	0	238664
144	49	63	0	238685
128	49	64	0	239085
144	61	72	0	239111
144	59	62	0	239111
144	56	55	0	239128
128	56	64	0	239476
128	61	64	0	239516
128	59	64	0	239522
144	52	48	0	239536
128	52	64	0	239985
144	53	60	0	239999
144	61	69	0	240005
144	59	64	0	240005
128	59	64	0	240374
128	53	64	0	240384
128	61	64	0	240384
144	49	59	0	240426
128	49	64	0	240852
144	59	61	0	240895
144	61	68	0	240895
144	56	62	0	240909
128	56	64	0	241241
128	61	64	0	241295
144	52	56	0	241295
128	59	64	0	241301
128	52	64	0	241752
144	53	54	0	241777
144	59	55	0	241796
144	61	64	0	241803
128	53	64	0	242181
144	49	51	0	242226
128	61	64	0	242226
128	59	64	0	242245
128	49	64	0	242612
144	61	48	0	242634
144	59	43	0	242644
128	61	64	0	242711
128	59	64	0	242729
144	49	51	0	243126
144	61	58	0	243136
144	59	44	0	243155
128	61	64	0	243260
128	59	64	0	243273
128	49	64	0	243461
144	56	68	0	243590
144	61	66	0	243607
144	59	44	0	243620
128	56	64	0	243672
128	61	64	0	243677
128	59	64	0	243695
144	53	52	0	244020
144	59	51	0	244037
144	61	62	0	244042
144	52	68	0	244491
128	53	64	0	244497
128	61	64	0	244516
128	59	64	0	244516
128	52	64	0	244636
144	61	56	0	244923
144	53	62	0	244923
144	59	48	0	244937
144	52	55	0	245341
128	53	64	0	245358
128	59	64	0	245686
128	61	64	0	245695
128	52	64	0	245726
144	49	53	0	245732
128	49	64	0	246136
144	61	74	0	246261
144	59	62	0	246272
144	56	69	0	246288
128	56	64	0	246343
144	56	42	0	246430
128	56	64	0	246589
144	49	64	0	246657
128	61	64	0	246689
128	59	64	0	246709
128	49	64	0	246891
144	61	72	0	247108
144	49	66	0	247114
144	59	58	0	247127
128	59	64	0	247542
128	49	64	0	247553
128	61	64	0	247565
144	53	57	0	247572
128	53	64	0	247975
144	61	72	0	248002
144	52	61	0	248002
144	59	61	0	248007
128	52	64	0	248070
128	59	64	0	248080
128	61	64	0	248106
144	53	62	0	248447
144	52	61	0	248873
144	61	75	0	248893
144	59	66	0	248893
128	53	64	0	248898
128	52	64	0	249330
144	53	71	0	249337
128	61	64	0	249353
128	59	64	0	249353
128	53	64	0	249776
144	61	70	0	249794
144	59	59	0	249807
144	49	60	0	249815
144	56	56	0	249815
128	49	64	0	250061
128	56	64	0	250128
128	59	64	0	250153
128	61	64	0	250170
144	53	55	0	250181
144	61	74	0	250649
144	59	62	0	250656
144	49	61	0	250689
144	56	65	0	250696
128	53	64	0	250696
128	49	64	0	251020
128	56	64	0	251020
144	52	59	0	251067
128	61	64	0	251073
128	59	64	0	251073
128	52	64	0	251478
144	53	55	0	251502
144	61	70	0	251513
144	59	53	0	251532
128	61	64	0	251932
128	59	64	0	251947
128	53	64	0	251958
144	52	62	0	251965
144	59	63	0	252424
128	52	64	0	252424
144	53	70	0	252434
144	61	68	0	252434
128	53	64	0	252827
144	52	60	0	252848
128	61	64	0	252989
128	59	64	0	253000
128	52	64	0	253247
144	53	60	0	253272
144	59	66	0	253292
144	61	75	0	253292
128	53	64	0	253684
128	59	64	0	253716
128	61	64	0	253722
144	56	34	0	253745
144	49	63	0	253766
128	49	64	0	254124
128	56	64	0	254124
144	61	64	0	254160
144	53	60	0	254181
144	59	59	0	254181
128	59	64	0	254591
128	53	64	0	254591
128	61	64	0	254591
144	52	55	0	254626
144	53	54	0	255094
128	52	64	0	255094
144	59	58	0	255103
144	61	68	0	255110
128	61	64	0	255496
128	59	64	0	255496
128	53	64	0	255506
144	56	63	0	255545
128	56	64	0	255809
144	53	47	0	255949
144	61	70	0	255988
144	49	72	0	255988
144	59	66	0	256003
128	49	64	0	256044
128	53	64	0	256116
128	61	64	0	256208
128	59	64	0	256208
144	50	85	0	256314
144	61	31	0	256362
144	49	79	0	256413
128	50	64	0	256447
128	61	64	0	256550
128	49	64	0	256687
144	49	46	0	256829
144	61	64	0	256880
144	59	56	0	256886
128	49	64	0	257145
144	49	58	0	257319
128	59	64	0	257327
128	61	64	0	257346
144	61	60	0	257524
128	49	64	0	257551
144	59	31	0	257556
128	61	64	0	257583
128	59	64	0	257616
144	61	60	0	257756
144	59	32	0	257793
144	49	66	0	257815
128	61	64	0	257822
128	59	64	0	257864
128	49	64	0	257920
144	61	61	0	257990
144	59	40	0	257996
128	61	64	0	258057
128	59	64	0	258082
144	53	64	0	258216
144	59	58	0	258240
144	61	31	0	258266
128	59	64	0	258318
128	61	64	0	258323
128	53	64	0	258361
144	49	59	0	258692
144	61	58	0	258692
144	59	40	0	258712
128	61	64	0	258774
128	49	64	0	258774
128	59	64	0	258800
144	53	54	0	259108
144	61	58	0	259126
144	59	51	0	259132
128	59	64	0	259356
128	53	64	0	259367
128	61	64	0	259569
144	49	56	0	259578
144	60	45	0	259595
128	49	64	0	259796
128	60	64	0	259982
144	61	59	0	259992
144	53	62	0	260047
128	53	64	0	260276
144	49	65	0	260478
128	61	64	0	260553
144	59	59	0	260583
128	49	64	0	260589
144	61	53	0	260654
128	59	64	0	260661
128	61	64	0	260749
144	59	62	0	260770
144	61	69	0	260864
144	53	63	0	260871
128	59	64	0	260879
128	53	64	0	261082
128	61	64	0	261295
144	49	65	0	261344
144	57	20	0	261405
144	59	17	0	261425
128	49	64	0	261443
128	59	64	0	261489
128	57	64	0	261502
144	61	65	0	261527
128	61	64	0	261628
144	59	60	0	261649
144	57	51	0	261750
128	59	64	0	261772
144	53	66	0	261777
128	53	64	0	261980
144	49	71	0	262239
128	57	64	0	262274
144	56	76	0	262282
128	49	64	0	262377
128	56	64	0	262432
144	57	64	0	262665
144	53	62	0	262684
128	53	64	0	263034
128	57	64	0	263080
144	49	47	0	263100
144	56	56	0	263106
128	49	64	0	263439
128	56	64	0	263519
144	53	48	0	263539
144	57	51	0	263548
128	53	64	0	263875
128	57	64	0	263916
144	53	49	0	264007
144	57	68	0	264016
128	53	64	0	264258
128	57	64	0	264287
144	53	71	0	264431
144	57	58	0	264441
128	53	64	0	264695
128	57	64	0	264737
144	57	68	0	264893
144	53	69	0	264898
128	53	64	0	265244
128	57	64	0	265275
144	56	63	0	265317
144	49	59	0	265324
128	56	64	0	265731
144	57	50	0	265737
128	49	64	0	265737
144	53	56	0	265760
128	53	64	0	266154
128	57	64	0	266175
144	49	47	0	266200
144	56	58	0	266200
128	49	64	0	266594
128	56	64	0	266615
144	53	60	0	266630
144	57	51	0	266650
128	53	64	0	267488
128	57	64	0	267514
144	57	67	0	267602
144	53	55	0	267602
128	53	64	0	268380
128	57	64	0	268416
144	53	63	0	268566
144	57	73	0	268572
128	57	64	0	268812
128	53	64	0	268823
144	56	73	0	268943
144	49	59	0	268957
128	49	64	0	269270
128	56	64	0	269296
144	53	59	0	269365
144	57	58	0	269386
128	53	64	0	269661
128	57	64	0	269707
144	56	57	0	269809
144	49	59	0	269827
128	49	64	0	270213
128	56	64	0	270224
144	57	58	0	270243
144	53	51	0	270252
128	57	64	0	270432
128	53	64	0	270437
144	49	58	0	270738
144	56	53	0	270743
128	49	64	0	270802
128	56	64	0	270807
144	56	61	0	271179
144	49	61	0	271191
128	49	64	0	271296
128	56	64	0	271614
144	49	53	0	271637
128	49	64	0	271720
144	56	61	0	271794
128	56	64	0	271860
144	49	63	0	272049
144	56	65	0	272061
128	56	64	0	272112
128	49	64	0	272131
144	56	59	0	272226
128	56	64	0	272343
144	49	63	0	272432
144	57	64	0	272456
128	49	64	0	272507
128	57	64	0	272550
144	56	51	0	272619
128	56	64	0	272686
144	56	61	0	272852
144	49	64	0	272886
128	56	64	0	272910
128	49	64	0	272957
144	56	64	0	273082
128	56	64	0	273140
144	49	75	0	273330
144	57	64	0	273338
128	49	64	0	273518
144	56	60	0	273572
128	57	64	0	273583
128	56	64	0	273628
144	49	66	0	273792
144	56	75	0	273792
128	56	64	0	273845
128	49	64	0	273845
144	56	70	0	273997
128	56	64	0	274111
144	52	60	0	274216
144	56	63	0	274315
128	52	64	0	274326
128	56	64	0	274363
144	56	65	0	274442
128	56	64	0	274530
144	53	65	0	274603
128	53	64	0	274845
144	56	64	0	274853
128	56	64	0	275031
144	52	73	0	275113
144	56	75	0	275202
128	52	64	0	275250
128	56	64	0	275259
144	56	63	0	275510
128	56	64	0	275563
144	53	69	0	275571
128	53	64	0	275780
144	56	63	0	275805
128	56	64	0	276013
144	52	66	0	276054
144	56	65	0	276105
128	52	64	0	276187
128	56	64	0	276211
144	56	60	0	276458
144	53	62	0	276518
128	56	64	0	276518
144	56	64	0	276754
128	56	64	0	276848
128	53	64	0	276875
144	52	64	0	276968
144	56	67	0	277043
128	52	64	0	277079
128	56	64	0	277103
144	56	72	0	277355
144	53	55	0	277363
128	56	64	0	277443
128	53	64	0	277501
144	56	60	0	277618
128	56	64	0	277697
144	53	60	0	277819
128	53	64	0	277996
144	57	52	0	278010
128	57	64	0	278163
144	53	58	0	278249
128	53	64	0	278345
144	57	33	0	278442
128	57	64	0	278569
144	53	62	0	278684
128	53	64	0	278803
144	57	53	0	278847
128	57	64	0	278952
144	53	69	0	279115
144	57	66	0	279241
128	57	64	0	279303
128	53	64	0	279347
144	57	46	0	279470
128	57	64	0	279541
144	56	79	0	279541
144	52	72	0	279561
128	52	64	0	279755
128	56	64	0	279835
144	53	64	0	279963
144	57	62	0	279972
128	53	64	0	280104
128	57	64	0	280104
144	56	66	0	280396
144	52	72	0	280414
128	56	64	0	280542
128	52	64	0	280564
144	57	51	0	280836
144	53	59	0	280836
128	53	64	0	281090
144	53	63	0	281321
128	57	64	0	281372
128	53	64	0	281693
144	57	64	0	281800
144	53	54	0	282204
128	57	64	0	282225
128	53	64	0	282644
144	57	57	0	282726
128	57	64	0	283042
144	52	54	0	283143
144	56	59	0	283156
128	52	64	0	283391
128	56	64	0	283401
144	53	55	0	283590
144	57	49	0	283601
128	53	64	0	283820
128	57	64	0	283886
144	53	60	0	284054
144	60	29	0	284085
144	62	25	0	284096
128	60	64	0	284147
128	62	64	0	284178
128	53	64	0	284206
144	62	46	0	284278
128	62	64	0	284468
144	57	47	0	284509
144	53	59	0	284520
128	53	64	0	284666
128	57	64	0	284713
144	56	59	0	284969
144	49	61	0	284991
128	56	64	0	285033
128	49	64	0	285046
144	49	60	0	285407
144	56	67	0	285414
128	49	64	0	285644
128	56	64	0	285743
144	49	54	0	285818
144	56	59	0	285831
128	49	64	0	285905
128	56	64	0	285957
144	49	59	0	286244
144	56	70	0	286244
128	56	64	0	286365
128	49	64	0	286513
144	56	42	0	286613
144	50	64	0	286686
144	57	62	0	286704
128	56	64	0	286709
128	50	64	0	287078
128	57	64	0	287113
144	49	60	0	287140
144	56	65	0	287145
128	56	64	0	287261
128	49	64	0	287309
144	57	66	0	287546
144	50	59	0	287567
128	50	64	0	287843
128	57	64	0	287875
144	49	58	0	287987
144	56	58	0	288018
128	49	64	0	288088
144	49	60	0	288460
128	56	64	0	288482
128	49	64	0	288551
144	56	73	0	288915
144	49	59	0	289366
128	56	64	0	289395
128	49	64	0	289714
144	56	63	0	289791
128	56	64	0	289888
144	56	31	0	290199
144	57	54	0	290233
144	50	49	0	290240
128	56	64	0	290264
128	57	64	0	290572
128	50	64	0	290601
144	56	59	0	290691
144	49	49	0	290691
128	49	64	0	291040
128	56	64	0	291069
144	50	54	0	291128
144	57	48	0	291134
128	50	64	0	291462
128	57	64	0	291486
144	49	29	0	291555
144	56	47	0	291555
128	49	64	0	291894
144	50	45	0	292000
128	56	64	0	292000
144	57	51	0	292017
128	50	64	0	292350
128	57	64	0	292378
144	50	60	0	292445
144	57	62	0	292467
128	50	64	0	292609
128	57	64	0	292676
144	57	64	0	292892
144	50	68	0	292901
128	50	64	0	293201
128	57	64	0	293216
144	50	60	0	293364
144	57	44	0	293388
128	57	64	0	293585
128	50	64	0	293585
144	54	64	0	293794
144	47	57	0	293828
128	54	64	0	294174
128	47	64	0	294188
144	57	56	0	294236
144	50	56	0	294242
128	57	64	0	294485
128	50	64	0	294491
144	54	49	0	294680
144	47	45	0	294697
128	54	64	0	295041
128	47	64	0	295054
144	50	53	0	295154
144	57	54	0	295175
128	50	64	0	295928
128	57	64	0	295947
144	50	65	0	296060
144	57	64	0	296071
128	50	64	0	296322
128	57	64	0	296380
144	50	58	0	296949
144	57	61	0	296949
128	50	64	0	297303
128	57	64	0	297333
144	47	52	0	297365
144	54	57	0	297382
128	47	64	0	297781
128	54	64	0	297792
144	50	62	0	297800
144	57	60	0	297808
128	50	64	0	298191
128	57	64	0	298199
144	54	53	0	298243
144	47	44	0	298269
128	47	64	0	298616
128	54	64	0	298628
144	50	36	0	298685
144	57	24	0	298690
144	49	61	0	299126
144	56	66	0	299127
128	50	64	0	299143
128	57	64	0	299155
128	49	64	0	299468
128	56	64	0	299485
144	49	63	0	299559
144	56	47	0	299600
128	49	64	0	299626
128	56	64	0	299667
144	56	60	0	300056
144	49	59	0	300084
128	49	64	0	300419
128	56	64	0	300430
144	49	64	0	300507
144	56	73	0	300507
128	49	64	0	300638
128	56	64	0	300655
144	57	52	0	300944
144	50	45	0	300944
128	50	64	0	301360
144	49	55	0	301378
128	57	64	0	301378
144	56	67	0	301386
128	49	64	0	301796
128	56	64	0	301807
144	57	51	0	301837
144	50	44	0	301848
128	50	64	0	302268
128	57	64	0	302275
144	56	64	0	302302
144	49	45	0	302302
128	56	64	0	303047
128	49	64	0	303047
144	56	62	0	303135
144	49	59	0	303135
128	56	64	0	303931
128	49	64	0	303945
144	49	60	0	304040
144	56	58	0	304040
128	49	64	0	304170
128	56	64	0	304170
144	50	56	0	304471
144	57	59	0	304481
144	56	72	0	304897
128	57	64	0	304909
144	49	59	0	304916
128	50	64	0	304935
128	56	64	0	305241
128	49	64	0	305278
144	57	49	0	305384
144	50	47	0	305385
128	50	64	0	305739
128	57	64	0	305768
144	49	51	0	305793
144	56	63	0	305805
128	56	64	0	306041
128	49	64	0	306121
144	57	80	0	306253
144	50	82	0	306271
128	50	64	0	306583
128	57	64	0	306607
144	50	71	0	306695
144	57	66	0	306695
128	57	64	0	306870
128	50	64	0	306870
144	50	77	0	307141
144	57	78	0	307150
128	50	64	0	307327
128	57	64	0	307327
144	57	73	0	307633
144	50	73	0	307633
128	57	64	0	307857
128	50	64	0	307857
144	47	70	0	308064
144	54	75	0	308100
128	54	64	0	308380
128	47	64	0	308404
144	57	70	0	308490
144	50	72	0	308514
128	50	64	0	308770
128	57	64	0	308788
144	47	73	0	308932
144	54	68	0	308932
128	54	64	0	309193
128	47	64	0	309210
144	57	81	0	309379
144	50	75	0	309391
128	57	64	0	309988
128	50	64	0	309988
144	50	62	0	310270
144	57	73	0	310283
128	50	64	0	310865
128	57	64	0	310897
144	50	76	0	311153
144	57	79	0	311165
128	50	64	0	311349
128	57	64	0	311364
144	47	51	0	311602
144	54	71	0	311617
128	54	64	0	311980
128	47	64	0	312015
144	57	65	0	312068
144	50	70	0	312068
128	57	64	0	312377
128	50	64	0	312390
144	54	70	0	312589
144	47	69	0	312589
128	54	64	0	312974
128	47	64	0	312974
144	50	72	0	313183
144	57	64	0	313183
128	50	64	0	313689
144	49	64	0	314545
144	37	67	0	314545
144	56	72	0	314555
144	61	72	0	314555
128	57	64	0	314561
128	49	64	0	318786
128	56	64	0	318816
144	56	53	0	320087
128	37	64	0	320160
144	37	54	0	320512
128	56	64	0	320512
128	61	64	0	320547
128	37	64	0	320917
144	37	60	0	321002
128	37	64	0	321056
144	37	60	0	321358
128	37	64	0	321648
144	37	56	0	321785
128	37	64	0	321945
144	37	38	0	322243
128	37	64	0	322623
144	37	58	0	322711
128	37	64	0	322799
144	37	53	0	323146
128	37	64	0	323454
144	37	55	0	323615
128	37	64	0	324287
144	37	61	0	324446
128	37	64	0	325068
144	37	68	0	325355
128	37	64	0	325521
144	37	73	0	325817
128	37	64	0	326125
144	37	76	0	326285
128	37	64	0	326492
144	37	75	0	326722
128	37	64	0	326953
144	37	80	0	327161
128	37	64	0	327294
144	49	79	0	327593
128	49	64	0	327633
