144	59	64	0	3040
144	56	71	0	3045
128	59	64	0	3347
128	56	64	0	3350
144	64	75	0	3385
144	73	67	0	3396
144	68	68	0	3400
128	68	64	0	3455
128	73	64	0	3462
128	64	64	0	3500
144	56	68	0	3600
144	59	66	0	3603
128	59	64	0	3906
128	56	64	0	3909
144	64	75	0	3936
144	73	67	0	3945
144	68	67	0	3949
128	64	64	0	4053
128	68	64	0	4071
128	73	64	0	4075
144	59	82	0	4121
144	56	80	0	4127
144	64	85	0	4274
144	73	70	0	4291
144	68	70	0	4295
128	56	64	0	4309
128	59	64	0	4320
128	68	64	0	4337
128	73	64	0	4340
128	64	64	0	4357
144	65	85	0	4458
144	68	73	0	4462
144	73	67	0	4467
128	68	64	0	4594
128	73	64	0	4597
128	65	64	0	4603
144	59	80	0	4627
144	56	80	0	4632
144	64	90	0	4799
128	56	64	0	4801
128	59	64	0	4811
144	73	69	0	4815
144	68	67	0	4821
128	68	64	0	4862
128	73	64	0	4865
128	64	64	0	4879
144	68	64	0	4972
144	65	86	0	4975
144	73	66	0	4979
128	68	64	0	5097
128	73	64	0	5107
128	65	64	0	5110
144	59	80	0	5151
144	56	81	0	5155
144	64	89	0	5299
144	73	67	0	5316
144	68	68	0	5325
128	56	64	0	5329
128	59	64	0	5336
128	73	64	0	5367
128	68	64	0	5370
128	64	64	0	5387
144	65	83	0	5486
144	68	60	0	5489
144	73	67	0	5494
128	65	64	0	5610
128	73	64	0	5612
128	68	64	0	5616
144	59	83	0	5652
144	56	85	0	5656
144	64	92	0	5796
144	73	72	0	5822
128	56	64	0	5852
128	59	64	0	5861
128	73	64	0	5869
128	64	64	0	5896
144	65	91	0	5999
144	73	81	0	6001
144	68	82	0	6004
128	68	64	0	6164
128	65	64	0	6166
128	73	64	0	6169
144	56	87	0	6173
144	61	90	0	6181
128	61	64	0	6783
128	56	64	0	6828
144	59	84	0	7226
144	56	67	0	7242
144	54	63	0	7277
128	54	64	0	7391
128	56	64	0	7532
144	64	69	0	7572
128	59	64	0	7575
144	73	63	0	7593
144	68	62	0	7605
128	68	64	0	7661
128	64	64	0	7704
128	73	64	0	7706
144	59	67	0	7764
144	56	70	0	7771
128	59	64	0	8068
144	64	72	0	8087
128	56	64	0	8091
144	68	56	0	8113
144	73	55	0	8116
128	73	64	0	8189
128	68	64	0	8205
128	64	64	0	8218
144	59	83	0	8291
144	56	78	0	8298
144	64	76	0	8435
144	73	62	0	8451
144	68	64	0	8454
128	68	64	0	8502
128	73	64	0	8506
128	64	64	0	8509
128	56	64	0	8515
128	59	64	0	8519
144	65	80	0	8634
144	68	72	0	8636
144	73	56	0	8654
128	73	64	0	8718
128	68	64	0	8755
128	65	64	0	8768
144	59	78	0	8798
144	56	81	0	8802
144	64	81	0	8954
144	73	58	0	8978
144	68	47	0	8998
128	56	64	0	9005
128	59	64	0	9009
128	64	64	0	9016
128	73	64	0	9033
128	68	64	0	9059
144	68	76	0	9126
144	73	52	0	9131
144	65	74	0	9136
128	73	64	0	9260
128	65	64	0	9263
128	68	64	0	9267
144	59	82	0	9306
144	56	81	0	9313
144	64	84	0	9435
144	73	63	0	9451
144	68	55	0	9461
128	73	64	0	9510
128	68	64	0	9513
128	56	64	0	9516
128	59	64	0	9519
128	64	64	0	9534
144	68	53	0	9628
144	65	77	0	9630
144	73	64	0	9634
128	65	64	0	9755
128	68	64	0	9762
128	73	64	0	9766
144	59	83	0	9813
144	56	83	0	9820
144	64	87	0	9952
144	73	67	0	9968
144	68	65	0	9982
128	56	64	0	9986
128	59	64	0	10002
128	73	64	0	10027
128	68	64	0	10029
128	64	64	0	10053
144	68	78	0	10159
144	65	80	0	10167
144	73	76	0	10170
128	73	64	0	10245
128	68	64	0	10275
128	65	64	0	10288
144	56	87	0	10352
144	61	93	0	10355
144	76	91	0	10871
144	65	86	0	10874
144	68	88	0	10894
128	61	64	0	10899
128	56	64	0	10923
128	68	64	0	11260
128	65	64	0	11266
128	76	64	0	11271
144	61	85	0	11352
144	56	71	0	11359
144	77	72	0	11516
144	65	67	0	11520
128	56	64	0	11583
128	61	64	0	11603
128	77	64	0	11606
128	65	64	0	11613
144	77	85	0	11680
144	65	82	0	11684
128	65	64	0	11827
128	77	64	0	11848
144	61	87	0	11854
144	56	81	0	11859
144	77	69	0	11982
144	65	65	0	11994
128	77	64	0	12056
128	65	64	0	12067
128	61	64	0	12120
128	56	64	0	12121
144	77	76	0	12164
144	65	65	0	12175
128	65	64	0	12263
128	77	64	0	12291
144	56	80	0	12347
144	61	89	0	12353
144	80	66	0	12492
144	68	63	0	12496
128	80	64	0	12554
128	68	64	0	12560
128	61	64	0	12631
128	56	64	0	12643
144	68	73	0	12681
144	80	70	0	12692
128	80	64	0	12753
128	68	64	0	12794
144	56	81	0	12865
144	61	83	0	12868
144	77	67	0	13015
144	65	64	0	13018
128	77	64	0	13120
128	65	64	0	13123
128	61	64	0	13125
128	56	64	0	13140
144	77	74	0	13190
144	65	67	0	13202
128	77	64	0	13319
128	65	64	0	13333
144	56	82	0	13370
144	61	86	0	13375
144	68	70	0	13493
144	65	65	0	13497
144	73	60	0	13504
128	68	64	0	13551
128	73	64	0	13561
128	65	64	0	13582
128	61	64	0	13609
128	56	64	0	13619
144	65	71	0	13673
144	73	59	0	13680
144	68	75	0	13684
128	65	64	0	13829
128	73	64	0	13845
128	68	64	0	13849
144	61	86	0	13869
144	56	79	0	13873
144	64	79	0	14037
144	68	66	0	14041
144	73	66	0	14045
128	68	64	0	14103
128	73	64	0	14105
128	64	64	0	14117
128	61	64	0	14133
128	56	64	0	14152
144	64	81	0	14206
144	68	75	0	14210
144	73	66	0	14214
128	64	64	0	14365
128	73	64	0	14378
128	68	64	0	14382
144	61	78	0	14391
144	56	76	0	14400
144	65	80	0	14549
144	73	68	0	14557
144	68	71	0	14561
128	68	64	0	14605
128	73	64	0	14611
128	56	64	0	14631
128	61	64	0	14651
128	65	64	0	14654
144	65	91	0	14718
144	68	79	0	14725
144	73	68	0	14729
128	68	64	0	14877
128	73	64	0	14882
144	61	86	0	14885
128	65	64	0	14888
144	56	79	0	14891
128	61	64	0	15059
128	56	64	0	15100
144	56	83	0	15378
144	59	85	0	15381
144	64	75	0	15573
144	73	58	0	15585
144	68	51	0	15595
128	64	64	0	15621
128	73	64	0	15641
128	68	64	0	15647
128	56	64	0	15657
128	59	64	0	15664
144	68	69	0	15721
144	73	50	0	15731
144	64	69	0	15734
128	64	64	0	15848
128	68	64	0	15858
128	73	64	0	15859
144	59	72	0	15885
144	56	69	0	15901
144	68	54	0	16063
144	64	58	0	16068
144	73	49	0	16071
128	56	64	0	16090
128	59	64	0	16093
128	68	64	0	16121
128	64	64	0	16131
128	73	64	0	16135
144	73	37	0	16253
144	64	62	0	16257
144	68	51	0	16260
128	73	64	0	16358
128	64	64	0	16361
128	68	64	0	16371
144	59	72	0	16393
144	56	68	0	16399
144	64	71	0	16533
144	68	63	0	16553
144	73	55	0	16556
128	68	64	0	16602
128	73	64	0	16610
128	64	64	0	16620
128	59	64	0	16630
128	56	64	0	16632
144	65	80	0	16727
144	68	64	0	16730
144	73	54	0	16733
128	73	64	0	16837
128	68	64	0	16839
128	65	64	0	16858
144	59	66	0	16893
144	56	68	0	16899
144	64	78	0	17014
144	73	54	0	17036
144	68	50	0	17041
128	56	64	0	17063
128	59	64	0	17081
128	68	64	0	17095
128	73	64	0	17096
128	64	64	0	17104
144	68	52	0	17213
144	65	72	0	17218
144	73	48	0	17221
128	73	64	0	17308
128	65	64	0	17329
128	68	64	0	17336
144	59	67	0	17390
144	56	70	0	17398
144	64	78	0	17522
144	73	55	0	17555
128	59	64	0	17587
128	56	64	0	17599
128	73	64	0	17610
128	64	64	0	17626
144	68	56	0	17727
144	73	43	0	17739
144	65	59	0	17742
128	73	64	0	17832
128	65	64	0	17847
128	68	64	0	17859
144	59	67	0	17901
144	56	72	0	17901
128	56	64	0	18042
144	64	79	0	18051
128	59	64	0	18063
144	73	48	0	18091
144	68	48	0	18102
128	64	64	0	18142
128	73	64	0	18158
128	68	64	0	18161
144	68	58	0	18253
144	73	50	0	18256
144	65	71	0	18263
128	65	64	0	18378
128	68	64	0	18385
128	73	64	0	18400
144	56	66	0	18431
144	49	72	0	18440
128	56	64	0	18579
128	49	64	0	18613
144	49	75	0	19467
144	56	75	0	19470
144	61	59	0	19635
144	68	48	0	19648
128	49	64	0	19656
128	56	64	0	19679
128	61	64	0	19686
128	68	64	0	19706
144	68	61	0	19786
144	61	51	0	19790
128	68	64	0	19881
128	61	64	0	19928
144	56	64	0	19966
144	49	59	0	19975
144	61	53	0	20126
128	56	64	0	20134
128	49	64	0	20137
144	68	49	0	20148
128	61	64	0	20186
128	68	64	0	20205
144	68	45	0	20307
144	61	53	0	20310
128	68	64	0	20384
128	61	64	0	20394
144	49	63	0	20461
144	59	62	0	20468
144	56	59	0	20478
144	64	72	0	20637
144	68	57	0	20659
128	59	64	0	20678
128	56	64	0	20682
128	49	64	0	20695
128	68	64	0	20708
128	64	64	0	20747
144	68	43	0	20822
144	64	77	0	20830
128	68	64	0	20933
128	64	64	0	20939
144	59	65	0	20976
144	49	65	0	20979
144	56	63	0	20985
144	64	62	0	21125
144	68	59	0	21138
128	56	64	0	21140
128	49	64	0	21150
128	59	64	0	21152
128	68	64	0	21188
128	64	64	0	21196
144	68	60	0	21326
144	64	65	0	21329
128	68	64	0	21413
128	64	64	0	21415
144	59	72	0	21469
144	49	67	0	21475
144	56	64	0	21479
128	56	64	0	21646
144	64	80	0	21650
128	49	64	0	21659
128	59	64	0	21662
144	68	72	0	21665
128	68	64	0	21717
128	64	64	0	21754
144	68	66	0	21799
144	65	80	0	21827
128	68	64	0	21875
128	65	64	0	21933
144	59	71	0	21976
144	49	70	0	21979
144	56	65	0	21986
144	64	83	0	22118
144	68	76	0	22128
128	49	64	0	22133
128	56	64	0	22136
128	59	64	0	22153
128	68	64	0	22174
128	64	64	0	22195
144	65	86	0	22324
144	68	77	0	22333
128	68	64	0	22448
128	65	64	0	22462
144	59	79	0	22470
144	49	72	0	22476
144	56	71	0	22480
128	56	64	0	22618
128	49	64	0	22629
144	62	75	0	22639
128	59	64	0	22647
144	68	64	0	22658
128	62	64	0	22690
128	68	64	0	22703
144	68	70	0	22786
144	62	77	0	22798
128	62	64	0	22904
128	68	64	0	22936
144	59	81	0	22969
144	49	72	0	22976
144	56	68	0	22985
144	61	86	0	22990
144	68	78	0	23001
128	56	64	0	23040
128	68	64	0	23051
128	59	64	0	23090
128	49	64	0	23096
128	61	64	0	23098
144	49	81	0	23465
144	59	86	0	23468
144	56	78	0	23471
128	56	64	0	23617
144	64	67	0	23623
144	68	64	0	23629
128	59	64	0	23642
128	49	64	0	23660
128	68	64	0	23670
128	64	64	0	23675
144	64	70	0	23790
144	68	44	0	23803
128	68	64	0	23864
128	64	64	0	23892
144	59	65	0	23968
144	49	65	0	23970
144	56	58	0	23980
128	56	64	0	24037
128	49	64	0	24054
128	59	64	0	24070
144	68	60	0	24105
144	64	55	0	24110
128	68	64	0	24151
128	64	64	0	24173
144	64	55	0	24269
144	68	48	0	24276
128	68	64	0	24349
128	64	64	0	24357
144	59	69	0	24428
144	49	63	0	24435
144	56	64	0	24440
128	56	64	0	24557
128	49	64	0	24581
128	59	64	0	24584
144	64	75	0	24587
144	68	67	0	24603
128	68	64	0	24644
128	64	64	0	24647
144	68	54	0	24762
144	65	74	0	24774
128	65	64	0	24860
128	68	64	0	24866
144	59	73	0	24923
144	49	70	0	24930
144	56	63	0	24939
128	56	64	0	25024
144	64	77	0	25060
128	59	64	0	25070
128	49	64	0	25073
144	68	72	0	25076
128	68	64	0	25116
128	64	64	0	25119
144	68	67	0	25255
144	65	56	0	25263
128	68	64	0	25353
128	65	64	0	25356
144	59	81	0	25416
144	49	72	0	25423
144	56	68	0	25433
144	64	75	0	25552
144	68	75	0	25565
128	56	64	0	25584
128	49	64	0	25589
128	59	64	0	25598
128	64	64	0	25604
128	68	64	0	25607
144	68	68	0	25735
144	65	65	0	25739
128	68	64	0	25828
128	65	64	0	25837
144	59	80	0	25897
144	49	72	0	25905
144	56	67	0	25912
144	64	78	0	26018
128	56	64	0	26076
128	49	64	0	26079
128	59	64	0	26101
128	64	64	0	26112
144	65	77	0	26227
144	68	77	0	26239
128	65	64	0	26345
128	68	64	0	26348
144	59	83	0	26405
144	49	76	0	26409
144	56	74	0	26418
128	56	64	0	26558
128	49	64	0	26590
128	59	64	0	26592
144	62	69	0	26600
144	68	84	0	26632
128	68	64	0	26680
128	62	64	0	26717
144	68	87	0	26778
144	62	82	0	26781
128	62	64	0	26907
128	68	64	0	26910
144	49	74	0	26989
144	61	99	0	26992
144	59	78	0	26995
144	56	75	0	26999
144	68	67	0	27002
128	56	64	0	27175
128	49	64	0	27183
128	59	64	0	27191
128	68	64	0	27213
128	61	64	0	27223
144	49	73	0	27680
144	59	69	0	27686
144	56	75	0	27701
144	65	62	0	27860
144	76	54	0	27874
128	49	64	0	27916
128	65	64	0	27928
128	56	64	0	27938
128	76	64	0	27944
128	59	64	0	27952
144	76	63	0	28034
144	65	62	0	28043
128	76	64	0	28127
128	65	64	0	28141
144	59	60	0	28225
144	56	58	0	28236
144	49	58	0	28240
144	76	65	0	28251
144	65	58	0	28271
128	56	64	0	28316
128	76	64	0	28320
128	49	64	0	28323
128	65	64	0	28331
128	59	64	0	28361
144	65	54	0	28455
144	76	56	0	28459
128	76	64	0	28518
128	65	64	0	28521
144	76	71	0	28592
144	65	65	0	28600
128	76	64	0	28688
128	65	64	0	28691
144	49	78	0	28784
144	56	74	0	28794
144	59	69	0	28797
144	65	73	0	28976
128	56	64	0	28979
144	76	68	0	28982
128	49	64	0	28985
128	59	64	0	28994
128	65	64	0	29032
128	76	64	0	29033
144	65	76	0	29157
144	77	86	0	29165
128	65	64	0	29244
128	77	64	0	29247
144	49	75	0	29323
144	59	76	0	29329
144	56	74	0	29333
128	56	64	0	29455
128	59	64	0	29475
128	49	64	0	29482
144	65	83	0	29492
144	76	81	0	29495
128	76	64	0	29541
128	65	64	0	29554
144	65	76	0	29660
144	77	85	0	29677
128	77	64	0	29772
128	65	64	0	29779
144	49	76	0	29841
144	59	75	0	29851
144	56	75	0	29853
128	56	64	0	29983
128	49	64	0	29993
128	59	64	0	29995
144	65	78	0	30017
144	76	74	0	30021
128	76	64	0	30069
128	65	64	0	30077
144	77	83	0	30185
144	65	64	0	30189
128	65	64	0	30285
128	77	64	0	30295
144	49	75	0	30363
144	59	75	0	30366
144	56	69	0	30373
128	56	64	0	30498
128	59	64	0	30504
128	49	64	0	30510
144	76	77	0	30521
144	65	54	0	30535
128	76	64	0	30567
128	65	64	0	30602
144	65	65	0	30695
144	77	82	0	30702
128	77	64	0	30818
128	65	64	0	30835
144	49	79	0	30883
144	59	84	0	30885
144	56	79	0	30889
128	56	64	0	31025
144	65	74	0	31030
144	74	68	0	31032
128	49	64	0	31047
128	59	64	0	31063
128	65	64	0	31089
128	74	64	0	31091
144	74	68	0	31179
144	65	65	0	31200
128	74	64	0	31293
128	65	64	0	31295
144	65	81	0	31405
144	49	76	0	31409
144	59	77	0	31412
144	56	73	0	31415
144	73	84	0	31419
128	56	64	0	31484
128	73	64	0	31492
128	65	64	0	31506
128	59	64	0	31524
128	49	64	0	31534
144	49	81	0	31916
144	59	86	0	31920
144	56	80	0	31924
144	71	79	0	32066
144	65	54	0	32090
128	56	64	0	32118
128	71	64	0	32121
128	59	64	0	32133
128	49	64	0	32139
128	65	64	0	32165
144	71	73	0	32238
144	65	64	0	32245
128	65	64	0	32321
128	71	64	0	32350
144	59	80	0	32430
144	49	72	0	32431
144	56	73	0	32435
128	56	64	0	32574
128	49	64	0	32581
144	71	80	0	32591
128	59	64	0	32595
144	65	71	0	32600
128	71	64	0	32641
128	65	64	0	32650
144	65	67	0	32752
144	71	71	0	32754
128	71	64	0	32873
128	65	64	0	32888
144	49	79	0	32931
144	59	81	0	32934
144	56	76	0	32938
128	56	64	0	33087
128	49	64	0	33096
128	59	64	0	33100
144	68	82	0	33111
144	64	75	0	33114
128	68	64	0	33152
128	64	64	0	33160
144	65	83	0	33274
144	68	78	0	33284
128	68	64	0	33365
128	65	64	0	33376
144	59	77	0	33456
144	49	74	0	33460
144	56	76	0	33463
128	56	64	0	33592
144	64	81	0	33600
128	49	64	0	33611
144	68	73	0	33614
128	59	64	0	33624
128	64	64	0	33652
128	68	64	0	33654
144	65	83	0	33775
144	68	64	0	33778
128	65	64	0	33889
128	68	64	0	33892
144	59	80	0	33974
144	49	74	0	33976
144	56	76	0	33981
144	68	84	0	34109
128	56	64	0	34112
144	64	75	0	34116
128	49	64	0	34122
128	59	64	0	34139
128	68	64	0	34150
128	64	64	0	34161
144	69	86	0	34277
144	65	85	0	34282
128	65	64	0	34385
128	69	64	0	34391
144	59	84	0	34443
144	49	73	0	34453
144	56	76	0	34456
144	64	87	0	34592
128	56	64	0	34594
144	68	82	0	34606
128	49	64	0	34612
128	59	64	0	34626
128	68	64	0	34647
128	64	64	0	34651
144	69	87	0	34773
144	65	85	0	34776
128	69	64	0	34897
128	65	64	0	34902
144	59	87	0	34945
144	49	80	0	34948
144	56	79	0	34954
128	56	64	0	35083
144	64	88	0	35087
144	68	85	0	35091
128	49	64	0	35102
128	59	64	0	35110
128	68	64	0	35147
128	64	64	0	35155
144	65	91	0	35275
144	62	90	0	35278
128	65	64	0	35369
128	62	64	0	35371
144	64	106	0	35474
144	61	100	0	35483
144	49	83	0	35496
144	59	78	0	35504
144	56	79	0	35508
128	56	64	0	35650
128	49	64	0	35677
128	59	64	0	35679
128	61	64	0	35697
128	64	64	0	35730
144	49	87	0	35999
144	59	90	0	36005
144	56	85	0	36009
144	65	64	0	36133
144	61	74	0	36143
128	61	64	0	36220
128	56	64	0	36223
128	49	64	0	36228
128	59	64	0	36236
128	65	64	0	36254
144	65	71	0	36329
144	61	68	0	36341
128	61	64	0	36470
128	65	64	0	36491
144	59	81	0	36494
144	49	76	0	36497
144	56	72	0	36506
144	65	74	0	36652
144	61	67	0	36676
128	61	64	0	36721
128	59	64	0	36749
128	56	64	0	36755
128	65	64	0	36763
128	49	64	0	36769
144	61	51	0	36823
144	65	68	0	36826
128	61	64	0	36978
144	59	84	0	36992
144	49	78	0	36996
144	56	76	0	37000
128	65	64	0	37003
144	65	81	0	37159
144	61	79	0	37170
128	56	64	0	37222
128	59	64	0	37235
128	49	64	0	37250
144	67	79	0	37269
128	65	64	0	37309
128	67	64	0	37390
128	61	64	0	37428
144	49	80	0	37475
144	59	82	0	37480
144	56	80	0	37490
144	61	73	0	37504
144	68	94	0	37518
128	56	64	0	37673
128	68	64	0	37679
128	59	64	0	37683
128	49	64	0	37685
128	61	64	0	37687
144	49	83	0	37985
144	56	82	0	37990
144	59	87	0	37994
144	65	85	0	38110
144	61	63	0	38149
128	61	64	0	38198
128	65	64	0	38229
128	56	64	0	38238
128	59	64	0	38250
128	49	64	0	38255
144	65	74	0	38302
144	61	50	0	38305
128	61	64	0	38456
128	65	64	0	38458
144	59	68	0	38485
144	49	68	0	38488
144	56	68	0	38491
144	65	68	0	38658
144	61	63	0	38678
128	56	64	0	38691
128	49	64	0	38693
128	59	64	0	38703
128	61	64	0	38726
128	65	64	0	38749
144	65	69	0	38838
144	61	51	0	38844
128	61	64	0	38956
128	65	64	0	38968
144	59	80	0	38997
144	49	74	0	39000
144	56	73	0	39003
144	65	65	0	39140
144	61	67	0	39163
128	49	64	0	39209
128	56	64	0	39211
128	59	64	0	39222
144	67	77	0	39289
128	65	64	0	39299
128	67	64	0	39399
128	61	64	0	39408
144	61	68	0	39492
144	49	81	0	39498
144	59	86	0	39501
144	56	79	0	39505
144	68	85	0	39509
128	49	64	0	39643
128	61	64	0	39650
128	56	64	0	39653
128	59	64	0	39655
128	68	64	0	39677
144	49	76	0	40002
144	59	76	0	40005
144	56	71	0	40009
144	68	64	0	40164
144	61	51	0	40178
128	68	64	0	40210
128	61	64	0	40240
128	49	64	0	40262
128	59	64	0	40275
128	56	64	0	40280
144	68	55	0	40305
144	61	74	0	40308
128	61	64	0	40358
128	68	64	0	40361
144	49	77	0	40495
144	59	80	0	40499
144	56	74	0	40502
144	71	68	0	40647
128	56	64	0	40701
128	71	64	0	40706
128	49	64	0	40709
128	59	64	0	40727
144	71	66	0	40804
144	61	70	0	40808
128	71	64	0	40926
128	61	64	0	40953
144	49	70	0	41028
144	59	66	0	41030
144	56	65	0	41038
144	68	63	0	41176
144	61	48	0	41204
128	56	64	0	41208
128	59	64	0	41229
128	68	64	0	41232
128	49	64	0	41235
128	61	64	0	41266
144	61	67	0	41342
144	68	58	0	41346
128	68	64	0	41438
128	61	64	0	41454
144	49	70	0	41509
144	59	67	0	41511
144	56	63	0	41522
144	71	71	0	41677
144	61	63	0	41685
128	49	64	0	41708
128	56	64	0	41728
128	71	64	0	41738
128	61	64	0	41741
128	59	64	0	41743
144	71	59	0	41850
144	61	59	0	41853
128	61	64	0	41953
128	71	64	0	41959
144	49	76	0	42023
144	59	73	0	42029
144	56	73	0	42032
144	71	75	0	42173
144	61	72	0	42180
128	56	64	0	42182
128	59	64	0	42198
128	49	64	0	42203
128	71	64	0	42226
128	61	64	0	42229
144	72	85	0	42374
128	72	64	0	42483
144	49	74	0	42535
144	59	72	0	42544
144	56	73	0	42551
144	71	81	0	42719
128	56	64	0	42742
128	59	64	0	42770
128	49	64	0	42774
128	71	64	0	42781
144	72	85	0	42885
128	72	64	0	42997
144	49	78	0	43062
144	59	79	0	43069
144	56	69	0	43082
144	71	79	0	43229
128	59	64	0	43298
128	56	64	0	43300
128	49	64	0	43306
144	72	58	0	43346
128	71	64	0	43398
144	59	84	0	43560
144	56	80	0	43563
144	49	76	0	43569
144	73	87	0	43580
128	72	64	0	43616
128	59	64	0	43704
128	49	64	0	43721
128	73	64	0	43736
128	56	64	0	43739
144	56	85	0	44060
144	49	80	0	44064
144	59	85	0	44067
144	73	76	0	44198
128	56	64	0	44239
128	59	64	0	44245
128	49	64	0	44261
128	73	64	0	44280
144	75	70	0	44374
128	75	64	0	44426
144	76	79	0	44555
144	59	82	0	44568
144	49	75	0	44577
144	56	68	0	44589
128	56	64	0	44646
128	76	64	0	44668
128	49	64	0	44675
128	59	64	0	44691
144	75	67	0	44735
128	75	64	0	44793
144	73	71	0	44923
128	73	64	0	44975
144	59	83	0	45072
144	49	75	0	45075
144	56	76	0	45079
128	49	64	0	45170
128	59	64	0	45189
128	56	64	0	45194
144	73	75	0	45244
128	73	64	0	45363
144	71	69	0	45384
128	71	64	0	45522
144	69	74	0	45568
144	59	73	0	45586
144	49	72	0	45589
144	56	69	0	45593
128	49	64	0	45672
128	56	64	0	45682
128	59	64	0	45706
128	69	64	0	45715
144	68	73	0	45763
128	68	64	0	45922
144	59	79	0	46060
144	49	79	0	46063
144	56	73	0	46066
128	49	64	0	46224
128	56	64	0	46228
128	59	64	0	46239
144	73	73	0	46243
128	73	64	0	46349
144	75	67	0	46401
128	75	64	0	46467
144	59	71	0	46578
144	49	70	0	46581
144	56	66	0	46585
144	76	81	0	46595
128	56	64	0	46725
128	49	64	0	46730
128	59	64	0	46741
128	76	64	0	46763
144	75	59	0	46776
128	75	64	0	46939
144	73	81	0	46941
128	73	64	0	47112
144	49	79	0	47119
144	56	81	0	47122
144	59	80	0	47124
128	56	64	0	47269
128	49	64	0	47273
128	59	64	0	47275
144	73	73	0	47310
144	72	71	0	47444
128	73	64	0	47462
144	56	74	0	47609
144	49	72	0	47613
144	59	74	0	47615
128	72	64	0	47623
144	71	74	0	47629
128	56	64	0	47746
128	59	64	0	47755
128	49	64	0	47759
144	69	65	0	47789
128	71	64	0	47804
144	68	82	0	47964
128	69	64	0	47989
128	68	64	0	48064
144	59	87	0	48129
144	49	75	0	48132
144	56	77	0	48136
128	56	64	0	48289
128	59	64	0	48291
128	49	64	0	48296
144	73	73	0	48347
128	73	64	0	48399
144	75	62	0	48492
128	75	64	0	48550
144	59	80	0	48670
144	49	74	0	48674
144	76	76	0	48678
144	56	70	0	48681
128	56	64	0	48790
128	59	64	0	48800
128	49	64	0	48821
128	76	64	0	48845
144	75	61	0	48877
128	75	64	0	49033
144	73	77	0	49039
128	73	64	0	49163
144	59	79	0	49195
144	49	73	0	49198
144	56	74	0	49203
128	59	64	0	49326
128	56	64	0	49330
128	49	64	0	49333
144	73	71	0	49378
128	73	64	0	49523
144	72	65	0	49525
128	72	64	0	49684
144	56	70	0	49688
144	49	66	0	49694
144	71	72	0	49697
144	59	71	0	49701
128	49	64	0	49829
128	59	64	0	49838
128	56	64	0	49841
144	69	64	0	49868
128	71	64	0	49890
128	69	64	0	50020
144	68	71	0	50025
128	68	64	0	50172
144	59	71	0	50192
144	49	67	0	50195
144	56	70	0	50199
144	66	71	0	50211
128	66	64	0	50336
128	56	64	0	50343
128	49	64	0	50356
128	59	64	0	50362
144	68	64	0	50379
128	68	64	0	50622
144	65	80	0	50627
144	59	66	0	50690
144	49	65	0	50695
128	65	64	0	50774
144	66	73	0	50782
144	56	63	0	50814
128	49	64	0	50895
128	59	64	0	50916
128	56	64	0	50940
128	66	64	0	50958
144	64	68	0	50995
128	64	64	0	51102
144	65	69	0	51119
128	65	64	0	51274
144	56	76	0	51301
144	49	72	0	51316
144	63	80	0	51320
144	59	69	0	51322
128	63	64	0	51453
144	64	70	0	51483
128	56	64	0	51491
128	49	64	0	51495
128	59	64	0	51506
144	62	60	0	51630
128	64	64	0	51641
144	61	83	0	51833
128	62	64	0	51859
144	56	72	0	51866
144	49	70	0	51874
144	59	72	0	51876
128	61	64	0	52026
128	49	64	0	52029
128	56	64	0	52033
128	59	64	0	52047
144	49	79	0	52362
144	59	81	0	52365
144	56	79	0	52368
128	56	64	0	52492
128	59	64	0	52498
144	61	74	0	52511
144	68	64	0	52518
128	49	64	0	52520
128	61	64	0	52558
128	68	64	0	52564
144	68	64	0	52682
144	61	70	0	52687
128	61	64	0	52770
128	68	64	0	52800
144	59	81	0	52848
144	49	75	0	52851
144	56	74	0	52855
128	49	64	0	53015
128	56	64	0	53023
144	62	69	0	53030
128	59	64	0	53036
144	68	67	0	53039
128	68	64	0	53082
128	62	64	0	53095
144	62	67	0	53194
144	68	61	0	53198
128	68	64	0	53322
128	62	64	0	53325
144	59	78	0	53382
144	56	73	0	53385
144	49	74	0	53388
128	56	64	0	53528
128	59	64	0	53536
128	49	64	0	53547
144	61	74	0	53553
144	68	64	0	53558
128	61	64	0	53595
128	68	64	0	53600
144	61	66	0	53706
144	68	61	0	53715
128	61	64	0	53820
128	68	64	0	53847
144	49	78	0	53859
144	59	82	0	53862
144	56	78	0	53866
128	49	64	0	54010
128	56	64	0	54014
128	59	64	0	54027
144	49	77	0	54395
144	56	79	0	54399
144	59	81	0	54403
128	56	64	0	54574
144	64	84	0	54582
144	68	85	0	54586
128	59	64	0	54588
128	49	64	0	54591
128	68	64	0	54624
128	64	64	0	54639
144	68	88	0	54767
144	65	86	0	54770
128	68	64	0	54865
128	65	64	0	54879
144	49	75	0	54903
144	59	76	0	54906
144	56	74	0	54909
144	64	78	0	55043
144	68	76	0	55053
128	49	64	0	55056
128	56	64	0	55058
128	59	64	0	55061
128	68	64	0	55098
128	64	64	0	55109
144	65	75	0	55241
144	68	84	0	55256
128	68	64	0	55343
128	65	64	0	55363
144	56	77	0	55393
144	59	81	0	55396
144	49	74	0	55399
144	64	76	0	55539
128	49	64	0	55561
128	56	64	0	55567
128	59	64	0	55568
144	68	58	0	55571
128	64	64	0	55607
128	68	64	0	55618
144	64	66	0	55738
144	65	61	0	55744
128	65	64	0	55792
128	64	64	0	55797
144	49	79	0	55916
144	59	76	0	55927
144	56	75	0	55930
144	61	92	0	55950
144	68	87	0	55959
128	61	64	0	56072
128	68	64	0	56077
128	56	64	0	56093
128	59	64	0	56100
128	49	64	0	56103
144	49	79	0	56503
144	59	84	0	56508
144	56	77	0	56512
128	49	64	0	56657
128	56	64	0	56662
128	59	64	0	56674
144	61	68	0	56694
144	68	46	0	56710
128	61	64	0	56738
128	68	64	0	56773
144	61	63	0	56821
144	68	80	0	56838
128	61	64	0	56952
128	68	64	0	56969
144	49	67	0	57000
144	56	62	0	57007
144	59	64	0	57010
128	49	64	0	57172
144	68	57	0	57182
128	56	64	0	57186
144	62	58	0	57189
128	59	64	0	57203
128	68	64	0	57235
128	62	64	0	57260
144	68	61	0	57363
144	62	53	0	57366
128	62	64	0	57500
128	68	64	0	57505
144	59	54	0	57508
144	49	45	0	57534
144	56	43	0	57550
144	68	51	0	57701
144	61	47	0	57719
128	49	64	0	57730
128	56	64	0	57736
128	59	64	0	57755
128	68	64	0	57762
128	61	64	0	57788
144	68	60	0	57855
144	61	69	0	57865
128	61	64	0	57936
128	68	64	0	57969
144	49	61	0	58032
144	56	53	0	58041
144	59	44	0	58049
128	59	64	0	58169
128	56	64	0	58179
128	49	64	0	58188
144	56	76	0	58548
144	59	70	0	58551
144	64	62	0	58738
144	68	70	0	58741
128	56	64	0	58744
128	59	64	0	58750
128	68	64	0	58779
128	64	64	0	58790
144	65	80	0	58899
144	68	68	0	58906
128	65	64	0	59013
128	68	64	0	59017
144	59	70	0	59073
144	56	74	0	59082
144	64	72	0	59191
144	68	69	0	59200
128	56	64	0	59227
128	68	64	0	59247
128	59	64	0	59250
128	64	64	0	59253
144	65	68	0	59395
144	68	74	0	59404
128	68	64	0	59474
128	65	64	0	59511
144	56	78	0	59563
144	59	72	0	59566
144	64	70	0	59708
128	59	64	0	59727
144	68	63	0	59731
128	56	64	0	59733
128	68	64	0	59780
128	64	64	0	59821
144	68	67	0	59919
144	65	64	0	59928
128	68	64	0	59967
128	65	64	0	59989
144	56	74	0	60103
144	65	87	0	60109
144	73	88	0	60112
144	59	65	0	60115
128	59	64	0	60187
128	56	64	0	60202
128	73	64	0	60218
128	65	64	0	60221
144	65	78	0	60650
144	76	82	0	60652
128	76	64	0	60738
128	65	64	0	60745
144	65	80	0	60813
144	76	77	0	60816
128	76	64	0	60880
128	65	64	0	60904
144	65	77	0	60978
144	76	74	0	60981
128	76	64	0	61077
128	65	64	0	61081
144	67	80	0	61181
144	77	81	0	61188
128	77	64	0	61244
128	67	64	0	61270
144	77	72	0	61350
144	67	71	0	61353
128	77	64	0	61432
128	67	64	0	61448
144	77	76	0	61512
144	67	76	0	61523
128	77	64	0	61607
128	67	64	0	61618
144	65	85	0	61720
144	76	74	0	61730
128	76	64	0	61778
128	65	64	0	61802
144	65	79	0	61890
144	76	70	0	61892
128	76	64	0	61982
128	65	64	0	61988
144	76	77	0	62055
144	65	74	0	62058
128	76	64	0	62139
128	65	64	0	62154
144	64	89	0	62264
144	74	81	0	62271
128	64	64	0	62360
128	74	64	0	62378
144	74	86	0	62440
144	64	75	0	62447
128	64	64	0	62543
128	74	64	0	62552
144	64	77	0	62612
144	74	79	0	62617
128	74	64	0	62687
128	64	64	0	62721
144	64	78	0	62809
144	73	84	0	62827
128	73	64	0	62879
128	64	64	0	62909
144	64	87	0	62976
144	73	78	0	62983
128	64	64	0	63073
128	73	64	0	63078
144	73	80	0	63141
144	64	78	0	63149
128	73	64	0	63241
128	64	64	0	63264
144	64	80	0	63341
144	74	85	0	63346
128	74	64	0	63415
128	64	64	0	63445
144	74	72	0	63520
144	64	72	0	63523
128	74	64	0	63593
128	64	64	0	63603
144	74	74	0	63681
144	64	75	0	63699
128	74	64	0	63785
128	64	64	0	63807
144	64	83	0	63882
144	71	81	0	63893
128	71	64	0	63951
128	64	64	0	63967
144	71	80	0	64040
144	64	81	0	64045
128	71	64	0	64137
128	64	64	0	64141
144	71	76	0	64215
144	64	79	0	64223
128	64	64	0	64317
128	71	64	0	64322
144	64	70	0	64432
144	69	82	0	64435
128	69	64	0	64483
128	64	64	0	64496
144	69	82	0	64601
144	64	72	0	64604
128	64	64	0	64693
128	69	64	0	64704
144	64	82	0	64780
144	69	78	0	64787
128	64	64	0	64945
128	69	64	0	64960
144	61	96	0	65000
144	56	79	0	65004
128	61	64	0	65126
144	68	86	0	65144
144	64	75	0	65152
128	56	64	0	65162
128	68	64	0	65190
128	64	64	0	65201
144	64	74	0	65311
144	68	82	0	65314
128	64	64	0	65448
128	68	64	0	65460
144	61	94	0	65492
144	56	83	0	65496
128	56	64	0	65632
128	61	64	0	65645
144	68	79	0	65654
144	64	80	0	65661
128	68	64	0	65699
128	64	64	0	65711
144	64	77	0	65810
144	68	79	0	65818
128	64	64	0	65944
128	68	64	0	65953
144	56	89	0	65980
144	61	87	0	65989
144	64	92	0	66145
128	61	64	0	66153
144	68	78	0	66156
128	56	64	0	66175
128	68	64	0	66197
128	64	64	0	66242
144	65	90	0	66321
144	68	80	0	66327
128	68	64	0	66459
128	65	64	0	66470
144	56	85	0	66496
144	61	86	0	66503
128	56	64	0	66635
144	64	94	0	66637
128	61	64	0	66641
144	68	75	0	66650
128	68	64	0	66690
128	64	64	0	66738
144	68	85	0	66838
144	65	85	0	66841
128	65	64	0	66963
128	68	64	0	66977
144	61	94	0	67008
144	56	79	0	67016
144	64	90	0	67155
128	56	64	0	67158
128	61	64	0	67160
128	64	64	0	67266
144	68	80	0	67330
144	65	86	0	67351
128	68	64	0	67470
128	65	64	0	67478
144	56	85	0	67502
144	59	92	0	67508
144	62	84	0	67668
144	68	72	0	67681
128	59	64	0	67692
128	56	64	0	67707
128	68	64	0	67722
128	62	64	0	67726
144	62	76	0	67812
144	68	67	0	67817
128	62	64	0	67910
128	68	64	0	67921
144	68	75	0	68006
144	61	104	0	68011
144	56	76	0	68026
128	56	64	0	68071
128	68	64	0	68162
128	61	64	0	68191
144	56	100	0	68515
128	56	64	0	68674
144	68	76	0	68680
144	59	74	0	68684
144	61	70	0	68695
128	61	64	0	68743
128	68	64	0	68747
128	59	64	0	68765
144	68	70	0	68854
144	61	70	0	68866
144	59	69	0	68868
128	61	64	0	68993
128	59	64	0	68996
128	68	64	0	68999
144	49	80	0	69028
144	56	86	0	69041
128	56	64	0	69150
128	49	64	0	69167
144	68	67	0	69196
144	59	70	0	69199
144	61	57	0	69210
128	68	64	0	69242
128	59	64	0	69254
128	61	64	0	69262
144	61	60	0	69346
144	68	59	0	69352
144	59	59	0	69364
128	68	64	0	69443
128	59	64	0	69451
128	61	64	0	69476
144	56	80	0	69530
144	49	62	0	69547
128	49	64	0	69604
128	56	64	0	69614
144	68	67	0	69663
144	61	63	0	69667
144	59	60	0	69673
128	68	64	0	69719
128	61	64	0	69724
128	59	64	0	69741
144	68	56	0	69850
144	61	63	0	69855
144	59	58	0	69858
128	68	64	0	69941
128	59	64	0	69959
128	61	64	0	69972
144	55	78	0	69989
144	49	73	0	69994
144	59	70	0	70151
144	68	67	0	70154
144	61	63	0	70158
128	68	64	0	70210
128	61	64	0	70214
128	59	64	0	70241
144	68	57	0	70327
144	61	63	0	70337
128	49	64	0	70339
144	59	58	0	70344
128	55	64	0	70350
128	59	64	0	70452
128	68	64	0	70455
128	61	64	0	70473
144	56	92	0	70534
144	49	72	0	70548
128	49	64	0	70592
128	56	64	0	70622
144	68	76	0	70627
144	59	62	0	70647
128	68	64	0	70668
144	61	40	0	70675
128	59	64	0	70705
128	61	64	0	70725
144	68	67	0	70840
144	61	51	0	70843
144	59	47	0	70865
128	68	64	0	70887
128	61	64	0	70902
128	59	64	0	70934
144	49	86	0	71028
144	53	84	0	71041
144	59	75	0	71167
144	61	72	0	71175
144	68	73	0	71179
128	68	64	0	71224
128	61	64	0	71231
128	59	64	0	71247
144	68	73	0	71363
144	61	68	0	71370
144	59	65	0	71373
128	53	64	0	71501
128	68	64	0	71503
128	59	64	0	71508
128	61	64	0	71516
144	56	87	0	71553
128	49	64	0	71634
128	56	64	0	71651
144	68	79	0	71681
144	61	69	0	71695
144	59	72	0	71698
128	61	64	0	71740
128	68	64	0	71746
128	59	64	0	71751
144	68	70	0	71860
144	61	59	0	71869
144	59	60	0	71874
128	68	64	0	71929
128	59	64	0	71936
128	61	64	0	71939
144	55	94	0	72070
144	49	87	0	72073
144	59	76	0	72232
144	68	76	0	72238
144	61	63	0	72253
128	68	64	0	72285
128	61	64	0	72300
128	59	64	0	72307
144	68	76	0	72428
144	61	61	0	72432
144	59	69	0	72436
128	55	64	0	72558
144	56	95	0	72605
128	68	64	0	72607
128	59	64	0	72617
128	61	64	0	72619
128	49	64	0	72689
128	56	64	0	72699
144	56	102	0	73123
144	49	84	0	73131
144	48	32	0	73220
144	68	80	0	73276
128	48	64	0	73281
144	59	70	0	73284
144	61	67	0	73291
128	68	64	0	73326
128	61	64	0	73339
128	59	64	0	73340
128	49	64	0	73346
144	59	69	0	73433
144	68	76	0	73438
144	61	58	0	73442
128	56	64	0	73452
128	68	64	0	73573
128	59	64	0	73584
128	61	64	0	73606
144	49	85	0	73614
144	56	83	0	73618
144	68	75	0	73759
144	59	58	0	73777
144	61	68	0	73781
128	68	64	0	73804
128	61	64	0	73823
128	59	64	0	73837
128	56	64	0	73864
128	49	64	0	73867
144	68	76	0	73921
144	59	69	0	73925
144	61	56	0	73929
128	61	64	0	74061
128	68	64	0	74063
128	59	64	0	74069
144	49	33	0	74158
144	55	97	0	74180
144	68	76	0	74352
144	59	71	0	74356
144	61	72	0	74363
128	68	64	0	74411
128	61	64	0	74420
128	59	64	0	74440
144	68	80	0	74545
144	59	74	0	74548
144	61	78	0	74552
128	55	64	0	74670
128	59	64	0	74695
144	56	86	0	74698
128	68	64	0	74707
128	61	64	0	74709
128	56	64	0	74791
128	49	64	0	74815
144	59	66	0	74875
144	68	76	0	74878
144	61	62	0	74893
128	68	64	0	74917
128	59	64	0	74933
128	61	64	0	74941
144	61	68	0	75017
144	59	70	0	75024
144	68	70	0	75028
128	61	64	0	75136
128	59	64	0	75139
128	68	64	0	75152
144	49	86	0	75208
144	53	88	0	75212
144	68	80	0	75384
144	59	78	0	75387
144	61	67	0	75407
128	61	64	0	75455
128	68	64	0	75463
128	59	64	0	75476
144	68	74	0	75573
144	61	70	0	75577
144	59	70	0	75580
144	56	96	0	75709
128	59	64	0	75713
128	68	64	0	75716
128	61	64	0	75735
128	53	64	0	75754
128	56	64	0	75826
128	49	64	0	75846
144	59	74	0	75881
144	68	80	0	75884
144	61	64	0	75897
128	68	64	0	75927
128	61	64	0	75942
128	59	64	0	75946
144	61	68	0	76025
144	68	68	0	76037
144	59	69	0	76040
128	68	64	0	76118
128	59	64	0	76128
128	61	64	0	76135
144	49	81	0	76218
144	55	87	0	76222
144	68	78	0	76385
144	59	71	0	76390
144	61	67	0	76399
128	68	64	0	76430
128	61	64	0	76445
128	59	64	0	76448
144	61	63	0	76551
144	68	76	0	76555
144	59	72	0	76558
128	68	64	0	76683
128	59	64	0	76696
128	61	64	0	76704
144	56	97	0	76708
128	55	64	0	76745
128	56	64	0	76829
128	49	64	0	76833
144	49	94	0	77199
144	56	98	0	77202
144	61	81	0	77345
144	68	67	0	77358
128	61	64	0	77387
128	68	64	0	77399
128	56	64	0	77438
128	49	64	0	77447
144	61	75	0	77518
144	68	55	0	77529
128	61	64	0	77594
128	68	64	0	77614
144	49	71	0	77702
144	56	69	0	77716
128	56	64	0	77809
128	49	64	0	77855
144	68	69	0	77986
144	61	65	0	77989
128	61	64	0	78090
128	68	64	0	78120
144	49	81	0	78179
144	53	81	0	78185
144	68	58	0	78327
144	61	69	0	78332
128	68	64	0	78383
128	61	64	0	78387
144	68	69	0	78535
144	61	64	0	78545
128	61	64	0	78604
128	68	64	0	78625
144	56	83	0	78696
128	53	64	0	78721
128	56	64	0	78799
128	49	64	0	78807
144	68	65	0	78856
144	61	69	0	78861
128	68	64	0	78902
128	61	64	0	78906
144	61	52	0	79033
144	68	58	0	79042
128	61	64	0	79093
128	68	64	0	79099
144	49	85	0	79201
144	53	85	0	79225
144	56	33	0	79262
144	68	73	0	79369
144	61	72	0	79382
128	68	64	0	79430
128	61	64	0	79433
128	56	64	0	79493
144	61	70	0	79566
144	68	68	0	79575
128	68	64	0	79664
128	61	64	0	79691
144	56	84	0	79713
128	53	64	0	79775
128	49	64	0	79862
128	56	64	0	79864
144	61	67	0	79893
144	68	61	0	79901
128	61	64	0	79947
128	68	64	0	79953
144	61	59	0	80059
144	68	58	0	80073
128	61	64	0	80138
128	68	64	0	80199
144	49	70	0	80225
144	55	66	0	80235
144	61	45	0	80382
144	68	50	0	80385
128	68	64	0	80451
128	61	64	0	80460
144	61	46	0	80598
144	68	48	0	80602
128	61	64	0	80666
128	68	64	0	80724
144	56	76	0	80760
128	55	64	0	80794
128	49	64	0	80883
128	56	64	0	80891
144	53	73	0	81255
144	49	78	0	81265
144	80	67	0	81388
128	80	64	0	81431
144	80	58	0	81544
128	53	64	0	81550
128	49	64	0	81554
128	80	64	0	81667
144	53	74	0	81744
144	49	72	0	81748
144	80	56	0	81875
128	53	64	0	81899
128	49	64	0	81924
128	80	64	0	81927
144	80	61	0	82065
128	80	64	0	82180
144	49	81	0	82261
144	55	80	0	82275
144	80	76	0	82440
128	80	64	0	82490
144	80	73	0	82613
128	80	64	0	82745
144	56	78	0	82762
128	55	64	0	82774
128	49	64	0	82860
128	56	64	0	82892
144	80	62	0	82926
128	80	64	0	83056
144	81	71	0	83068
128	81	64	0	83234
144	49	82	0	83289
144	55	90	0	83292
144	80	80	0	83484
128	80	64	0	83608
144	81	60	0	83614
128	55	64	0	83784
128	81	64	0	83804
144	56	81	0	83813
128	49	64	0	83952
128	56	64	0	83970
144	80	74	0	83984
144	81	71	0	84108
128	80	64	0	84128
128	81	64	0	84263
144	53	84	0	84331
144	49	80	0	84334
144	80	75	0	84495
144	81	67	0	84660
128	80	64	0	84663
128	81	64	0	84817
144	56	92	0	84848
128	53	64	0	84882
128	56	64	0	84952
128	49	64	0	84959
144	49	87	0	85316
144	56	90	0	85333
144	80	64	0	85482
128	80	64	0	85525
128	56	64	0	85594
144	80	58	0	85624
128	49	64	0	85631
128	80	64	0	85772
144	49	83	0	85845
144	56	78	0	85858
128	56	64	0	86013
128	49	64	0	86055
144	80	52	0	86158
128	80	64	0	86231
144	49	83	0	86372
144	56	87	0	86378
144	80	68	0	86517
128	49	64	0	86637
128	56	64	0	86651
144	81	72	0	86676
128	80	64	0	86689
144	56	87	0	86890
144	49	76	0	86903
128	81	64	0	86928
144	80	64	0	87040
128	49	64	0	87113
128	56	64	0	87115
144	81	68	0	87161
128	80	64	0	87185
128	81	64	0	87351
144	49	83	0	87379
144	55	87	0	87393
144	80	73	0	87565
144	81	68	0	87720
128	80	64	0	87746
128	81	64	0	87861
144	56	85	0	87898
128	55	64	0	87922
128	56	64	0	88049
128	49	64	0	88052
144	80	60	0	88086
144	81	71	0	88200
128	80	64	0	88222
128	81	64	0	88334
144	53	75	0	88388
144	49	76	0	88392
144	80	58	0	88568
144	81	63	0	88706
128	80	64	0	88714
128	81	64	0	88897
144	56	81	0	88907
128	53	64	0	88913
128	56	64	0	89032
128	49	64	0	89041
144	49	81	0	89378
144	56	84	0	89385
144	73	64	0	89536
144	80	61	0	89542
128	73	64	0	89589
128	80	64	0	89596
128	56	64	0	89616
128	49	64	0	89670
144	73	59	0	89706
144	80	51	0	89718
128	80	64	0	89795
128	73	64	0	89835
144	56	76	0	89872
144	49	76	0	89877
144	80	60	0	90005
144	73	53	0	90027
128	80	64	0	90060
128	73	64	0	90086
128	56	64	0	90096
128	49	64	0	90101
144	80	56	0	90177
144	73	48	0	90180
128	73	64	0	90319
128	80	64	0	90322
144	49	79	0	90368
144	55	80	0	90375
144	80	61	0	90513
144	73	57	0	90524
128	80	64	0	90572
128	73	64	0	90579
144	73	52	0	90700
144	80	61	0	90711
128	80	64	0	90809
128	73	64	0	90829
144	56	81	0	90878
128	55	64	0	90894
128	49	64	0	91000
128	56	64	0	91003
144	80	66	0	91038
144	73	56	0	91047
128	80	64	0	91085
128	73	64	0	91103
144	73	45	0	91200
144	80	55	0	91214
128	80	64	0	91281
128	73	64	0	91295
144	53	83	0	91372
144	49	80	0	91375
144	80	69	0	91514
144	73	64	0	91524
128	80	64	0	91573
128	73	64	0	91582
144	73	63	0	91720
144	80	67	0	91736
128	80	64	0	91824
128	73	64	0	91860
144	56	84	0	91874
128	53	64	0	91900
128	56	64	0	91991
128	49	64	0	92013
144	73	67	0	92039
144	80	68	0	92048
128	73	64	0	92092
128	80	64	0	92095
144	73	61	0	92194
144	80	61	0	92202
128	73	64	0	92286
128	80	64	0	92300
144	49	79	0	92378
144	55	77	0	92396
144	73	61	0	92562
144	80	60	0	92566
128	80	64	0	92614
128	73	64	0	92617
144	73	64	0	92771
144	80	64	0	92775
144	56	87	0	92896
128	73	64	0	92899
128	80	64	0	92912
128	55	64	0	92938
128	56	64	0	93002
128	49	64	0	93023
144	49	83	0	93386
144	56	86	0	93398
144	85	67	0	93550
128	85	64	0	93601
128	56	64	0	93675
128	49	64	0	93724
144	85	70	0	93735
128	85	64	0	93857
144	49	80	0	93921
144	56	80	0	93927
144	85	64	0	94056
128	56	64	0	94115
128	49	64	0	94147
128	85	64	0	94155
144	85	67	0	94245
128	85	64	0	94391
144	49	80	0	94428
144	55	80	0	94440
144	85	73	0	94570
128	85	64	0	94662
144	85	61	0	94775
128	85	64	0	94915
144	56	84	0	94944
128	55	64	0	94977
128	49	64	0	95024
128	56	64	0	95029
144	53	84	0	95420
144	49	81	0	95423
144	85	70	0	95585
128	85	64	0	95633
144	85	73	0	95762
128	85	64	0	95886
144	56	84	0	95909
128	53	64	0	95931
128	56	64	0	96010
128	49	64	0	96014
144	55	94	0	96380
144	49	87	0	96383
144	85	75	0	96548
128	85	64	0	96592
144	85	70	0	96716
128	85	64	0	96845
144	56	87	0	96895
128	55	64	0	96939
128	56	64	0	97009
128	49	64	0	97038
144	49	80	0	97386
144	55	78	0	97398
144	56	76	0	97401
144	73	76	0	97573
128	55	64	0	97630
128	56	64	0	97643
128	49	64	0	97660
128	73	64	0	97705
144	71	71	0	97719
128	71	64	0	97859
144	49	70	0	97901
144	55	66	0	97905
144	56	66	0	97916
144	73	60	0	98062
128	55	64	0	98076
128	56	64	0	98081
128	49	64	0	98110
144	71	59	0	98195
128	73	64	0	98209
128	71	64	0	98353
144	53	75	0	98399
144	49	71	0	98405
144	56	71	0	98428
128	56	64	0	98595
144	73	50	0	98603
128	53	64	0	98606
128	49	64	0	98617
144	71	62	0	98684
128	73	64	0	98692
144	68	87	0	98894
144	53	76	0	98909
144	49	76	0	98912
144	56	75	0	98921
128	71	64	0	98935
128	56	64	0	99006
128	53	64	0	99025
128	68	64	0	99028
128	49	64	0	99034
144	53	81	0	99394
144	49	75	0	99401
144	56	78	0	99411
128	56	64	0	99571
128	49	64	0	99583
128	53	64	0	99585
144	73	61	0	99589
128	73	64	0	99703
144	71	63	0	99718
128	71	64	0	99842
144	49	69	0	99884
144	53	63	0	99887
144	56	53	0	99915
128	56	64	0	99983
128	53	64	0	100024
128	49	64	0	100046
144	73	51	0	100071
128	73	64	0	100166
144	71	63	0	100169
128	71	64	0	100326
144	49	78	0	100379
144	53	71	0	100382
144	56	68	0	100393
128	56	64	0	100466
128	53	64	0	100529
128	49	64	0	100537
144	73	54	0	100555
128	73	64	0	100628
144	71	53	0	100644
144	68	85	0	100859
144	49	70	0	100862
144	53	60	0	100865
144	56	68	0	100881
128	71	64	0	100893
128	56	64	0	100945
128	53	64	0	100958
128	68	64	0	100971
128	49	64	0	100982
144	49	76	0	101360
144	53	69	0	101362
144	56	65	0	101372
144	64	64	0	101380
128	56	64	0	101439
128	53	64	0	101477
128	49	64	0	101507
128	64	64	0	101515
144	68	57	0	101530
128	68	64	0	101595
144	64	60	0	101658
128	64	64	0	101825
144	49	73	0	101855
144	56	63	0	101859
144	53	55	0	101868
144	65	70	0	101907
128	56	64	0	101971
128	53	64	0	101997
128	49	64	0	102019
144	68	67	0	102089
128	65	64	0	102106
128	68	64	0	102200
144	64	75	0	102232
144	49	63	0	102360
144	56	62	0	102363
144	65	62	0	102379
144	53	41	0	102385
128	64	64	0	102389
128	53	64	0	102485
128	56	64	0	102498
128	49	64	0	102501
128	65	64	0	102555
144	68	56	0	102557
128	68	64	0	102644
144	64	66	0	102690
144	53	69	0	102841
144	49	73	0	102850
144	65	78	0	102925
144	56	47	0	102929
128	64	64	0	102975
128	53	64	0	103004
128	56	64	0	103006
128	49	64	0	103027
128	65	64	0	103045
144	53	82	0	103366
144	49	76	0	103373
144	56	73	0	103389
144	65	78	0	103440
128	56	64	0	103551
128	49	64	0	103571
128	53	64	0	103575
128	65	64	0	103604
144	68	67	0	103620
128	68	64	0	103689
144	64	72	0	103763
144	49	69	0	103880
144	53	56	0	103884
144	56	65	0	103898
144	65	65	0	103911
128	64	64	0	103914
128	53	64	0	104059
128	49	64	0	104069
128	56	64	0	104088
128	65	64	0	104099
144	68	57	0	104103
128	68	64	0	104189
144	64	66	0	104229
144	65	57	0	104379
144	53	64	0	104384
128	64	64	0	104394
144	49	64	0	104398
144	56	65	0	104401
128	53	64	0	104548
144	68	58	0	104565
128	56	64	0	104569
128	65	64	0	104571
128	49	64	0	104574
128	68	64	0	104697
144	64	58	0	104703
144	65	81	0	104873
128	64	64	0	104880
144	49	66	0	104883
144	56	69	0	104887
144	53	62	0	104891
128	53	64	0	105011
128	56	64	0	105013
128	65	64	0	105016
128	49	64	0	105022
144	61	71	0	105375
144	53	69	0	105381
144	49	70	0	105385
144	56	73	0	105396
144	64	73	0	105541
128	61	64	0	105544
128	53	64	0	105575
128	56	64	0	105596
128	49	64	0	105605
144	60	78	0	105718
128	64	64	0	105720
144	61	69	0	105881
128	60	64	0	105906
144	53	61	0	105910
144	49	68	0	105914
144	56	73	0	105923
128	61	64	0	106065
128	56	64	0	106071
128	49	64	0	106074
128	53	64	0	106076
144	64	68	0	106080
128	64	64	0	106181
144	60	72	0	106207
144	53	64	0	106369
144	61	66	0	106381
144	56	64	0	106386
144	49	57	0	106391
128	60	64	0	106397
128	53	64	0	106548
128	49	64	0	106562
128	61	64	0	106571
144	64	63	0	106584
128	56	64	0	106589
144	60	75	0	106699
128	64	64	0	106714
144	49	70	0	106874
144	61	91	0	106877
144	53	60	0	106880
144	56	73	0	106884
128	60	64	0	106902
128	53	64	0	106979
128	61	64	0	107017
128	49	64	0	107019
128	56	64	0	107022
144	53	81	0	107346
144	56	81	0	107349
144	61	90	0	107353
144	49	73	0	107358
128	61	64	0	107532
144	64	66	0	107534
128	56	64	0	107550
128	49	64	0	107567
128	53	64	0	107570
128	64	64	0	107615
144	60	68	0	107656
144	53	42	0	107832
144	61	60	0	107840
128	60	64	0	107860
144	49	53	0	107863
144	56	63	0	107867
128	49	64	0	107979
128	56	64	0	107982
128	53	64	0	108013
128	61	64	0	108016
144	64	45	0	108062
128	64	64	0	108151
144	60	58	0	108187
144	49	53	0	108352
144	53	48	0	108355
144	56	55	0	108367
144	61	63	0	108375
128	60	64	0	108379
128	56	64	0	108468
128	53	64	0	108471
128	49	64	0	108473
128	61	64	0	108536
144	64	58	0	108570
128	64	64	0	108681
144	60	64	0	108704
144	53	75	0	108875
144	49	79	0	108884
144	56	80	0	108887
144	61	87	0	108890
128	60	64	0	108921
144	64	89	0	108956
128	61	64	0	109000
128	53	64	0	109023
128	56	64	0	109026
128	49	64	0	109036
128	64	64	0	109047
144	64	65	0	109387
144	49	81	0	109426
144	56	78	0	109436
144	53	64	0	109439
144	68	83	0	109446
128	64	64	0	109494
128	53	64	0	109599
128	56	64	0	109608
128	68	64	0	109611
128	49	64	0	109614
144	64	82	0	109648
128	64	64	0	109817
144	68	70	0	109823
144	49	70	0	109934
128	68	64	0	109942
144	56	66	0	109948
144	53	60	0	109957
144	64	80	0	109972
128	49	64	0	110095
128	53	64	0	110110
128	56	64	0	110125
128	64	64	0	110128
144	65	63	0	110131
144	68	71	0	110288
128	65	64	0	110307
128	68	64	0	110424
144	71	82	0	110435
144	56	78	0	110447
144	49	78	0	110454
144	53	74	0	110456
144	68	74	0	110606
128	53	64	0	110630
128	49	64	0	110633
128	56	64	0	110636
128	71	64	0	110641
144	65	58	0	110784
128	68	64	0	110804
128	65	64	0	110944
144	64	76	0	110947
144	56	68	0	110950
144	53	57	0	110965
144	49	64	0	110968
128	64	64	0	111094
144	68	74	0	111112
128	49	64	0	111116
128	56	64	0	111126
128	53	64	0	111128
144	65	74	0	111231
128	68	64	0	111237
128	65	64	0	111359
144	64	59	0	111408
144	53	65	0	111449
144	49	72	0	111453
144	56	71	0	111456
144	61	70	0	111562
128	64	64	0	111592
128	49	64	0	111618
128	53	64	0	111638
128	56	64	0	111647
128	61	64	0	111718
144	65	63	0	111758
144	60	74	0	111913
144	49	64	0	111916
144	53	55	0	111920
128	65	64	0	111923
144	56	66	0	111934
144	64	54	0	112058
128	56	64	0	112075
128	60	64	0	112079
128	53	64	0	112088
128	49	64	0	112091
144	61	64	0	112253
128	64	64	0	112269
128	61	64	0	112407
144	49	66	0	112422
144	56	70	0	112425
144	59	80	0	112428
144	53	63	0	112439
128	59	64	0	112579
128	56	64	0	112583
128	53	64	0	112599
128	49	64	0	112604
144	53	83	0	112951
144	49	81	0	112960
144	60	102	0	112963
144	56	85	0	112966
128	56	64	0	113098
128	60	64	0	113108
128	49	64	0	113111
128	53	64	0	113113
144	61	104	0	113472
144	56	97	0	113477
144	49	89	0	113480
144	53	91	0	113484
128	61	64	0	113620
144	64	77	0	113627
128	49	64	0	113686
128	56	64	0	113688
128	53	64	0	113718
128	64	64	0	113769
144	61	49	0	113805
128	61	64	0	113936
144	64	60	0	113944
144	53	62	0	113981
144	49	55	0	114001
144	56	64	0	114013
128	64	64	0	114077
144	61	52	0	114111
128	49	64	0	114186
128	56	64	0	114192
128	53	64	0	114206
128	61	64	0	114223
144	64	68	0	114247
144	53	77	0	114461
144	49	75	0	114467
128	64	64	0	114479
144	56	78	0	114492
144	65	90	0	114499
128	65	64	0	114623
128	53	64	0	114632
128	56	64	0	114644
128	49	64	0	114646
144	61	87	0	114667
128	61	64	0	114787
144	64	72	0	114804
144	65	78	0	114931
144	53	76	0	114941
128	64	64	0	114950
144	49	74	0	114955
144	56	69	0	114967
144	54	51	0	115005
128	54	64	0	115064
128	65	64	0	115092
144	61	84	0	115103
128	49	64	0	115106
128	56	64	0	115124
128	53	64	0	115127
128	61	64	0	115250
144	64	75	0	115264
144	65	69	0	115402
128	64	64	0	115415
144	49	81	0	115458
144	56	83	0	115465
144	53	72	0	115474
144	61	79	0	115562
128	65	64	0	115578
128	53	64	0	115626
128	56	64	0	115643
128	49	64	0	115648
144	64	75	0	115700
128	61	64	0	115703
144	65	69	0	115889
128	64	64	0	115909
144	49	72	0	115930
144	53	71	0	115934
144	56	76	0	115938
128	56	64	0	116097
128	53	64	0	116104
128	49	64	0	116115
128	65	64	0	116120
144	68	75	0	116123
128	68	64	0	116175
144	65	72	0	116266
144	49	75	0	116386
144	53	64	0	116391
128	65	64	0	116407
144	56	78	0	116420
144	73	84	0	116429
128	73	64	0	116470
144	65	76	0	116571
128	49	64	0	116577
128	53	64	0	116579
128	56	64	0	116593
144	68	73	0	116736
128	65	64	0	116738
144	53	83	0	116904
144	49	83	0	116907
144	56	83	0	116910
144	73	93	0	116920
128	68	64	0	116966
128	73	64	0	117054
128	53	64	0	117058
128	56	64	0	117060
128	49	64	0	117066
144	53	81	0	117390
144	56	81	0	117398
144	49	78	0	117403
144	64	83	0	117408
144	68	77	0	117413
144	73	70	0	117416
128	73	64	0	117464
128	68	64	0	117472
128	64	64	0	117497
128	56	64	0	117549
128	53	64	0	117553
128	49	64	0	117557
144	64	69	0	117590
144	68	67	0	117598
144	73	57	0	117601
128	73	64	0	117657
128	68	64	0	117666
128	64	64	0	117695
144	73	64	0	117758
144	64	87	0	117763
144	68	63	0	117772
128	68	64	0	117895
128	73	64	0	117903
144	56	79	0	117912
128	64	64	0	117914
144	59	80	0	117919
144	49	72	0	117922
144	73	73	0	118078
144	64	78	0	118083
128	59	64	0	118086
144	68	73	0	118089
128	49	64	0	118092
128	56	64	0	118095
128	73	64	0	118131
128	68	64	0	118134
128	64	64	0	118149
144	64	75	0	118241
144	73	72	0	118247
144	68	70	0	118255
128	64	64	0	118355
128	73	64	0	118377
144	56	85	0	118386
128	68	64	0	118389
144	59	84	0	118393
144	49	77	0	118397
144	64	94	0	118574
144	68	80	0	118577
144	73	67	0	118591
128	59	64	0	118595
128	56	64	0	118597
128	49	64	0	118600
128	68	64	0	118625
128	73	64	0	118639
128	64	64	0	118641
144	73	69	0	118735
144	68	80	0	118744
144	65	86	0	118747
128	68	64	0	118866
128	73	64	0	118868
128	65	64	0	118880
144	59	90	0	118896
144	56	85	0	118899
144	49	81	0	118902
144	64	94	0	119046
144	73	75	0	119055
144	68	78	0	119058
128	59	64	0	119067
128	56	64	0	119070
128	49	64	0	119084
128	68	64	0	119099
128	64	64	0	119113
128	73	64	0	119116
144	65	90	0	119225
144	68	85	0	119230
144	73	47	0	119237
144	74	58	0	119266
128	73	64	0	119317
128	74	64	0	119339
128	65	64	0	119371
128	68	64	0	119374
144	56	85	0	119388
144	49	82	0	119391
144	59	85	0	119394
144	64	98	0	119518
144	73	80	0	119528
144	68	77	0	119545
128	68	64	0	119582
128	59	64	0	119593
128	56	64	0	119602
128	49	64	0	119604
128	73	64	0	119627
128	64	64	0	119628
144	65	87	0	119698
144	73	85	0	119701
144	68	73	0	119707
128	73	64	0	119823
128	68	64	0	119832
128	65	64	0	119847
144	56	85	0	119863
144	59	83	0	119866
144	49	81	0	119870
144	64	94	0	119996
144	68	81	0	120003
144	73	59	0	120022
128	68	64	0	120058
128	59	64	0	120073
128	73	64	0	120076
128	56	64	0	120079
128	49	64	0	120087
128	64	64	0	120093
144	73	70	0	120168
144	65	86	0	120189
144	68	84	0	120192
128	68	64	0	120313
128	73	64	0	120340
128	65	64	0	120343
144	56	85	0	120354
144	59	90	0	120358
144	49	83	0	120361
144	64	98	0	120501
144	73	85	0	120507
144	68	82	0	120518
128	56	64	0	120555
128	59	64	0	120560
128	49	64	0	120574
128	64	64	0	120588
128	73	64	0	120629
128	68	64	0	120636
144	73	55	0	120676
144	68	90	0	120693
144	62	82	0	120697
128	62	64	0	120775
128	68	64	0	120784
128	73	64	0	120813
144	56	85	0	120862
144	59	83	0	120865
144	49	81	0	120869
144	73	82	0	120875
144	61	90	0	120891
144	68	55	0	120915
128	56	64	0	121047
128	73	64	0	121050
128	59	64	0	121053
128	49	64	0	121057
128	68	64	0	121060
128	61	64	0	121066
144	56	91	0	121386
144	59	93	0	121389
144	49	87	0	121392
144	64	84	0	121517
144	73	74	0	121525
144	68	76	0	121529
128	68	64	0	121572
128	73	64	0	121577
128	56	64	0	121605
128	59	64	0	121609
128	64	64	0	121618
128	49	64	0	121631
144	73	67	0	121665
144	68	61	0	121680
144	64	84	0	121682
128	73	64	0	121833
128	68	64	0	121835
128	64	64	0	121844
144	49	74	0	121859
144	59	76	0	121861
144	56	73	0	121866
144	64	77	0	122009
144	73	67	0	122013
144	68	62	0	122025
128	68	64	0	122070
128	73	64	0	122080
128	64	64	0	122108
128	59	64	0	122129
128	49	64	0	122144
128	56	64	0	122153
144	73	64	0	122184
144	64	82	0	122186
144	68	55	0	122201
128	68	64	0	122334
144	56	76	0	122342
128	64	64	0	122345
144	59	78	0	122348
128	73	64	0	122352
144	49	74	0	122355
144	64	85	0	122485
144	73	64	0	122503
144	68	66	0	122516
128	64	64	0	122555
128	68	64	0	122558
128	73	64	0	122567
128	49	64	0	122609
128	59	64	0	122623
128	56	64	0	122632
144	65	77	0	122646
144	73	73	0	122650
144	68	58	0	122657
128	68	64	0	122782
128	73	64	0	122787
128	65	64	0	122798
144	59	77	0	122823
144	56	67	0	122826
144	49	72	0	122829
144	64	84	0	122948
144	73	68	0	122959
144	68	67	0	122968
128	68	64	0	123012
128	73	64	0	123017
128	64	64	0	123031
128	59	64	0	123098
128	49	64	0	123104
128	56	64	0	123112
144	73	73	0	123135
144	65	80	0	123138
144	68	67	0	123145
128	73	64	0	123274
128	68	64	0	123276
128	65	64	0	123282
144	56	76	0	123310
144	59	76	0	123316
144	49	72	0	123324
144	64	78	0	123453
144	73	63	0	123459
144	68	56	0	123474
128	64	64	0	123507
128	68	64	0	123521
128	73	64	0	123524
128	49	64	0	123596
128	59	64	0	123600
128	56	64	0	123601
144	73	59	0	123626
144	68	50	0	123629
144	65	68	0	123641
128	68	64	0	123765
128	73	64	0	123771
128	65	64	0	123774
144	59	75	0	123808
144	56	68	0	123817
144	49	68	0	123821
144	64	68	0	123952
144	73	53	0	123963
144	68	60	0	123968
128	64	64	0	124010
128	68	64	0	124017
128	73	64	0	124026
128	49	64	0	124046
128	59	64	0	124059
128	56	64	0	124068
144	73	55	0	124148
144	68	59	0	124162
144	65	41	0	124168
144	67	57	0	124176
128	73	64	0	124233
128	67	64	0	124250
128	65	64	0	124255
128	68	64	0	124258
144	56	79	0	124309
144	59	81	0	124312
144	49	71	0	124320
144	64	82	0	124449
144	73	61	0	124466
128	59	64	0	124478
144	68	59	0	124489
128	56	64	0	124494
128	49	64	0	124498
128	73	64	0	124526
128	68	64	0	124534
128	64	64	0	124543
144	73	69	0	124657
144	68	50	0	124661
144	65	74	0	124663
128	73	64	0	124739
128	68	64	0	124757
128	65	64	0	124767
144	61	76	0	124832
144	73	70	0	124849
144	68	76	0	124853
144	56	70	0	124868
144	49	41	0	124917
128	49	64	0	124987
128	68	64	0	125004
128	73	64	0	125016
128	56	64	0	125027
128	61	64	0	125036
144	61	61	0	125362
144	56	58	0	125366
144	68	80	0	125414
128	56	64	0	125427
128	61	64	0	125432
144	65	67	0	125535
128	68	64	0	125539
144	68	39	0	125673
128	65	64	0	125675
128	68	64	0	125792
144	61	74	0	125859
144	65	54	0	125868
144	56	60	0	125879
128	56	64	0	125932
128	61	64	0	125939
128	65	64	0	125944
144	68	54	0	125987
128	68	64	0	126061
144	65	62	0	126136
128	65	64	0	126281
144	73	63	0	126348
144	56	70	0	126352
144	61	74	0	126356
128	56	64	0	126423
128	61	64	0	126431
128	73	64	0	126451
144	65	63	0	126492
144	73	64	0	126633
128	65	64	0	126658
128	73	64	0	126728
144	76	61	0	126785
144	56	79	0	126887
144	61	79	0	126905
128	76	64	0	126909
144	77	80	0	126979
128	61	64	0	127002
128	56	64	0	127022
128	77	64	0	127132
144	61	82	0	127455
144	56	79	0	127459
144	77	79	0	127509
128	56	64	0	127608
128	61	64	0	127645
144	76	71	0	127660
128	77	64	0	127664
144	77	65	0	127790
128	76	64	0	127800
144	61	81	0	127942
144	56	69	0	127960
144	80	73	0	127974
128	77	64	0	127989
128	56	64	0	128013
128	61	64	0	128055
128	80	64	0	128095
144	76	72	0	128110
144	77	67	0	128247
128	76	64	0	128250
144	61	75	0	128379
144	56	64	0	128417
144	80	76	0	128425
128	77	64	0	128433
128	56	64	0	128492
128	61	64	0	128560
128	80	64	0	128637
144	84	65	0	128649
144	85	79	0	128900
128	84	64	0	128920
144	61	83	0	128966
144	56	76	0	128971
128	56	64	0	129032
128	61	64	0	129070
128	85	64	0	129094
144	56	81	0	129432
144	61	82	0	129435
144	85	72	0	129438
144	83	71	0	129563
128	61	64	0	129570
128	85	64	0	129575
128	56	64	0	129597
128	83	64	0	129701
144	85	47	0	129712
128	85	64	0	129765
144	80	78	0	129867
144	56	79	0	129907
144	61	73	0	129927
128	80	64	0	129947
144	83	63	0	130020
128	56	64	0	130055
128	61	64	0	130092
128	83	64	0	130153
144	77	68	0	130175
144	80	68	0	130329
128	77	64	0	130347
144	56	69	0	130384
144	61	68	0	130390
128	80	64	0	130476
144	76	62	0	130515
128	61	64	0	130530
128	56	64	0	130542
128	76	64	0	130675
144	77	76	0	130682
128	77	64	0	130802
144	56	75	0	130835
144	73	89	0	130844
144	61	75	0	130851
128	61	64	0	130972
128	56	64	0	130983
128	73	64	0	131011
144	61	85	0	131327
144	56	80	0	131331
144	77	79	0	131347
128	56	64	0	131490
128	77	64	0	131498
144	80	79	0	131505
128	61	64	0	131521
128	80	64	0	131643
144	76	67	0	131646
144	77	65	0	131803
128	76	64	0	131808
144	61	78	0	131812
144	56	73	0	131822
128	77	64	0	131959
128	61	64	0	131973
128	56	64	0	131987
144	83	46	0	131996
144	80	81	0	132145
128	83	64	0	132175
144	77	77	0	132295
144	61	72	0	132310
128	80	64	0	132322
144	56	60	0	132358
128	56	64	0	132420
128	61	64	0	132437
144	80	64	0	132482
128	77	64	0	132485
128	80	64	0	132590
144	76	74	0	132600
144	73	79	0	132762
128	76	64	0	132782
144	61	79	0	132830
144	56	76	0	132833
128	61	64	0	132965
128	56	64	0	132977
128	73	64	0	132980
144	56	86	0	133283
144	71	81	0	133290
144	61	83	0	133294
144	73	70	0	133437
128	71	64	0	133455
128	61	64	0	133462
128	56	64	0	133471
128	73	64	0	133573
144	69	74	0	133592
144	71	64	0	133742
128	69	64	0	133752
144	61	73	0	133767
144	56	68	0	133771
128	71	64	0	133896
144	73	76	0	133900
128	61	64	0	133917
128	56	64	0	133934
128	73	64	0	134018
144	68	85	0	134065
128	68	64	0	134193
144	69	77	0	134243
144	61	76	0	134261
144	56	73	0	134265
144	71	86	0	134429
128	56	64	0	134434
128	61	64	0	134447
128	69	64	0	134455
144	68	84	0	134608
128	71	64	0	134635
144	56	74	0	134748
144	61	78	0	134756
128	68	64	0	134759
144	67	86	0	134778
128	61	64	0	134920
128	56	64	0	134934
128	67	64	0	134936
144	69	101	0	135249
144	56	86	0	135252
144	61	93	0	135256
144	68	80	0	135416
128	61	64	0	135442
128	69	64	0	135464
128	56	64	0	135472
144	67	70	0	135560
128	68	64	0	135574
144	66	84	0	135755
144	61	83	0	135762
144	56	78	0	135767
128	67	64	0	135782
128	66	64	0	135875
144	67	61	0	135892
128	61	64	0	135894
128	56	64	0	135929
144	65	74	0	136005
128	67	64	0	136029
144	61	76	0	136222
144	56	71	0	136236
128	61	64	0	136363
128	56	64	0	136397
144	63	85	0	136425
128	65	64	0	136436
144	64	83	0	136572
128	63	64	0	136581
128	64	64	0	136739
144	56	86	0	136771
144	62	68	0	136802
144	61	86	0	136815
128	62	64	0	136877
128	56	64	0	136902
128	61	64	0	137015
144	56	93	0	137294
144	61	79	0	137333
144	62	60	0	137441
128	61	64	0	137449
128	56	64	0	137519
128	62	64	0	137592
144	63	67	0	137597
128	63	64	0	137735
144	64	65	0	137762
144	56	76	0	137777
144	65	69	0	137893
128	64	64	0	137896
128	56	64	0	137955
144	66	68	0	138100
128	65	64	0	138121
128	66	64	0	138235
144	67	82	0	138251
144	56	86	0	138263
128	67	64	0	138434
144	68	75	0	138437
128	56	64	0	138483
128	68	64	0	138553
144	69	80	0	138581
144	56	94	0	138772
144	68	93	0	138776
128	69	64	0	138801
128	56	64	0	138920
128	68	64	0	138939
144	56	96	0	139275
144	68	80	0	139279
128	68	64	0	139427
144	64	72	0	139439
128	56	64	0	139514
144	68	72	0	139603
128	64	64	0	139617
144	61	72	0	139764
144	56	81	0	139767
128	68	64	0	139791
128	61	64	0	139913
144	64	65	0	139938
128	56	64	0	139959
144	68	51	0	140077
128	64	64	0	140088
144	65	71	0	140196
144	56	77	0	140233
128	68	64	0	140256
128	65	64	0	140398
128	56	64	0	140419
144	67	47	0	140469
128	67	64	0	140532
144	64	78	0	140666
144	61	89	0	140842
128	64	64	0	140855
144	56	87	0	140866
128	56	64	0	141019
128	61	64	0	141034
144	56	80	0	141436
128	56	64	0	141563
144	61	72	0	141585
144	68	55	0	141602
128	61	64	0	141640
128	68	64	0	141655
144	68	41	0	141763
144	61	60	0	141774
128	61	64	0	141855
128	68	64	0	141880
144	56	70	0	141939
144	49	60	0	141951
128	49	64	0	142019
128	56	64	0	142050
144	68	63	0	142113
144	61	69	0	142116
128	68	64	0	142167
128	61	64	0	142171
144	68	52	0	142275
144	61	62	0	142277
128	68	64	0	142377
128	61	64	0	142401
144	56	73	0	142436
144	49	63	0	142439
128	49	64	0	142516
128	56	64	0	142535
144	59	72	0	142606
144	68	66	0	142616
144	61	76	0	142779
128	59	64	0	142781
128	68	64	0	142888
128	61	64	0	142900
144	49	70	0	142918
144	56	67	0	142935
128	56	64	0	142995
128	49	64	0	143034
144	59	69	0	143127
144	68	71	0	143169
144	61	74	0	143308
128	59	64	0	143330
128	68	64	0	143365
128	61	64	0	143430
144	56	80	0	143475
144	49	70	0	143478
128	49	64	0	143558
128	56	64	0	143577
144	59	62	0	143676
144	68	70	0	143728
144	61	66	0	143810
128	59	64	0	143830
128	68	64	0	143916
128	61	64	0	143957
144	55	81	0	143964
144	49	74	0	143967
128	49	64	0	144104
128	55	64	0	144124
144	59	56	0	144164
144	68	66	0	144243
144	61	72	0	144315
128	59	64	0	144327
128	68	64	0	144415
128	61	64	0	144463
144	56	85	0	144494
144	49	72	0	144497
128	49	64	0	144551
128	56	64	0	144588
144	59	51	0	144679
144	68	61	0	144750
144	61	71	0	144817
128	59	64	0	144839
128	68	64	0	144947
128	61	64	0	144954
144	55	88	0	144994
144	49	84	0	144997
128	55	64	0	145097
128	49	64	0	145117
144	49	90	0	145482
144	56	92	0	145495
128	56	64	0	145643
144	61	64	0	145664
128	49	64	0	145670
144	68	70	0	145755
128	61	64	0	145859
128	68	64	0	145926
144	49	82	0	145982
144	56	85	0	145991
128	56	64	0	146124
128	49	64	0	146155
144	61	64	0	146204
144	68	68	0	146374
128	61	64	0	146395
128	68	64	0	146489
144	49	82	0	146498
144	55	90	0	146505
144	59	62	0	146681
144	61	75	0	146862
128	55	64	0	146894
128	49	64	0	146896
128	59	64	0	146920
144	68	73	0	146926
128	61	64	0	147051
144	49	81	0	147060
144	56	87	0	147065
128	68	64	0	147067
128	56	64	0	147185
128	49	64	0	147196
144	59	56	0	147245
144	68	76	0	147356
144	61	72	0	147380
128	59	64	0	147398
128	68	64	0	147500
128	61	64	0	147518
144	53	90	0	147574
144	49	89	0	147577
144	59	66	0	147752
128	49	64	0	147819
128	53	64	0	147821
144	68	73	0	147855
144	61	71	0	147899
128	59	64	0	147929
128	68	64	0	148043
128	61	64	0	148078
144	49	89	0	148093
144	56	94	0	148096
128	56	64	0	148218
128	49	64	0	148245
144	59	62	0	148257
144	68	70	0	148341
144	61	68	0	148354
128	59	64	0	148404
128	61	64	0	148495
128	68	64	0	148524
144	49	86	0	148582
144	55	90	0	148585
144	59	69	0	148743
144	68	76	0	148864
144	61	73	0	148877
128	59	64	0	148938
128	61	64	0	149066
144	56	98	0	149076
128	68	64	0	149084
128	55	64	0	149091
128	56	64	0	149182
128	49	64	0	149200
144	56	94	0	149551
144	50	75	0	149570
128	50	64	0	149714
144	68	56	0	149717
144	61	43	0	149747
128	56	64	0	149783
128	68	64	0	149785
128	61	64	0	149818
144	68	64	0	149891
144	61	71	0	149896
128	68	64	0	150015
128	61	64	0	150040
144	49	74	0	150075
144	56	68	0	150081
144	68	57	0	150215
144	61	65	0	150220
128	49	64	0	150222
128	56	64	0	150228
128	61	64	0	150280
128	68	64	0	150286
144	68	58	0	150400
144	61	64	0	150403
128	68	64	0	150545
128	61	64	0	150551
144	50	87	0	150589
144	56	85	0	150594
144	61	70	0	150762
144	68	70	0	150768
128	61	64	0	150819
128	68	64	0	150822
144	61	67	0	150932
144	68	64	0	150937
128	56	64	0	150965
128	50	64	0	150995
144	56	89	0	151118
128	61	64	0	151123
144	49	85	0	151131
128	68	64	0	151144
144	68	50	0	151256
144	61	58	0	151271
128	56	64	0	151319
128	49	64	0	151324
128	61	64	0	151331
128	68	64	0	151351
144	68	69	0	151438
144	61	62	0	151442
128	61	64	0	151571
128	68	64	0	151581
144	47	70	0	151637
144	56	71	0	151651
144	68	58	0	151783
144	61	63	0	151809
128	61	64	0	151877
128	68	64	0	151920
144	68	70	0	151997
144	61	71	0	152003
128	47	64	0	152028
128	56	64	0	152064
128	61	64	0	152159
144	56	74	0	152166
128	68	64	0	152177
144	49	85	0	152185
128	56	64	0	152324
144	68	61	0	152327
144	61	70	0	152330
128	49	64	0	152333
128	61	64	0	152373
128	68	64	0	152394
144	68	70	0	152484
144	61	49	0	152499
128	61	64	0	152606
128	68	64	0	152625
144	56	68	0	152657
144	50	75	0	152662
144	61	64	0	152845
144	68	64	0	152861
128	61	64	0	152904
128	68	64	0	152910
144	61	69	0	153003
144	68	64	0	153007
128	50	64	0	153024
128	56	64	0	153029
144	49	86	0	153177
128	61	64	0	153184
144	56	85	0	153189
128	68	64	0	153202
128	56	64	0	153238
128	49	64	0	153304
144	49	78	0	153675
144	56	77	0	153681
144	68	70	0	153803
144	61	60	0	153827
144	59	47	0	153842
128	56	64	0	153869
128	61	64	0	153895
128	49	64	0	153919
128	59	64	0	153933
128	68	64	0	153936
144	68	73	0	154012
144	61	56	0	154021
144	59	59	0	154025
128	68	64	0	154071
128	61	64	0	154103
128	59	64	0	154107
144	49	77	0	154141
144	56	72	0	154161
128	56	64	0	154239
128	49	64	0	154279
144	68	67	0	154302
144	61	61	0	154307
144	59	55	0	154314
128	68	64	0	154354
128	61	64	0	154360
128	59	64	0	154379
144	68	60	0	154485
144	61	60	0	154488
144	59	57	0	154491
128	68	64	0	154625
128	59	64	0	154634
128	61	64	0	154641
144	50	80	0	154648
144	56	75	0	154660
144	68	63	0	154842
144	59	59	0	154847
144	61	56	0	154850
128	68	64	0	154904
128	61	64	0	154908
128	59	64	0	154922
144	61	52	0	155006
144	68	65	0	155011
144	59	63	0	155020
128	56	64	0	155027
128	50	64	0	155034
128	59	64	0	155149
128	68	64	0	155154
128	61	64	0	155157
144	56	70	0	155182
144	49	74	0	155187
128	56	64	0	155259
128	49	64	0	155317
144	59	50	0	155327
144	61	56	0	155331
144	68	44	0	155338
128	61	64	0	155388
128	68	64	0	155405
128	59	64	0	155408
144	61	49	0	155487
144	68	61	0	155490
144	59	58	0	155497
128	68	64	0	155574
128	59	64	0	155587
128	61	64	0	155598
144	47	80	0	155683
144	56	81	0	155698
144	68	56	0	155839
144	61	49	0	155864
144	59	23	0	155879
128	68	64	0	155905
128	61	64	0	155931
128	59	64	0	155958
144	68	64	0	156058
144	59	63	0	156062
128	47	64	0	156074
144	61	63	0	156078
128	56	64	0	156118
128	59	64	0	156230
128	61	64	0	156235
128	68	64	0	156238
144	56	59	0	156263
144	49	68	0	156268
128	56	64	0	156377
144	59	64	0	156393
128	49	64	0	156399
144	68	53	0	156404
144	61	35	0	156429
128	59	64	0	156452
128	68	64	0	156463
128	61	64	0	156474
144	68	61	0	156555
144	61	61	0	156559
144	59	51	0	156569
128	68	64	0	156643
128	59	64	0	156648
128	61	64	0	156667
144	50	75	0	156750
144	56	73	0	156772
144	68	62	0	156929
144	59	60	0	156932
144	61	61	0	156935
128	68	64	0	156981
128	61	64	0	156995
128	59	64	0	157012
128	56	64	0	157089
128	50	64	0	157109
144	68	60	0	157112
144	61	60	0	157116
144	59	58	0	157119
128	61	64	0	157253
128	59	64	0	157260
144	56	82	0	157268
144	49	80	0	157274
128	68	64	0	157277
128	56	64	0	157384
128	49	64	0	157418
144	37	61	0	159953
144	49	63	0	159970
128	49	64	0	160110
128	37	64	0	160141
144	59	51	0	160169
128	59	64	0	160244
144	63	59	0	160315
144	59	54	0	160336
128	63	64	0	160385
128	59	64	0	160408
144	37	63	0	160477
144	49	62	0	160482
128	49	64	0	160559
128	37	64	0	160575
144	63	64	0	160626
144	59	57	0	160635
128	63	64	0	160678
128	59	64	0	160702
144	59	46	0	160806
144	63	47	0	160809
128	63	64	0	160877
128	59	64	0	160886
144	49	66	0	160922
144	37	65	0	160926
128	49	64	0	161045
128	37	64	0	161064
144	63	73	0	161107
144	59	65	0	161114
128	63	64	0	161170
128	59	64	0	161182
144	64	78	0	161285
144	61	36	0	161339
144	59	34	0	161363
128	61	64	0	161404
128	64	64	0	161420
128	59	64	0	161433
144	37	69	0	161459
144	49	65	0	161473
128	49	64	0	161620
128	37	64	0	161638
144	59	73	0	161650
128	59	64	0	161734
144	59	58	0	161842
144	64	75	0	161846
128	59	64	0	161963
128	64	64	0	161984
144	37	75	0	162010
144	49	77	0	162019
128	49	64	0	162148
128	37	64	0	162183
144	63	73	0	162215
144	59	51	0	162227
128	63	64	0	162270
128	59	64	0	162298
144	63	64	0	162377
144	59	59	0	162382
128	63	64	0	162501
128	59	64	0	162508
144	49	83	0	162511
144	37	78	0	162514
128	49	64	0	162640
128	37	64	0	162677
144	63	71	0	162704
144	59	49	0	162727
128	63	64	0	162753
128	59	64	0	162801
144	63	63	0	162861
144	59	70	0	162877
128	59	64	0	162964
128	63	64	0	162977
144	37	76	0	163041
144	49	80	0	163045
144	59	71	0	163067
144	62	80	0	163070
128	59	64	0	163140
128	49	64	0	163145
128	62	64	0	163153
128	37	64	0	163163
144	37	76	0	164196
144	49	79	0	164207
128	49	64	0	164342
144	59	62	0	164365
144	56	65	0	164369
128	37	64	0	164381
128	56	64	0	164418
128	59	64	0	164432
144	56	63	0	164510
144	59	64	0	164523
128	56	64	0	164630
128	59	64	0	164646
144	49	72	0	164682
144	37	67	0	164687
128	49	64	0	164803
144	59	68	0	164812
128	37	64	0	164829
144	56	44	0	164840
128	59	64	0	164882
128	56	64	0	164903
144	56	66	0	164980
144	59	59	0	164991
128	56	64	0	165077
128	59	64	0	165106
144	49	74	0	165152
144	37	70	0	165156
128	49	64	0	165287
128	37	64	0	165298
144	59	66	0	165310
144	56	47	0	165327
128	59	64	0	165375
128	56	64	0	165389
144	56	70	0	165468
144	59	64	0	165478
128	59	64	0	165578
128	56	64	0	165590
144	49	74	0	165623
144	37	71	0	165627
128	49	64	0	165748
128	37	64	0	165777
144	60	74	0	165809
144	56	66	0	165819
128	56	64	0	165871
128	60	64	0	165886
144	60	77	0	165970
144	56	59	0	165981
128	56	64	0	166101
128	60	64	0	166103
144	37	71	0	166122
144	49	73	0	166127
128	49	64	0	166242
128	37	64	0	166259
144	56	59	0	166312
144	59	60	0	166315
128	56	64	0	166369
128	59	64	0	166377
144	56	64	0	166447
144	59	71	0	166457
128	56	64	0	166587
128	59	64	0	166601
144	37	82	0	166608
144	49	86	0	166614
128	49	64	0	166763
128	37	64	0	166784
144	60	80	0	166800
144	56	47	0	166827
128	60	64	0	166859
128	56	64	0	166884
144	60	68	0	166950
144	56	79	0	166952
128	60	64	0	167001
128	56	64	0	167018
144	37	80	0	167124
144	49	82	0	167127
144	56	70	0	167137
144	61	86	0	167141
128	56	64	0	167215
128	49	64	0	167228
128	37	64	0	167236
128	61	64	0	167249
144	49	74	0	168245
144	37	67	0	168248
128	49	64	0	168373
144	52	66	0	168382
144	56	63	0	168385
128	37	64	0	168413
128	56	64	0	168433
128	52	64	0	168441
144	52	60	0	168562
144	56	41	0	168565
128	56	64	0	168644
128	52	64	0	168646
144	49	69	0	168714
144	37	63	0	168720
128	49	64	0	168801
128	37	64	0	168816
144	52	54	0	168894
144	56	55	0	168896
128	56	64	0	168952
128	52	64	0	168966
144	52	66	0	169044
144	56	41	0	169049
128	52	64	0	169141
128	56	64	0	169148
144	37	63	0	169207
144	49	64	0	169213
128	49	64	0	169283
128	37	64	0	169305
144	52	72	0	169354
144	56	61	0	169385
128	52	64	0	169501
144	53	60	0	169523
128	53	64	0	169591
128	56	64	0	169597
144	49	74	0	169677
144	37	69	0	169680
128	49	64	0	169764
128	37	64	0	169781
144	52	67	0	169849
144	56	60	0	169861
144	53	59	0	170022
128	52	64	0	170040
128	53	64	0	170095
128	56	64	0	170097
144	37	69	0	170175
144	49	73	0	170178
128	49	64	0	170256
128	37	64	0	170266
144	52	72	0	170370
144	56	60	0	170410
144	53	66	0	170539
128	52	64	0	170549
128	56	64	0	170612
128	53	64	0	170639
144	49	82	0	170698
144	37	75	0	170701
128	49	64	0	170813
128	37	64	0	170835
144	52	60	0	170869
144	56	64	0	170918
128	52	64	0	171109
144	49	88	0	171168
144	37	78	0	171175
128	56	64	0	171190
128	49	64	0	171281
128	37	64	0	171331
144	51	74	0	171389
128	51	64	0	171478
144	50	73	0	171502
144	49	86	0	171678
128	50	64	0	171687
144	37	81	0	171723
128	37	64	0	171835
128	49	64	0	171856
144	49	75	0	172206
144	37	65	0	172213
128	37	64	0	172258
128	49	64	0	172316
144	52	56	0	172342
144	56	64	0	172345
128	56	64	0	172398
128	52	64	0	172409
144	56	51	0	172516
144	52	53	0	172519
128	52	64	0	172609
128	56	64	0	172613
144	49	58	0	172707
144	37	55	0	172710
128	49	64	0	172785
128	37	64	0	172795
144	56	61	0	172845
144	52	49	0	172853
128	56	64	0	172898
128	52	64	0	172931
144	52	53	0	173024
144	56	40	0	173045
128	56	64	0	173113
128	52	64	0	173124
144	37	69	0	173193
144	49	68	0	173201
128	49	64	0	173292
144	52	67	0	173310
128	37	64	0	173325
144	56	67	0	173337
144	53	74	0	173488
128	52	64	0	173504
128	56	64	0	173615
128	53	64	0	173619
144	37	72	0	173680
144	49	77	0	173684
128	49	64	0	173758
128	37	64	0	173776
144	52	80	0	173825
144	56	77	0	173847
144	53	65	0	174010
128	52	64	0	174054
128	53	64	0	174098
128	56	64	0	174108
144	37	76	0	174182
144	49	75	0	174190
128	49	64	0	174263
128	37	64	0	174302
144	52	78	0	174351
144	56	68	0	174365
144	53	69	0	174514
128	52	64	0	174543
128	56	64	0	174618
128	53	64	0	174641
144	37	77	0	174718
144	49	80	0	174721
128	49	64	0	174805
128	37	64	0	174822
144	52	76	0	174861
144	56	64	0	174889
144	53	74	0	175053
128	52	64	0	175071
128	56	64	0	175124
128	53	64	0	175202
144	37	82	0	175228
144	49	88	0	175232
128	49	64	0	175334
128	37	64	0	175355
144	52	75	0	175408
144	51	69	0	175543
128	52	64	0	175560
144	50	78	0	175653
128	51	64	0	175656
144	49	96	0	175778
128	50	64	0	175805
144	37	78	0	175820
128	49	64	0	175927
128	37	64	0	175941
144	37	70	0	176349
144	49	62	0	176367
128	49	64	0	176427
144	50	55	0	176454
128	37	64	0	176510
144	49	64	0	176591
128	50	64	0	176598
128	49	64	0	176735
144	47	69	0	176805
128	47	64	0	176920
144	49	64	0	176923
128	49	64	0	177091
144	47	58	0	177099
128	47	64	0	177237
144	45	58	0	177272
128	45	64	0	177375
144	47	58	0	177420
128	47	64	0	177550
144	45	58	0	177583
128	45	64	0	177728
144	44	84	0	177748
128	44	64	0	177860
144	49	81	0	178276
144	37	75	0	178284
128	49	64	0	178422
128	37	64	0	178440
144	51	71	0	178458
128	51	64	0	178523
144	52	64	0	178573
128	52	64	0	178662
144	54	76	0	178777
128	54	64	0	178910
144	55	75	0	178960
128	55	64	0	179059
144	56	75	0	179124
128	56	64	0	179287
144	58	73	0	179302
128	58	64	0	179475
144	59	77	0	179489
144	60	78	0	179665
128	59	64	0	179673
144	61	103	0	179838
128	60	64	0	179873
128	61	64	0	179957
